LabVIEW Measurement	
Writer_Version	2
Reader_Version	2
Separator	Tab
Decimal_Separator	.
Multi_Headings	No
X_Columns	One
Time_Pref	Relative
Operator	MSE_SETUP10
Date	2025/03/17
Time	13:56:45.95574188232421875
***End_of_Header***	
	
Channels	2		
Samples	5000	5000	
Date	1903/12/31	1903/12/31	
Time	18:00:00	18:00:00	
X_Dimension	Time	Time	
X0	0.0000000000000000E+0	0.0000000000000000E+0	
Delta_X	0.100000	0.100000	
***End_of_Header***			
X_Value	FRF Magnitude 1	FRF Phase 1	Comment
0.000000	NaN	NaN
0.100000	NaN	NaN
0.200000	NaN	NaN
0.300000	NaN	NaN
0.400000	NaN	NaN
0.500000	1.112564	-0.053305
0.600000	NaN	NaN
0.700000	NaN	NaN
0.800000	NaN	NaN
0.900000	NaN	NaN
1.000000	NaN	NaN
1.100000	NaN	NaN
1.200000	NaN	NaN
1.300000	NaN	NaN
1.400000	NaN	NaN
1.500000	1.399756	-0.132344
1.600000	NaN	NaN
1.700000	NaN	NaN
1.800000	NaN	NaN
1.900000	NaN	NaN
2.000000	NaN	NaN
2.100000	NaN	NaN
2.200000	NaN	NaN
2.300000	NaN	NaN
2.400000	NaN	NaN
2.500000	1.342359	-0.169442
2.600000	NaN	NaN
2.700000	NaN	NaN
2.800000	NaN	NaN
2.900000	NaN	NaN
3.000000	NaN	NaN
3.100000	NaN	NaN
3.200000	NaN	NaN
3.300000	NaN	NaN
3.400000	NaN	NaN
3.500000	1.767729	-0.307908
3.600000	NaN	NaN
3.700000	NaN	NaN
3.800000	NaN	NaN
3.900000	NaN	NaN
4.000000	NaN	NaN
4.100000	NaN	NaN
4.200000	NaN	NaN
4.300000	NaN	NaN
4.400000	NaN	NaN
4.500000	2.111830	-0.793271
4.600000	NaN	NaN
4.700000	NaN	NaN
4.800000	NaN	NaN
4.900000	NaN	NaN
5.000000	NaN	NaN
5.100000	NaN	NaN
5.200000	NaN	NaN
5.300000	NaN	NaN
5.400000	NaN	NaN
5.500000	8.842149	-1.764771
5.600000	NaN	NaN
5.700000	NaN	NaN
5.800000	NaN	NaN
5.900000	NaN	NaN
6.000000	NaN	NaN
6.100000	NaN	NaN
6.200000	NaN	NaN
6.300000	NaN	NaN
6.400000	NaN	NaN
6.500000	1.502601	-1.949208
6.600000	NaN	NaN
6.700000	NaN	NaN
6.800000	NaN	NaN
6.900000	NaN	NaN
7.000000	NaN	NaN
7.100000	NaN	NaN
7.200000	NaN	NaN
7.300000	NaN	NaN
7.400000	NaN	NaN
7.500000	1.616781	-2.527968
7.600000	NaN	NaN
7.700000	NaN	NaN
7.800000	NaN	NaN
7.900000	NaN	NaN
8.000000	NaN	NaN
8.100000	NaN	NaN
8.200000	NaN	NaN
8.300000	NaN	NaN
8.400000	NaN	NaN
8.500000	0.560428	-3.119000
8.600000	NaN	NaN
8.700000	NaN	NaN
8.800000	NaN	NaN
8.900000	NaN	NaN
9.000000	NaN	NaN
9.100000	NaN	NaN
9.200000	NaN	NaN
9.300000	NaN	NaN
9.400000	NaN	NaN
9.500000	0.455140	2.798813
9.600000	NaN	NaN
9.700000	NaN	NaN
9.800000	NaN	NaN
9.900000	NaN	NaN
10.000000	NaN	NaN
10.100000	NaN	NaN
10.200000	NaN	NaN
10.300000	NaN	NaN
10.400000	NaN	NaN
10.500000	0.022357	3.082004
10.600000	NaN	NaN
10.700000	NaN	NaN
10.800000	NaN	NaN
10.900000	NaN	NaN
11.000000	NaN	NaN
11.100000	NaN	NaN
11.200000	NaN	NaN
11.300000	NaN	NaN
11.400000	NaN	NaN
11.500000	0.539184	-2.173295
11.600000	NaN	NaN
11.700000	NaN	NaN
11.800000	NaN	NaN
11.900000	NaN	NaN
12.000000	NaN	NaN
12.100000	NaN	NaN
12.200000	NaN	NaN
12.300000	NaN	NaN
12.400000	NaN	NaN
12.500000	0.464471	-2.318300
12.600000	NaN	NaN
12.700000	NaN	NaN
12.800000	NaN	NaN
12.900000	NaN	NaN
13.000000	NaN	NaN
13.100000	NaN	NaN
13.200000	NaN	NaN
13.300000	NaN	NaN
13.400000	NaN	NaN
13.500000	0.518356	-2.573275
13.600000	NaN	NaN
13.700000	NaN	NaN
13.800000	NaN	NaN
13.900000	NaN	NaN
14.000000	NaN	NaN
14.100000	NaN	NaN
14.200000	NaN	NaN
14.300000	NaN	NaN
14.400000	NaN	NaN
14.500000	0.315508	2.667494
14.600000	NaN	NaN
14.700000	NaN	NaN
14.800000	NaN	NaN
14.900000	NaN	NaN
15.000000	NaN	NaN
15.100000	NaN	NaN
15.200000	NaN	NaN
15.300000	NaN	NaN
15.400000	NaN	NaN
15.500000	0.209976	3.059408
15.600000	NaN	NaN
15.700000	NaN	NaN
15.800000	NaN	NaN
15.900000	NaN	NaN
16.000000	NaN	NaN
16.100000	NaN	NaN
16.200000	NaN	NaN
16.300000	NaN	NaN
16.400000	NaN	NaN
16.500000	0.029671	2.982612
16.600000	NaN	NaN
16.700000	NaN	NaN
16.800000	NaN	NaN
16.900000	NaN	NaN
17.000000	NaN	NaN
17.100000	NaN	NaN
17.200000	NaN	NaN
17.300000	NaN	NaN
17.400000	NaN	NaN
17.500000	0.195757	3.044041
17.600000	NaN	NaN
17.700000	NaN	NaN
17.800000	NaN	NaN
17.900000	NaN	NaN
18.000000	NaN	NaN
18.100000	NaN	NaN
18.200000	NaN	NaN
18.300000	NaN	NaN
18.400000	NaN	NaN
18.500000	0.313091	2.997709
18.600000	NaN	NaN
18.700000	NaN	NaN
18.800000	NaN	NaN
18.900000	NaN	NaN
19.000000	NaN	NaN
19.100000	NaN	NaN
19.200000	NaN	NaN
19.300000	NaN	NaN
19.400000	NaN	NaN
19.500000	0.105976	3.134540
19.600000	NaN	NaN
19.700000	NaN	NaN
19.800000	NaN	NaN
19.900000	NaN	NaN
20.000000	NaN	NaN
20.100000	NaN	NaN
20.200000	NaN	NaN
20.300000	NaN	NaN
20.400000	NaN	NaN
20.500000	0.169793	2.376338
20.600000	NaN	NaN
20.700000	NaN	NaN
20.800000	NaN	NaN
20.900000	NaN	NaN
21.000000	NaN	NaN
21.100000	NaN	NaN
21.200000	NaN	NaN
21.300000	NaN	NaN
21.400000	NaN	NaN
21.500000	0.081439	2.208977
21.600000	NaN	NaN
21.700000	NaN	NaN
21.800000	NaN	NaN
21.900000	NaN	NaN
22.000000	NaN	NaN
22.100000	NaN	NaN
22.200000	NaN	NaN
22.300000	NaN	NaN
22.400000	NaN	NaN
22.500000	0.201465	2.436602
22.600000	NaN	NaN
22.700000	NaN	NaN
22.800000	NaN	NaN
22.900000	NaN	NaN
23.000000	NaN	NaN
23.100000	NaN	NaN
23.200000	NaN	NaN
23.300000	NaN	NaN
23.400000	NaN	NaN
23.500000	0.022156	1.890248
23.600000	NaN	NaN
23.700000	NaN	NaN
23.800000	NaN	NaN
23.900000	NaN	NaN
24.000000	NaN	NaN
24.100000	NaN	NaN
24.200000	NaN	NaN
24.300000	NaN	NaN
24.400000	NaN	NaN
24.500000	0.085163	2.742114
24.600000	NaN	NaN
24.700000	NaN	NaN
24.800000	NaN	NaN
24.900000	NaN	NaN
25.000000	NaN	NaN
25.100000	NaN	NaN
25.200000	NaN	NaN
25.300000	NaN	NaN
25.400000	NaN	NaN
25.500000	0.053928	-1.511962
25.600000	NaN	NaN
25.700000	NaN	NaN
25.800000	NaN	NaN
25.900000	NaN	NaN
26.000000	NaN	NaN
26.100000	NaN	NaN
26.200000	NaN	NaN
26.300000	NaN	NaN
26.400000	NaN	NaN
26.500000	0.212554	2.746220
26.600000	NaN	NaN
26.700000	NaN	NaN
26.800000	NaN	NaN
26.900000	NaN	NaN
27.000000	NaN	NaN
27.100000	NaN	NaN
27.200000	NaN	NaN
27.300000	NaN	NaN
27.400000	NaN	NaN
27.500000	0.108493	-0.814896
27.600000	NaN	NaN
27.700000	NaN	NaN
27.800000	NaN	NaN
27.900000	NaN	NaN
28.000000	NaN	NaN
28.100000	NaN	NaN
28.200000	NaN	NaN
28.300000	NaN	NaN
28.400000	NaN	NaN
28.500000	0.187290	2.968097
28.600000	NaN	NaN
28.700000	NaN	NaN
28.800000	NaN	NaN
28.900000	NaN	NaN
29.000000	NaN	NaN
29.100000	NaN	NaN
29.200000	NaN	NaN
29.300000	NaN	NaN
29.400000	NaN	NaN
29.500000	0.027141	1.319817
29.600000	NaN	NaN
29.700000	NaN	NaN
29.800000	NaN	NaN
29.900000	NaN	NaN
30.000000	NaN	NaN
30.100000	NaN	NaN
30.200000	NaN	NaN
30.300000	NaN	NaN
30.400000	NaN	NaN
30.500000	0.211203	2.672125
30.600000	NaN	NaN
30.700000	NaN	NaN
30.800000	NaN	NaN
30.900000	NaN	NaN
31.000000	NaN	NaN
31.100000	NaN	NaN
31.200000	NaN	NaN
31.300000	NaN	NaN
31.400000	NaN	NaN
31.500000	0.107096	-0.174785
31.600000	NaN	NaN
31.700000	NaN	NaN
31.800000	NaN	NaN
31.900000	NaN	NaN
32.000000	NaN	NaN
32.100000	NaN	NaN
32.200000	NaN	NaN
32.300000	NaN	NaN
32.400000	NaN	NaN
32.500000	0.300643	3.076380
32.600000	NaN	NaN
32.700000	NaN	NaN
32.800000	NaN	NaN
32.900000	NaN	NaN
33.000000	NaN	NaN
33.100000	NaN	NaN
33.200000	NaN	NaN
33.300000	NaN	NaN
33.400000	NaN	NaN
33.500000	0.067703	-0.773134
33.600000	NaN	NaN
33.700000	NaN	NaN
33.800000	NaN	NaN
33.900000	NaN	NaN
34.000000	NaN	NaN
34.100000	NaN	NaN
34.200000	NaN	NaN
34.300000	NaN	NaN
34.400000	NaN	NaN
34.500000	0.258137	2.729097
34.600000	NaN	NaN
34.700000	NaN	NaN
34.800000	NaN	NaN
34.900000	NaN	NaN
35.000000	NaN	NaN
35.100000	NaN	NaN
35.200000	NaN	NaN
35.300000	NaN	NaN
35.400000	NaN	NaN
35.500000	0.084092	-1.848120
35.600000	NaN	NaN
35.700000	NaN	NaN
35.800000	NaN	NaN
35.900000	NaN	NaN
36.000000	NaN	NaN
36.100000	NaN	NaN
36.200000	NaN	NaN
36.300000	NaN	NaN
36.400000	NaN	NaN
36.500000	0.253132	2.418344
36.600000	NaN	NaN
36.700000	NaN	NaN
36.800000	NaN	NaN
36.900000	NaN	NaN
37.000000	NaN	NaN
37.100000	NaN	NaN
37.200000	NaN	NaN
37.300000	NaN	NaN
37.400000	NaN	NaN
37.500000	0.194312	0.229611
37.600000	NaN	NaN
37.700000	NaN	NaN
37.800000	NaN	NaN
37.900000	NaN	NaN
38.000000	NaN	NaN
38.100000	NaN	NaN
38.200000	NaN	NaN
38.300000	NaN	NaN
38.400000	NaN	NaN
38.500000	0.179661	2.171588
38.600000	NaN	NaN
38.700000	NaN	NaN
38.800000	NaN	NaN
38.900000	NaN	NaN
39.000000	NaN	NaN
39.100000	NaN	NaN
39.200000	NaN	NaN
39.300000	NaN	NaN
39.400000	NaN	NaN
39.500000	0.034488	0.430682
39.600000	NaN	NaN
39.700000	NaN	NaN
39.800000	NaN	NaN
39.900000	NaN	NaN
40.000000	NaN	NaN
40.100000	NaN	NaN
40.200000	NaN	NaN
40.300000	NaN	NaN
40.400000	NaN	NaN
40.500000	0.045219	-1.798793
40.600000	NaN	NaN
40.700000	NaN	NaN
40.800000	NaN	NaN
40.900000	NaN	NaN
41.000000	NaN	NaN
41.100000	NaN	NaN
41.200000	NaN	NaN
41.300000	NaN	NaN
41.400000	NaN	NaN
41.500000	0.154261	0.555339
41.600000	NaN	NaN
41.700000	NaN	NaN
41.800000	NaN	NaN
41.900000	NaN	NaN
42.000000	NaN	NaN
42.100000	NaN	NaN
42.200000	NaN	NaN
42.300000	NaN	NaN
42.400000	NaN	NaN
42.500000	0.248980	-2.948303
42.600000	NaN	NaN
42.700000	NaN	NaN
42.800000	NaN	NaN
42.900000	NaN	NaN
43.000000	NaN	NaN
43.100000	NaN	NaN
43.200000	NaN	NaN
43.300000	NaN	NaN
43.400000	NaN	NaN
43.500000	0.043105	0.020232
43.600000	NaN	NaN
43.700000	NaN	NaN
43.800000	NaN	NaN
43.900000	NaN	NaN
44.000000	NaN	NaN
44.100000	NaN	NaN
44.200000	NaN	NaN
44.300000	NaN	NaN
44.400000	NaN	NaN
44.500000	0.362983	2.368093
44.600000	NaN	NaN
44.700000	NaN	NaN
44.800000	NaN	NaN
44.900000	NaN	NaN
45.000000	NaN	NaN
45.100000	NaN	NaN
45.200000	NaN	NaN
45.300000	NaN	NaN
45.400000	NaN	NaN
45.500000	0.139918	-1.395612
45.600000	NaN	NaN
45.700000	NaN	NaN
45.800000	NaN	NaN
45.900000	NaN	NaN
46.000000	NaN	NaN
46.100000	NaN	NaN
46.200000	NaN	NaN
46.300000	NaN	NaN
46.400000	NaN	NaN
46.500000	0.076350	2.284244
46.600000	NaN	NaN
46.700000	NaN	NaN
46.800000	NaN	NaN
46.900000	NaN	NaN
47.000000	NaN	NaN
47.100000	NaN	NaN
47.200000	NaN	NaN
47.300000	NaN	NaN
47.400000	NaN	NaN
47.500000	0.128604	0.155780
47.600000	NaN	NaN
47.700000	NaN	NaN
47.800000	NaN	NaN
47.900000	NaN	NaN
48.000000	NaN	NaN
48.100000	NaN	NaN
48.200000	NaN	NaN
48.300000	NaN	NaN
48.400000	NaN	NaN
48.500000	0.209145	2.677886
48.600000	NaN	NaN
48.700000	NaN	NaN
48.800000	NaN	NaN
48.900000	NaN	NaN
49.000000	NaN	NaN
49.100000	NaN	NaN
49.200000	NaN	NaN
49.300000	NaN	NaN
49.400000	NaN	NaN
49.500000	0.290388	-0.431284
49.600000	NaN	NaN
49.700000	NaN	NaN
49.800000	NaN	NaN
49.900000	NaN	NaN
50.000000	NaN	NaN
50.100000	NaN	NaN
50.200000	NaN	NaN
50.300000	NaN	NaN
50.400000	NaN	NaN
50.500000	0.597159	2.157415
50.600000	NaN	NaN
50.700000	NaN	NaN
50.800000	NaN	NaN
50.900000	NaN	NaN
51.000000	NaN	NaN
51.100000	NaN	NaN
51.200000	NaN	NaN
51.300000	NaN	NaN
51.400000	NaN	NaN
51.500000	0.143129	-1.136359
51.600000	NaN	NaN
51.700000	NaN	NaN
51.800000	NaN	NaN
51.900000	NaN	NaN
52.000000	NaN	NaN
52.100000	NaN	NaN
52.200000	NaN	NaN
52.300000	NaN	NaN
52.400000	NaN	NaN
52.500000	0.490611	-3.114764
52.600000	NaN	NaN
52.700000	NaN	NaN
52.800000	NaN	NaN
52.900000	NaN	NaN
53.000000	NaN	NaN
53.100000	NaN	NaN
53.200000	NaN	NaN
53.300000	NaN	NaN
53.400000	NaN	NaN
53.500000	0.116668	0.008603
53.600000	NaN	NaN
53.700000	NaN	NaN
53.800000	NaN	NaN
53.900000	NaN	NaN
54.000000	NaN	NaN
54.100000	NaN	NaN
54.200000	NaN	NaN
54.300000	NaN	NaN
54.400000	NaN	NaN
54.500000	0.628602	2.819564
54.600000	NaN	NaN
54.700000	NaN	NaN
54.800000	NaN	NaN
54.900000	NaN	NaN
55.000000	NaN	NaN
55.100000	NaN	NaN
55.200000	NaN	NaN
55.300000	NaN	NaN
55.400000	NaN	NaN
55.500000	0.384606	0.430511
55.600000	NaN	NaN
55.700000	NaN	NaN
55.800000	NaN	NaN
55.900000	NaN	NaN
56.000000	NaN	NaN
56.100000	NaN	NaN
56.200000	NaN	NaN
56.300000	NaN	NaN
56.400000	NaN	NaN
56.500000	0.813661	2.838448
56.600000	NaN	NaN
56.700000	NaN	NaN
56.800000	NaN	NaN
56.900000	NaN	NaN
57.000000	NaN	NaN
57.100000	NaN	NaN
57.200000	NaN	NaN
57.300000	NaN	NaN
57.400000	NaN	NaN
57.500000	0.084084	1.902193
57.600000	NaN	NaN
57.700000	NaN	NaN
57.800000	NaN	NaN
57.900000	NaN	NaN
58.000000	NaN	NaN
58.100000	NaN	NaN
58.200000	NaN	NaN
58.300000	NaN	NaN
58.400000	NaN	NaN
58.500000	0.458921	-3.040250
58.600000	NaN	NaN
58.700000	NaN	NaN
58.800000	NaN	NaN
58.900000	NaN	NaN
59.000000	NaN	NaN
59.100000	NaN	NaN
59.200000	NaN	NaN
59.300000	NaN	NaN
59.400000	NaN	NaN
59.500000	0.352205	1.538786
59.600000	NaN	NaN
59.700000	NaN	NaN
59.800000	NaN	NaN
59.900000	NaN	NaN
60.000000	NaN	NaN
60.100000	NaN	NaN
60.200000	NaN	NaN
60.300000	NaN	NaN
60.400000	NaN	NaN
60.500000	0.582555	2.408142
60.600000	NaN	NaN
60.700000	NaN	NaN
60.800000	NaN	NaN
60.900000	NaN	NaN
61.000000	NaN	NaN
61.100000	NaN	NaN
61.200000	NaN	NaN
61.300000	NaN	NaN
61.400000	NaN	NaN
61.500000	0.448666	1.216224
61.600000	NaN	NaN
61.700000	NaN	NaN
61.800000	NaN	NaN
61.900000	NaN	NaN
62.000000	NaN	NaN
62.100000	NaN	NaN
62.200000	NaN	NaN
62.300000	NaN	NaN
62.400000	NaN	NaN
62.500000	0.417712	1.901101
62.600000	NaN	NaN
62.700000	NaN	NaN
62.800000	NaN	NaN
62.900000	NaN	NaN
63.000000	NaN	NaN
63.100000	NaN	NaN
63.200000	NaN	NaN
63.300000	NaN	NaN
63.400000	NaN	NaN
63.500000	0.167669	-0.109452
63.600000	NaN	NaN
63.700000	NaN	NaN
63.800000	NaN	NaN
63.900000	NaN	NaN
64.000000	NaN	NaN
64.100000	NaN	NaN
64.200000	NaN	NaN
64.300000	NaN	NaN
64.400000	NaN	NaN
64.500000	0.580844	2.761860
64.600000	NaN	NaN
64.700000	NaN	NaN
64.800000	NaN	NaN
64.900000	NaN	NaN
65.000000	NaN	NaN
65.100000	NaN	NaN
65.200000	NaN	NaN
65.300000	NaN	NaN
65.400000	NaN	NaN
65.500000	0.161075	0.260798
65.600000	NaN	NaN
65.700000	NaN	NaN
65.800000	NaN	NaN
65.900000	NaN	NaN
66.000000	NaN	NaN
66.100000	NaN	NaN
66.200000	NaN	NaN
66.300000	NaN	NaN
66.400000	NaN	NaN
66.500000	0.609801	1.969515
66.600000	NaN	NaN
66.700000	NaN	NaN
66.800000	NaN	NaN
66.900000	NaN	NaN
67.000000	NaN	NaN
67.100000	NaN	NaN
67.200000	NaN	NaN
67.300000	NaN	NaN
67.400000	NaN	NaN
67.500000	0.233228	0.765728
67.600000	NaN	NaN
67.700000	NaN	NaN
67.800000	NaN	NaN
67.900000	NaN	NaN
68.000000	NaN	NaN
68.100000	NaN	NaN
68.200000	NaN	NaN
68.300000	NaN	NaN
68.400000	NaN	NaN
68.500000	0.952431	2.086199
68.600000	NaN	NaN
68.700000	NaN	NaN
68.800000	NaN	NaN
68.900000	NaN	NaN
69.000000	NaN	NaN
69.100000	NaN	NaN
69.200000	NaN	NaN
69.300000	NaN	NaN
69.400000	NaN	NaN
69.500000	0.425550	0.408961
69.600000	NaN	NaN
69.700000	NaN	NaN
69.800000	NaN	NaN
69.900000	NaN	NaN
70.000000	NaN	NaN
70.100000	NaN	NaN
70.200000	NaN	NaN
70.300000	NaN	NaN
70.400000	NaN	NaN
70.500000	0.645843	1.644177
70.600000	NaN	NaN
70.700000	NaN	NaN
70.800000	NaN	NaN
70.900000	NaN	NaN
71.000000	NaN	NaN
71.100000	NaN	NaN
71.200000	NaN	NaN
71.300000	NaN	NaN
71.400000	NaN	NaN
71.500000	0.513671	0.023596
71.600000	NaN	NaN
71.700000	NaN	NaN
71.800000	NaN	NaN
71.900000	NaN	NaN
72.000000	NaN	NaN
72.100000	NaN	NaN
72.200000	NaN	NaN
72.300000	NaN	NaN
72.400000	NaN	NaN
72.500000	0.621204	2.812276
72.600000	NaN	NaN
72.700000	NaN	NaN
72.800000	NaN	NaN
72.900000	NaN	NaN
73.000000	NaN	NaN
73.100000	NaN	NaN
73.200000	NaN	NaN
73.300000	NaN	NaN
73.400000	NaN	NaN
73.500000	0.506921	-0.158515
73.600000	NaN	NaN
73.700000	NaN	NaN
73.800000	NaN	NaN
73.900000	NaN	NaN
74.000000	NaN	NaN
74.100000	NaN	NaN
74.200000	NaN	NaN
74.300000	NaN	NaN
74.400000	NaN	NaN
74.500000	0.653438	3.120588
74.600000	NaN	NaN
74.700000	NaN	NaN
74.800000	NaN	NaN
74.900000	NaN	NaN
75.000000	NaN	NaN
75.100000	NaN	NaN
75.200000	NaN	NaN
75.300000	NaN	NaN
75.400000	NaN	NaN
75.500000	0.339613	1.179899
75.600000	NaN	NaN
75.700000	NaN	NaN
75.800000	NaN	NaN
75.900000	NaN	NaN
76.000000	NaN	NaN
76.100000	NaN	NaN
76.200000	NaN	NaN
76.300000	NaN	NaN
76.400000	NaN	NaN
76.500000	1.252948	2.480487
76.600000	NaN	NaN
76.700000	NaN	NaN
76.800000	NaN	NaN
76.900000	NaN	NaN
77.000000	NaN	NaN
77.100000	NaN	NaN
77.200000	NaN	NaN
77.300000	NaN	NaN
77.400000	NaN	NaN
77.500000	0.247740	2.538100
77.600000	NaN	NaN
77.700000	NaN	NaN
77.800000	NaN	NaN
77.900000	NaN	NaN
78.000000	NaN	NaN
78.100000	NaN	NaN
78.200000	NaN	NaN
78.300000	NaN	NaN
78.400000	NaN	NaN
78.500000	0.234702	-3.104451
78.600000	NaN	NaN
78.700000	NaN	NaN
78.800000	NaN	NaN
78.900000	NaN	NaN
79.000000	NaN	NaN
79.100000	NaN	NaN
79.200000	NaN	NaN
79.300000	NaN	NaN
79.400000	NaN	NaN
79.500000	0.321243	0.949550
79.600000	NaN	NaN
79.700000	NaN	NaN
79.800000	NaN	NaN
79.900000	NaN	NaN
80.000000	NaN	NaN
80.100000	NaN	NaN
80.200000	NaN	NaN
80.300000	NaN	NaN
80.400000	NaN	NaN
80.500000	0.757192	0.732360
80.600000	NaN	NaN
80.700000	NaN	NaN
80.800000	NaN	NaN
80.900000	NaN	NaN
81.000000	NaN	NaN
81.100000	NaN	NaN
81.200000	NaN	NaN
81.300000	NaN	NaN
81.400000	NaN	NaN
81.500000	0.440985	0.318877
81.600000	NaN	NaN
81.700000	NaN	NaN
81.800000	NaN	NaN
81.900000	NaN	NaN
82.000000	NaN	NaN
82.100000	NaN	NaN
82.200000	NaN	NaN
82.300000	NaN	NaN
82.400000	NaN	NaN
82.500000	1.145328	2.710778
82.600000	NaN	NaN
82.700000	NaN	NaN
82.800000	NaN	NaN
82.900000	NaN	NaN
83.000000	NaN	NaN
83.100000	NaN	NaN
83.200000	NaN	NaN
83.300000	NaN	NaN
83.400000	NaN	NaN
83.500000	0.340808	-1.352431
83.600000	NaN	NaN
83.700000	NaN	NaN
83.800000	NaN	NaN
83.900000	NaN	NaN
84.000000	NaN	NaN
84.100000	NaN	NaN
84.200000	NaN	NaN
84.300000	NaN	NaN
84.400000	NaN	NaN
84.500000	0.855496	2.020704
84.600000	NaN	NaN
84.700000	NaN	NaN
84.800000	NaN	NaN
84.900000	NaN	NaN
85.000000	NaN	NaN
85.100000	NaN	NaN
85.200000	NaN	NaN
85.300000	NaN	NaN
85.400000	NaN	NaN
85.500000	0.480986	-0.926865
85.600000	NaN	NaN
85.700000	NaN	NaN
85.800000	NaN	NaN
85.900000	NaN	NaN
86.000000	NaN	NaN
86.100000	NaN	NaN
86.200000	NaN	NaN
86.300000	NaN	NaN
86.400000	NaN	NaN
86.500000	0.418292	-3.096030
86.600000	NaN	NaN
86.700000	NaN	NaN
86.800000	NaN	NaN
86.900000	NaN	NaN
87.000000	NaN	NaN
87.100000	NaN	NaN
87.200000	NaN	NaN
87.300000	NaN	NaN
87.400000	NaN	NaN
87.500000	0.255491	0.877260
87.600000	NaN	NaN
87.700000	NaN	NaN
87.800000	NaN	NaN
87.900000	NaN	NaN
88.000000	NaN	NaN
88.100000	NaN	NaN
88.200000	NaN	NaN
88.300000	NaN	NaN
88.400000	NaN	NaN
88.500000	1.096737	2.846172
88.600000	NaN	NaN
88.700000	NaN	NaN
88.800000	NaN	NaN
88.900000	NaN	NaN
89.000000	NaN	NaN
89.100000	NaN	NaN
89.200000	NaN	NaN
89.300000	NaN	NaN
89.400000	NaN	NaN
89.500000	0.205488	1.266431
89.600000	NaN	NaN
89.700000	NaN	NaN
89.800000	NaN	NaN
89.900000	NaN	NaN
90.000000	NaN	NaN
90.100000	NaN	NaN
90.200000	NaN	NaN
90.300000	NaN	NaN
90.400000	NaN	NaN
90.500000	0.811888	2.619037
90.600000	NaN	NaN
90.700000	NaN	NaN
90.800000	NaN	NaN
90.900000	NaN	NaN
91.000000	NaN	NaN
91.100000	NaN	NaN
91.200000	NaN	NaN
91.300000	NaN	NaN
91.400000	NaN	NaN
91.500000	0.917239	0.936295
91.600000	NaN	NaN
91.700000	NaN	NaN
91.800000	NaN	NaN
91.900000	NaN	NaN
92.000000	NaN	NaN
92.100000	NaN	NaN
92.200000	NaN	NaN
92.300000	NaN	NaN
92.400000	NaN	NaN
92.500000	0.516728	2.487682
92.600000	NaN	NaN
92.700000	NaN	NaN
92.800000	NaN	NaN
92.900000	NaN	NaN
93.000000	NaN	NaN
93.100000	NaN	NaN
93.200000	NaN	NaN
93.300000	NaN	NaN
93.400000	NaN	NaN
93.500000	0.680622	0.281347
93.600000	NaN	NaN
93.700000	NaN	NaN
93.800000	NaN	NaN
93.900000	NaN	NaN
94.000000	NaN	NaN
94.100000	NaN	NaN
94.200000	NaN	NaN
94.300000	NaN	NaN
94.400000	NaN	NaN
94.500000	1.230394	-0.731725
94.600000	NaN	NaN
94.700000	NaN	NaN
94.800000	NaN	NaN
94.900000	NaN	NaN
95.000000	NaN	NaN
95.100000	NaN	NaN
95.200000	NaN	NaN
95.300000	NaN	NaN
95.400000	NaN	NaN
95.500000	0.925817	-0.373548
95.600000	NaN	NaN
95.700000	NaN	NaN
95.800000	NaN	NaN
95.900000	NaN	NaN
96.000000	NaN	NaN
96.100000	NaN	NaN
96.200000	NaN	NaN
96.300000	NaN	NaN
96.400000	NaN	NaN
96.500000	0.325833	-0.536014
96.600000	NaN	NaN
96.700000	NaN	NaN
96.800000	NaN	NaN
96.900000	NaN	NaN
97.000000	NaN	NaN
97.100000	NaN	NaN
97.200000	NaN	NaN
97.300000	NaN	NaN
97.400000	NaN	NaN
97.500000	0.196047	-0.351746
97.600000	NaN	NaN
97.700000	NaN	NaN
97.800000	NaN	NaN
97.900000	NaN	NaN
98.000000	NaN	NaN
98.100000	NaN	NaN
98.200000	NaN	NaN
98.300000	NaN	NaN
98.400000	NaN	NaN
98.500000	1.420960	-2.895317
98.600000	NaN	NaN
98.700000	NaN	NaN
98.800000	NaN	NaN
98.900000	NaN	NaN
99.000000	NaN	NaN
99.100000	NaN	NaN
99.200000	NaN	NaN
99.300000	NaN	NaN
99.400000	NaN	NaN
99.500000	0.561377	-0.587171
99.600000	NaN	NaN
99.700000	NaN	NaN
99.800000	NaN	NaN
99.900000	NaN	NaN
100.000000	NaN	NaN
100.100000	NaN	NaN
100.200000	NaN	NaN
100.300000	NaN	NaN
100.400000	NaN	NaN
100.500000	0.806126	2.999203
100.600000	NaN	NaN
100.700000	NaN	NaN
100.800000	NaN	NaN
100.900000	NaN	NaN
101.000000	NaN	NaN
101.100000	NaN	NaN
101.200000	NaN	NaN
101.300000	NaN	NaN
101.400000	NaN	NaN
101.500000	0.261734	-0.071034
101.600000	NaN	NaN
101.700000	NaN	NaN
101.800000	NaN	NaN
101.900000	NaN	NaN
102.000000	NaN	NaN
102.100000	NaN	NaN
102.200000	NaN	NaN
102.300000	NaN	NaN
102.400000	NaN	NaN
102.500000	0.296127	1.895365
102.600000	NaN	NaN
102.700000	NaN	NaN
102.800000	NaN	NaN
102.900000	NaN	NaN
103.000000	NaN	NaN
103.100000	NaN	NaN
103.200000	NaN	NaN
103.300000	NaN	NaN
103.400000	NaN	NaN
103.500000	0.235015	1.730453
103.600000	NaN	NaN
103.700000	NaN	NaN
103.800000	NaN	NaN
103.900000	NaN	NaN
104.000000	NaN	NaN
104.100000	NaN	NaN
104.200000	NaN	NaN
104.300000	NaN	NaN
104.400000	NaN	NaN
104.500000	1.722293	2.847436
104.600000	NaN	NaN
104.700000	NaN	NaN
104.800000	NaN	NaN
104.900000	NaN	NaN
105.000000	NaN	NaN
105.100000	NaN	NaN
105.200000	NaN	NaN
105.300000	NaN	NaN
105.400000	NaN	NaN
105.500000	0.187144	-0.141295
105.600000	NaN	NaN
105.700000	NaN	NaN
105.800000	NaN	NaN
105.900000	NaN	NaN
106.000000	NaN	NaN
106.100000	NaN	NaN
106.200000	NaN	NaN
106.300000	NaN	NaN
106.400000	NaN	NaN
106.500000	1.150757	-2.586137
106.600000	NaN	NaN
106.700000	NaN	NaN
106.800000	NaN	NaN
106.900000	NaN	NaN
107.000000	NaN	NaN
107.100000	NaN	NaN
107.200000	NaN	NaN
107.300000	NaN	NaN
107.400000	NaN	NaN
107.500000	0.412051	-1.461823
107.600000	NaN	NaN
107.700000	NaN	NaN
107.800000	NaN	NaN
107.900000	NaN	NaN
108.000000	NaN	NaN
108.100000	NaN	NaN
108.200000	NaN	NaN
108.300000	NaN	NaN
108.400000	NaN	NaN
108.500000	1.408893	1.291431
108.600000	NaN	NaN
108.700000	NaN	NaN
108.800000	NaN	NaN
108.900000	NaN	NaN
109.000000	NaN	NaN
109.100000	NaN	NaN
109.200000	NaN	NaN
109.300000	NaN	NaN
109.400000	NaN	NaN
109.500000	0.487769	0.072358
109.600000	NaN	NaN
109.700000	NaN	NaN
109.800000	NaN	NaN
109.900000	NaN	NaN
110.000000	NaN	NaN
110.100000	NaN	NaN
110.200000	NaN	NaN
110.300000	NaN	NaN
110.400000	NaN	NaN
110.500000	1.892751	2.742937
110.600000	NaN	NaN
110.700000	NaN	NaN
110.800000	NaN	NaN
110.900000	NaN	NaN
111.000000	NaN	NaN
111.100000	NaN	NaN
111.200000	NaN	NaN
111.300000	NaN	NaN
111.400000	NaN	NaN
111.500000	0.792106	-2.133893
111.600000	NaN	NaN
111.700000	NaN	NaN
111.800000	NaN	NaN
111.900000	NaN	NaN
112.000000	NaN	NaN
112.100000	NaN	NaN
112.200000	NaN	NaN
112.300000	NaN	NaN
112.400000	NaN	NaN
112.500000	0.505117	-2.921839
112.600000	NaN	NaN
112.700000	NaN	NaN
112.800000	NaN	NaN
112.900000	NaN	NaN
113.000000	NaN	NaN
113.100000	NaN	NaN
113.200000	NaN	NaN
113.300000	NaN	NaN
113.400000	NaN	NaN
113.500000	0.713034	-0.732649
113.600000	NaN	NaN
113.700000	NaN	NaN
113.800000	NaN	NaN
113.900000	NaN	NaN
114.000000	NaN	NaN
114.100000	NaN	NaN
114.200000	NaN	NaN
114.300000	NaN	NaN
114.400000	NaN	NaN
114.500000	1.330964	-2.389901
114.600000	NaN	NaN
114.700000	NaN	NaN
114.800000	NaN	NaN
114.900000	NaN	NaN
115.000000	NaN	NaN
115.100000	NaN	NaN
115.200000	NaN	NaN
115.300000	NaN	NaN
115.400000	NaN	NaN
115.500000	0.595244	-1.429620
115.600000	NaN	NaN
115.700000	NaN	NaN
115.800000	NaN	NaN
115.900000	NaN	NaN
116.000000	NaN	NaN
116.100000	NaN	NaN
116.200000	NaN	NaN
116.300000	NaN	NaN
116.400000	NaN	NaN
116.500000	2.243264	3.061410
116.600000	NaN	NaN
116.700000	NaN	NaN
116.800000	NaN	NaN
116.900000	NaN	NaN
117.000000	NaN	NaN
117.100000	NaN	NaN
117.200000	NaN	NaN
117.300000	NaN	NaN
117.400000	NaN	NaN
117.500000	0.230774	2.582675
117.600000	NaN	NaN
117.700000	NaN	NaN
117.800000	NaN	NaN
117.900000	NaN	NaN
118.000000	NaN	NaN
118.100000	NaN	NaN
118.200000	NaN	NaN
118.300000	NaN	NaN
118.400000	NaN	NaN
118.500000	0.246209	-0.468285
118.600000	NaN	NaN
118.700000	NaN	NaN
118.800000	NaN	NaN
118.900000	NaN	NaN
119.000000	NaN	NaN
119.100000	NaN	NaN
119.200000	NaN	NaN
119.300000	NaN	NaN
119.400000	NaN	NaN
119.500000	0.503768	0.562570
119.600000	NaN	NaN
119.700000	NaN	NaN
119.800000	NaN	NaN
119.900000	NaN	NaN
120.000000	NaN	NaN
120.100000	NaN	NaN
120.200000	NaN	NaN
120.300000	NaN	NaN
120.400000	NaN	NaN
120.500000	1.641178	-2.993963
120.600000	NaN	NaN
120.700000	NaN	NaN
120.800000	NaN	NaN
120.900000	NaN	NaN
121.000000	NaN	NaN
121.100000	NaN	NaN
121.200000	NaN	NaN
121.300000	NaN	NaN
121.400000	NaN	NaN
121.500000	0.720085	-0.404543
121.600000	NaN	NaN
121.700000	NaN	NaN
121.800000	NaN	NaN
121.900000	NaN	NaN
122.000000	NaN	NaN
122.100000	NaN	NaN
122.200000	NaN	NaN
122.300000	NaN	NaN
122.400000	NaN	NaN
122.500000	1.645151	-1.210925
122.600000	NaN	NaN
122.700000	NaN	NaN
122.800000	NaN	NaN
122.900000	NaN	NaN
123.000000	NaN	NaN
123.100000	NaN	NaN
123.200000	NaN	NaN
123.300000	NaN	NaN
123.400000	NaN	NaN
123.500000	0.336477	-1.208920
123.600000	NaN	NaN
123.700000	NaN	NaN
123.800000	NaN	NaN
123.900000	NaN	NaN
124.000000	NaN	NaN
124.100000	NaN	NaN
124.200000	NaN	NaN
124.300000	NaN	NaN
124.400000	NaN	NaN
124.500000	2.273340	-2.551469
124.600000	NaN	NaN
124.700000	NaN	NaN
124.800000	NaN	NaN
124.900000	NaN	NaN
125.000000	NaN	NaN
125.100000	NaN	NaN
125.200000	NaN	NaN
125.300000	NaN	NaN
125.400000	NaN	NaN
125.500000	0.523796	2.467145
125.600000	NaN	NaN
125.700000	NaN	NaN
125.800000	NaN	NaN
125.900000	NaN	NaN
126.000000	NaN	NaN
126.100000	NaN	NaN
126.200000	NaN	NaN
126.300000	NaN	NaN
126.400000	NaN	NaN
126.500000	3.460147	-3.138770
126.600000	NaN	NaN
126.700000	NaN	NaN
126.800000	NaN	NaN
126.900000	NaN	NaN
127.000000	NaN	NaN
127.100000	NaN	NaN
127.200000	NaN	NaN
127.300000	NaN	NaN
127.400000	NaN	NaN
127.500000	0.653409	-1.660977
127.600000	NaN	NaN
127.700000	NaN	NaN
127.800000	NaN	NaN
127.900000	NaN	NaN
128.000000	NaN	NaN
128.100000	NaN	NaN
128.200000	NaN	NaN
128.300000	NaN	NaN
128.400000	NaN	NaN
128.500000	0.709353	2.123684
128.600000	NaN	NaN
128.700000	NaN	NaN
128.800000	NaN	NaN
128.900000	NaN	NaN
129.000000	NaN	NaN
129.100000	NaN	NaN
129.200000	NaN	NaN
129.300000	NaN	NaN
129.400000	NaN	NaN
129.500000	1.098058	1.833090
129.600000	NaN	NaN
129.700000	NaN	NaN
129.800000	NaN	NaN
129.900000	NaN	NaN
130.000000	NaN	NaN
130.100000	NaN	NaN
130.200000	NaN	NaN
130.300000	NaN	NaN
130.400000	NaN	NaN
130.500000	1.006510	1.343713
130.600000	NaN	NaN
130.700000	NaN	NaN
130.800000	NaN	NaN
130.900000	NaN	NaN
131.000000	NaN	NaN
131.100000	NaN	NaN
131.200000	NaN	NaN
131.300000	NaN	NaN
131.400000	NaN	NaN
131.500000	0.750989	1.330475
131.600000	NaN	NaN
131.700000	NaN	NaN
131.800000	NaN	NaN
131.900000	NaN	NaN
132.000000	NaN	NaN
132.100000	NaN	NaN
132.200000	NaN	NaN
132.300000	NaN	NaN
132.400000	NaN	NaN
132.500000	1.758956	-1.864207
132.600000	NaN	NaN
132.700000	NaN	NaN
132.800000	NaN	NaN
132.900000	NaN	NaN
133.000000	NaN	NaN
133.100000	NaN	NaN
133.200000	NaN	NaN
133.300000	NaN	NaN
133.400000	NaN	NaN
133.500000	0.620714	-0.434798
133.600000	NaN	NaN
133.700000	NaN	NaN
133.800000	NaN	NaN
133.900000	NaN	NaN
134.000000	NaN	NaN
134.100000	NaN	NaN
134.200000	NaN	NaN
134.300000	NaN	NaN
134.400000	NaN	NaN
134.500000	0.824362	0.394235
134.600000	NaN	NaN
134.700000	NaN	NaN
134.800000	NaN	NaN
134.900000	NaN	NaN
135.000000	NaN	NaN
135.100000	NaN	NaN
135.200000	NaN	NaN
135.300000	NaN	NaN
135.400000	NaN	NaN
135.500000	0.823101	-1.106261
135.600000	NaN	NaN
135.700000	NaN	NaN
135.800000	NaN	NaN
135.900000	NaN	NaN
136.000000	NaN	NaN
136.100000	NaN	NaN
136.200000	NaN	NaN
136.300000	NaN	NaN
136.400000	NaN	NaN
136.500000	1.086226	-1.892675
136.600000	NaN	NaN
136.700000	NaN	NaN
136.800000	NaN	NaN
136.900000	NaN	NaN
137.000000	NaN	NaN
137.100000	NaN	NaN
137.200000	NaN	NaN
137.300000	NaN	NaN
137.400000	NaN	NaN
137.500000	1.048414	1.458534
137.600000	NaN	NaN
137.700000	NaN	NaN
137.800000	NaN	NaN
137.900000	NaN	NaN
138.000000	NaN	NaN
138.100000	NaN	NaN
138.200000	NaN	NaN
138.300000	NaN	NaN
138.400000	NaN	NaN
138.500000	1.822793	2.832360
138.600000	NaN	NaN
138.700000	NaN	NaN
138.800000	NaN	NaN
138.900000	NaN	NaN
139.000000	NaN	NaN
139.100000	NaN	NaN
139.200000	NaN	NaN
139.300000	NaN	NaN
139.400000	NaN	NaN
139.500000	0.126805	0.754679
139.600000	NaN	NaN
139.700000	NaN	NaN
139.800000	NaN	NaN
139.900000	NaN	NaN
140.000000	NaN	NaN
140.100000	NaN	NaN
140.200000	NaN	NaN
140.300000	NaN	NaN
140.400000	NaN	NaN
140.500000	1.384101	-2.338620
140.600000	NaN	NaN
140.700000	NaN	NaN
140.800000	NaN	NaN
140.900000	NaN	NaN
141.000000	NaN	NaN
141.100000	NaN	NaN
141.200000	NaN	NaN
141.300000	NaN	NaN
141.400000	NaN	NaN
141.500000	1.079416	0.591807
141.600000	NaN	NaN
141.700000	NaN	NaN
141.800000	NaN	NaN
141.900000	NaN	NaN
142.000000	NaN	NaN
142.100000	NaN	NaN
142.200000	NaN	NaN
142.300000	NaN	NaN
142.400000	NaN	NaN
142.500000	2.270587	0.922520
142.600000	NaN	NaN
142.700000	NaN	NaN
142.800000	NaN	NaN
142.900000	NaN	NaN
143.000000	NaN	NaN
143.100000	NaN	NaN
143.200000	NaN	NaN
143.300000	NaN	NaN
143.400000	NaN	NaN
143.500000	1.021910	1.186139
143.600000	NaN	NaN
143.700000	NaN	NaN
143.800000	NaN	NaN
143.900000	NaN	NaN
144.000000	NaN	NaN
144.100000	NaN	NaN
144.200000	NaN	NaN
144.300000	NaN	NaN
144.400000	NaN	NaN
144.500000	1.940018	-1.575329
144.600000	NaN	NaN
144.700000	NaN	NaN
144.800000	NaN	NaN
144.900000	NaN	NaN
145.000000	NaN	NaN
145.100000	NaN	NaN
145.200000	NaN	NaN
145.300000	NaN	NaN
145.400000	NaN	NaN
145.500000	1.390139	-0.288990
145.600000	NaN	NaN
145.700000	NaN	NaN
145.800000	NaN	NaN
145.900000	NaN	NaN
146.000000	NaN	NaN
146.100000	NaN	NaN
146.200000	NaN	NaN
146.300000	NaN	NaN
146.400000	NaN	NaN
146.500000	1.557593	0.370083
146.600000	NaN	NaN
146.700000	NaN	NaN
146.800000	NaN	NaN
146.900000	NaN	NaN
147.000000	NaN	NaN
147.100000	NaN	NaN
147.200000	NaN	NaN
147.300000	NaN	NaN
147.400000	NaN	NaN
147.500000	1.701446	0.397174
147.600000	NaN	NaN
147.700000	NaN	NaN
147.800000	NaN	NaN
147.900000	NaN	NaN
148.000000	NaN	NaN
148.100000	NaN	NaN
148.200000	NaN	NaN
148.300000	NaN	NaN
148.400000	NaN	NaN
148.500000	2.857850	-2.336225
148.600000	NaN	NaN
148.700000	NaN	NaN
148.800000	NaN	NaN
148.900000	NaN	NaN
149.000000	NaN	NaN
149.100000	NaN	NaN
149.200000	NaN	NaN
149.300000	NaN	NaN
149.400000	NaN	NaN
149.500000	0.281395	1.858512
149.600000	NaN	NaN
149.700000	NaN	NaN
149.800000	NaN	NaN
149.900000	NaN	NaN
150.000000	NaN	NaN
150.100000	NaN	NaN
150.200000	NaN	NaN
150.300000	NaN	NaN
150.400000	NaN	NaN
150.500000	1.372306	-1.685850
150.600000	NaN	NaN
150.700000	NaN	NaN
150.800000	NaN	NaN
150.900000	NaN	NaN
151.000000	NaN	NaN
151.100000	NaN	NaN
151.200000	NaN	NaN
151.300000	NaN	NaN
151.400000	NaN	NaN
151.500000	2.021986	0.483980
151.600000	NaN	NaN
151.700000	NaN	NaN
151.800000	NaN	NaN
151.900000	NaN	NaN
152.000000	NaN	NaN
152.100000	NaN	NaN
152.200000	NaN	NaN
152.300000	NaN	NaN
152.400000	NaN	NaN
152.500000	0.962509	1.543911
152.600000	NaN	NaN
152.700000	NaN	NaN
152.800000	NaN	NaN
152.900000	NaN	NaN
153.000000	NaN	NaN
153.100000	NaN	NaN
153.200000	NaN	NaN
153.300000	NaN	NaN
153.400000	NaN	NaN
153.500000	0.570497	2.408876
153.600000	NaN	NaN
153.700000	NaN	NaN
153.800000	NaN	NaN
153.900000	NaN	NaN
154.000000	NaN	NaN
154.100000	NaN	NaN
154.200000	NaN	NaN
154.300000	NaN	NaN
154.400000	NaN	NaN
154.500000	2.023873	-0.119905
154.600000	NaN	NaN
154.700000	NaN	NaN
154.800000	NaN	NaN
154.900000	NaN	NaN
155.000000	NaN	NaN
155.100000	NaN	NaN
155.200000	NaN	NaN
155.300000	NaN	NaN
155.400000	NaN	NaN
155.500000	0.956969	-0.569720
155.600000	NaN	NaN
155.700000	NaN	NaN
155.800000	NaN	NaN
155.900000	NaN	NaN
156.000000	NaN	NaN
156.100000	NaN	NaN
156.200000	NaN	NaN
156.300000	NaN	NaN
156.400000	NaN	NaN
156.500000	3.633958	-1.053970
156.600000	NaN	NaN
156.700000	NaN	NaN
156.800000	NaN	NaN
156.900000	NaN	NaN
157.000000	NaN	NaN
157.100000	NaN	NaN
157.200000	NaN	NaN
157.300000	NaN	NaN
157.400000	NaN	NaN
157.500000	0.474220	-0.213618
157.600000	NaN	NaN
157.700000	NaN	NaN
157.800000	NaN	NaN
157.900000	NaN	NaN
158.000000	NaN	NaN
158.100000	NaN	NaN
158.200000	NaN	NaN
158.300000	NaN	NaN
158.400000	NaN	NaN
158.500000	2.688284	-3.040254
158.600000	NaN	NaN
158.700000	NaN	NaN
158.800000	NaN	NaN
158.900000	NaN	NaN
159.000000	NaN	NaN
159.100000	NaN	NaN
159.200000	NaN	NaN
159.300000	NaN	NaN
159.400000	NaN	NaN
159.500000	1.808078	-0.334563
159.600000	NaN	NaN
159.700000	NaN	NaN
159.800000	NaN	NaN
159.900000	NaN	NaN
160.000000	NaN	NaN
160.100000	NaN	NaN
160.200000	NaN	NaN
160.300000	NaN	NaN
160.400000	NaN	NaN
160.500000	1.848869	-1.898229
160.600000	NaN	NaN
160.700000	NaN	NaN
160.800000	NaN	NaN
160.900000	NaN	NaN
161.000000	NaN	NaN
161.100000	NaN	NaN
161.200000	NaN	NaN
161.300000	NaN	NaN
161.400000	NaN	NaN
161.500000	1.451407	-0.016084
161.600000	NaN	NaN
161.700000	NaN	NaN
161.800000	NaN	NaN
161.900000	NaN	NaN
162.000000	NaN	NaN
162.100000	NaN	NaN
162.200000	NaN	NaN
162.300000	NaN	NaN
162.400000	NaN	NaN
162.500000	0.548943	-1.122730
162.600000	NaN	NaN
162.700000	NaN	NaN
162.800000	NaN	NaN
162.900000	NaN	NaN
163.000000	NaN	NaN
163.100000	NaN	NaN
163.200000	NaN	NaN
163.300000	NaN	NaN
163.400000	NaN	NaN
163.500000	1.035399	0.704730
163.600000	NaN	NaN
163.700000	NaN	NaN
163.800000	NaN	NaN
163.900000	NaN	NaN
164.000000	NaN	NaN
164.100000	NaN	NaN
164.200000	NaN	NaN
164.300000	NaN	NaN
164.400000	NaN	NaN
164.500000	5.569630	-2.192625
164.600000	NaN	NaN
164.700000	NaN	NaN
164.800000	NaN	NaN
164.900000	NaN	NaN
165.000000	NaN	NaN
165.100000	NaN	NaN
165.200000	NaN	NaN
165.300000	NaN	NaN
165.400000	NaN	NaN
165.500000	1.567846	-0.524536
165.600000	NaN	NaN
165.700000	NaN	NaN
165.800000	NaN	NaN
165.900000	NaN	NaN
166.000000	NaN	NaN
166.100000	NaN	NaN
166.200000	NaN	NaN
166.300000	NaN	NaN
166.400000	NaN	NaN
166.500000	1.934229	2.932915
166.600000	NaN	NaN
166.700000	NaN	NaN
166.800000	NaN	NaN
166.900000	NaN	NaN
167.000000	NaN	NaN
167.100000	NaN	NaN
167.200000	NaN	NaN
167.300000	NaN	NaN
167.400000	NaN	NaN
167.500000	1.172419	1.354387
167.600000	NaN	NaN
167.700000	NaN	NaN
167.800000	NaN	NaN
167.900000	NaN	NaN
168.000000	NaN	NaN
168.100000	NaN	NaN
168.200000	NaN	NaN
168.300000	NaN	NaN
168.400000	NaN	NaN
168.500000	1.455890	-1.565555
168.600000	NaN	NaN
168.700000	NaN	NaN
168.800000	NaN	NaN
168.900000	NaN	NaN
169.000000	NaN	NaN
169.100000	NaN	NaN
169.200000	NaN	NaN
169.300000	NaN	NaN
169.400000	NaN	NaN
169.500000	1.134636	0.001270
169.600000	NaN	NaN
169.700000	NaN	NaN
169.800000	NaN	NaN
169.900000	NaN	NaN
170.000000	NaN	NaN
170.100000	NaN	NaN
170.200000	NaN	NaN
170.300000	NaN	NaN
170.400000	NaN	NaN
170.500000	4.513611	-1.989181
170.600000	NaN	NaN
170.700000	NaN	NaN
170.800000	NaN	NaN
170.900000	NaN	NaN
171.000000	NaN	NaN
171.100000	NaN	NaN
171.200000	NaN	NaN
171.300000	NaN	NaN
171.400000	NaN	NaN
171.500000	2.023422	-0.477693
171.600000	NaN	NaN
171.700000	NaN	NaN
171.800000	NaN	NaN
171.900000	NaN	NaN
172.000000	NaN	NaN
172.100000	NaN	NaN
172.200000	NaN	NaN
172.300000	NaN	NaN
172.400000	NaN	NaN
172.500000	1.703213	-1.519672
172.600000	NaN	NaN
172.700000	NaN	NaN
172.800000	NaN	NaN
172.900000	NaN	NaN
173.000000	NaN	NaN
173.100000	NaN	NaN
173.200000	NaN	NaN
173.300000	NaN	NaN
173.400000	NaN	NaN
173.500000	0.548364	-2.248247
173.600000	NaN	NaN
173.700000	NaN	NaN
173.800000	NaN	NaN
173.900000	NaN	NaN
174.000000	NaN	NaN
174.100000	NaN	NaN
174.200000	NaN	NaN
174.300000	NaN	NaN
174.400000	NaN	NaN
174.500000	7.456670	3.057179
174.600000	NaN	NaN
174.700000	NaN	NaN
174.800000	NaN	NaN
174.900000	NaN	NaN
175.000000	NaN	NaN
175.100000	NaN	NaN
175.200000	NaN	NaN
175.300000	NaN	NaN
175.400000	NaN	NaN
175.500000	0.368821	1.826290
175.600000	NaN	NaN
175.700000	NaN	NaN
175.800000	NaN	NaN
175.900000	NaN	NaN
176.000000	NaN	NaN
176.100000	NaN	NaN
176.200000	NaN	NaN
176.300000	NaN	NaN
176.400000	NaN	NaN
176.500000	1.758126	2.489259
176.600000	NaN	NaN
176.700000	NaN	NaN
176.800000	NaN	NaN
176.900000	NaN	NaN
177.000000	NaN	NaN
177.100000	NaN	NaN
177.200000	NaN	NaN
177.300000	NaN	NaN
177.400000	NaN	NaN
177.500000	1.122409	1.431399
177.600000	NaN	NaN
177.700000	NaN	NaN
177.800000	NaN	NaN
177.900000	NaN	NaN
178.000000	NaN	NaN
178.100000	NaN	NaN
178.200000	NaN	NaN
178.300000	NaN	NaN
178.400000	NaN	NaN
178.500000	4.342277	1.172300
178.600000	NaN	NaN
178.700000	NaN	NaN
178.800000	NaN	NaN
178.900000	NaN	NaN
179.000000	NaN	NaN
179.100000	NaN	NaN
179.200000	NaN	NaN
179.300000	NaN	NaN
179.400000	NaN	NaN
179.500000	2.035592	0.462993
179.600000	NaN	NaN
179.700000	NaN	NaN
179.800000	NaN	NaN
179.900000	NaN	NaN
180.000000	NaN	NaN
180.100000	NaN	NaN
180.200000	NaN	NaN
180.300000	NaN	NaN
180.400000	NaN	NaN
180.500000	1.323679	0.858364
180.600000	NaN	NaN
180.700000	NaN	NaN
180.800000	NaN	NaN
180.900000	NaN	NaN
181.000000	NaN	NaN
181.100000	NaN	NaN
181.200000	NaN	NaN
181.300000	NaN	NaN
181.400000	NaN	NaN
181.500000	0.382613	-3.013644
181.600000	NaN	NaN
181.700000	NaN	NaN
181.800000	NaN	NaN
181.900000	NaN	NaN
182.000000	NaN	NaN
182.100000	NaN	NaN
182.200000	NaN	NaN
182.300000	NaN	NaN
182.400000	NaN	NaN
182.500000	4.912880	-1.067561
182.600000	NaN	NaN
182.700000	NaN	NaN
182.800000	NaN	NaN
182.900000	NaN	NaN
183.000000	NaN	NaN
183.100000	NaN	NaN
183.200000	NaN	NaN
183.300000	NaN	NaN
183.400000	NaN	NaN
183.500000	2.132790	-0.324961
183.600000	NaN	NaN
183.700000	NaN	NaN
183.800000	NaN	NaN
183.900000	NaN	NaN
184.000000	NaN	NaN
184.100000	NaN	NaN
184.200000	NaN	NaN
184.300000	NaN	NaN
184.400000	NaN	NaN
184.500000	0.295652	-2.295111
184.600000	NaN	NaN
184.700000	NaN	NaN
184.800000	NaN	NaN
184.900000	NaN	NaN
185.000000	NaN	NaN
185.100000	NaN	NaN
185.200000	NaN	NaN
185.300000	NaN	NaN
185.400000	NaN	NaN
185.500000	1.027022	-0.248014
185.600000	NaN	NaN
185.700000	NaN	NaN
185.800000	NaN	NaN
185.900000	NaN	NaN
186.000000	NaN	NaN
186.100000	NaN	NaN
186.200000	NaN	NaN
186.300000	NaN	NaN
186.400000	NaN	NaN
186.500000	4.848229	-0.392955
186.600000	NaN	NaN
186.700000	NaN	NaN
186.800000	NaN	NaN
186.900000	NaN	NaN
187.000000	NaN	NaN
187.100000	NaN	NaN
187.200000	NaN	NaN
187.300000	NaN	NaN
187.400000	NaN	NaN
187.500000	0.294505	2.523600
187.600000	NaN	NaN
187.700000	NaN	NaN
187.800000	NaN	NaN
187.900000	NaN	NaN
188.000000	NaN	NaN
188.100000	NaN	NaN
188.200000	NaN	NaN
188.300000	NaN	NaN
188.400000	NaN	NaN
188.500000	4.321449	2.344596
188.600000	NaN	NaN
188.700000	NaN	NaN
188.800000	NaN	NaN
188.900000	NaN	NaN
189.000000	NaN	NaN
189.100000	NaN	NaN
189.200000	NaN	NaN
189.300000	NaN	NaN
189.400000	NaN	NaN
189.500000	0.466624	1.358318
189.600000	NaN	NaN
189.700000	NaN	NaN
189.800000	NaN	NaN
189.900000	NaN	NaN
190.000000	NaN	NaN
190.100000	NaN	NaN
190.200000	NaN	NaN
190.300000	NaN	NaN
190.400000	NaN	NaN
190.500000	6.763575	2.349369
190.600000	NaN	NaN
190.700000	NaN	NaN
190.800000	NaN	NaN
190.900000	NaN	NaN
191.000000	NaN	NaN
191.100000	NaN	NaN
191.200000	NaN	NaN
191.300000	NaN	NaN
191.400000	NaN	NaN
191.500000	0.597815	-0.284373
191.600000	NaN	NaN
191.700000	NaN	NaN
191.800000	NaN	NaN
191.900000	NaN	NaN
192.000000	NaN	NaN
192.100000	NaN	NaN
192.200000	NaN	NaN
192.300000	NaN	NaN
192.400000	NaN	NaN
192.500000	5.230329	1.088221
192.600000	NaN	NaN
192.700000	NaN	NaN
192.800000	NaN	NaN
192.900000	NaN	NaN
193.000000	NaN	NaN
193.100000	NaN	NaN
193.200000	NaN	NaN
193.300000	NaN	NaN
193.400000	NaN	NaN
193.500000	1.124745	1.069452
193.600000	NaN	NaN
193.700000	NaN	NaN
193.800000	NaN	NaN
193.900000	NaN	NaN
194.000000	NaN	NaN
194.100000	NaN	NaN
194.200000	NaN	NaN
194.300000	NaN	NaN
194.400000	NaN	NaN
194.500000	3.523139	2.266450
194.600000	NaN	NaN
194.700000	NaN	NaN
194.800000	NaN	NaN
194.900000	NaN	NaN
195.000000	NaN	NaN
195.100000	NaN	NaN
195.200000	NaN	NaN
195.300000	NaN	NaN
195.400000	NaN	NaN
195.500000	1.760778	-0.637629
195.600000	NaN	NaN
195.700000	NaN	NaN
195.800000	NaN	NaN
195.900000	NaN	NaN
196.000000	NaN	NaN
196.100000	NaN	NaN
196.200000	NaN	NaN
196.300000	NaN	NaN
196.400000	NaN	NaN
196.500000	6.025140	0.938824
196.600000	NaN	NaN
196.700000	NaN	NaN
196.800000	NaN	NaN
196.900000	NaN	NaN
197.000000	NaN	NaN
197.100000	NaN	NaN
197.200000	NaN	NaN
197.300000	NaN	NaN
197.400000	NaN	NaN
197.500000	1.009828	1.148015
197.600000	NaN	NaN
197.700000	NaN	NaN
197.800000	NaN	NaN
197.900000	NaN	NaN
198.000000	NaN	NaN
198.100000	NaN	NaN
198.200000	NaN	NaN
198.300000	NaN	NaN
198.400000	NaN	NaN
198.500000	4.723582	-2.860583
198.600000	NaN	NaN
198.700000	NaN	NaN
198.800000	NaN	NaN
198.900000	NaN	NaN
199.000000	NaN	NaN
199.100000	NaN	NaN
199.200000	NaN	NaN
199.300000	NaN	NaN
199.400000	NaN	NaN
199.500000	0.816143	1.131815
199.600000	NaN	NaN
199.700000	NaN	NaN
199.800000	NaN	NaN
199.900000	NaN	NaN
200.000000	NaN	NaN
200.100000	NaN	NaN
200.200000	NaN	NaN
200.300000	NaN	NaN
200.400000	NaN	NaN
200.500000	7.272285	-2.339886
200.600000	NaN	NaN
200.700000	NaN	NaN
200.800000	NaN	NaN
200.900000	NaN	NaN
201.000000	NaN	NaN
201.100000	NaN	NaN
201.200000	NaN	NaN
201.300000	NaN	NaN
201.400000	NaN	NaN
201.500000	1.239713	0.654859
201.600000	NaN	NaN
201.700000	NaN	NaN
201.800000	NaN	NaN
201.900000	NaN	NaN
202.000000	NaN	NaN
202.100000	NaN	NaN
202.200000	NaN	NaN
202.300000	NaN	NaN
202.400000	NaN	NaN
202.500000	3.625499	0.567295
202.600000	NaN	NaN
202.700000	NaN	NaN
202.800000	NaN	NaN
202.900000	NaN	NaN
203.000000	NaN	NaN
203.100000	NaN	NaN
203.200000	NaN	NaN
203.300000	NaN	NaN
203.400000	NaN	NaN
203.500000	1.299954	2.494844
203.600000	NaN	NaN
203.700000	NaN	NaN
203.800000	NaN	NaN
203.900000	NaN	NaN
204.000000	NaN	NaN
204.100000	NaN	NaN
204.200000	NaN	NaN
204.300000	NaN	NaN
204.400000	NaN	NaN
204.500000	3.349417	0.004408
204.600000	NaN	NaN
204.700000	NaN	NaN
204.800000	NaN	NaN
204.900000	NaN	NaN
205.000000	NaN	NaN
205.100000	NaN	NaN
205.200000	NaN	NaN
205.300000	NaN	NaN
205.400000	NaN	NaN
205.500000	0.893951	-1.275549
205.600000	NaN	NaN
205.700000	NaN	NaN
205.800000	NaN	NaN
205.900000	NaN	NaN
206.000000	NaN	NaN
206.100000	NaN	NaN
206.200000	NaN	NaN
206.300000	NaN	NaN
206.400000	NaN	NaN
206.500000	2.864019	-0.697624
206.600000	NaN	NaN
206.700000	NaN	NaN
206.800000	NaN	NaN
206.900000	NaN	NaN
207.000000	NaN	NaN
207.100000	NaN	NaN
207.200000	NaN	NaN
207.300000	NaN	NaN
207.400000	NaN	NaN
207.500000	1.030425	0.903776
207.600000	NaN	NaN
207.700000	NaN	NaN
207.800000	NaN	NaN
207.900000	NaN	NaN
208.000000	NaN	NaN
208.100000	NaN	NaN
208.200000	NaN	NaN
208.300000	NaN	NaN
208.400000	NaN	NaN
208.500000	7.078470	0.438744
208.600000	NaN	NaN
208.700000	NaN	NaN
208.800000	NaN	NaN
208.900000	NaN	NaN
209.000000	NaN	NaN
209.100000	NaN	NaN
209.200000	NaN	NaN
209.300000	NaN	NaN
209.400000	NaN	NaN
209.500000	0.262525	1.676161
209.600000	NaN	NaN
209.700000	NaN	NaN
209.800000	NaN	NaN
209.900000	NaN	NaN
210.000000	NaN	NaN
210.100000	NaN	NaN
210.200000	NaN	NaN
210.300000	NaN	NaN
210.400000	NaN	NaN
210.500000	4.845675	2.630330
210.600000	NaN	NaN
210.700000	NaN	NaN
210.800000	NaN	NaN
210.900000	NaN	NaN
211.000000	NaN	NaN
211.100000	NaN	NaN
211.200000	NaN	NaN
211.300000	NaN	NaN
211.400000	NaN	NaN
211.500000	0.258633	-0.014893
211.600000	NaN	NaN
211.700000	NaN	NaN
211.800000	NaN	NaN
211.900000	NaN	NaN
212.000000	NaN	NaN
212.100000	NaN	NaN
212.200000	NaN	NaN
212.300000	NaN	NaN
212.400000	NaN	NaN
212.500000	4.101220	-0.852181
212.600000	NaN	NaN
212.700000	NaN	NaN
212.800000	NaN	NaN
212.900000	NaN	NaN
213.000000	NaN	NaN
213.100000	NaN	NaN
213.200000	NaN	NaN
213.300000	NaN	NaN
213.400000	NaN	NaN
213.500000	0.461336	-2.798835
213.600000	NaN	NaN
213.700000	NaN	NaN
213.800000	NaN	NaN
213.900000	NaN	NaN
214.000000	NaN	NaN
214.100000	NaN	NaN
214.200000	NaN	NaN
214.300000	NaN	NaN
214.400000	NaN	NaN
214.500000	5.672398	1.913703
214.600000	NaN	NaN
214.700000	NaN	NaN
214.800000	NaN	NaN
214.900000	NaN	NaN
215.000000	NaN	NaN
215.100000	NaN	NaN
215.200000	NaN	NaN
215.300000	NaN	NaN
215.400000	NaN	NaN
215.500000	1.286643	1.405655
215.600000	NaN	NaN
215.700000	NaN	NaN
215.800000	NaN	NaN
215.900000	NaN	NaN
216.000000	NaN	NaN
216.100000	NaN	NaN
216.200000	NaN	NaN
216.300000	NaN	NaN
216.400000	NaN	NaN
216.500000	5.828417	0.696473
216.600000	NaN	NaN
216.700000	NaN	NaN
216.800000	NaN	NaN
216.900000	NaN	NaN
217.000000	NaN	NaN
217.100000	NaN	NaN
217.200000	NaN	NaN
217.300000	NaN	NaN
217.400000	NaN	NaN
217.500000	0.547465	-0.086019
217.600000	NaN	NaN
217.700000	NaN	NaN
217.800000	NaN	NaN
217.900000	NaN	NaN
218.000000	NaN	NaN
218.100000	NaN	NaN
218.200000	NaN	NaN
218.300000	NaN	NaN
218.400000	NaN	NaN
218.500000	8.762359	0.394854
218.600000	NaN	NaN
218.700000	NaN	NaN
218.800000	NaN	NaN
218.900000	NaN	NaN
219.000000	NaN	NaN
219.100000	NaN	NaN
219.200000	NaN	NaN
219.300000	NaN	NaN
219.400000	NaN	NaN
219.500000	2.882518	-0.336193
219.600000	NaN	NaN
219.700000	NaN	NaN
219.800000	NaN	NaN
219.900000	NaN	NaN
220.000000	NaN	NaN
220.100000	NaN	NaN
220.200000	NaN	NaN
220.300000	NaN	NaN
220.400000	NaN	NaN
220.500000	21.221754	-0.916377
220.600000	NaN	NaN
220.700000	NaN	NaN
220.800000	NaN	NaN
220.900000	NaN	NaN
221.000000	NaN	NaN
221.100000	NaN	NaN
221.200000	NaN	NaN
221.300000	NaN	NaN
221.400000	NaN	NaN
221.500000	0.619143	-0.034317
221.600000	NaN	NaN
221.700000	NaN	NaN
221.800000	NaN	NaN
221.900000	NaN	NaN
222.000000	NaN	NaN
222.100000	NaN	NaN
222.200000	NaN	NaN
222.300000	NaN	NaN
222.400000	NaN	NaN
222.500000	11.981696	2.868484
222.600000	NaN	NaN
222.700000	NaN	NaN
222.800000	NaN	NaN
222.900000	NaN	NaN
223.000000	NaN	NaN
223.100000	NaN	NaN
223.200000	NaN	NaN
223.300000	NaN	NaN
223.400000	NaN	NaN
223.500000	1.195162	-2.131014
223.600000	NaN	NaN
223.700000	NaN	NaN
223.800000	NaN	NaN
223.900000	NaN	NaN
224.000000	NaN	NaN
224.100000	NaN	NaN
224.200000	NaN	NaN
224.300000	NaN	NaN
224.400000	NaN	NaN
224.500000	25.800361	-2.047606
224.600000	NaN	NaN
224.700000	NaN	NaN
224.800000	NaN	NaN
224.900000	NaN	NaN
225.000000	NaN	NaN
225.100000	NaN	NaN
225.200000	NaN	NaN
225.300000	NaN	NaN
225.400000	NaN	NaN
225.500000	0.843531	1.906873
225.600000	NaN	NaN
225.700000	NaN	NaN
225.800000	NaN	NaN
225.900000	NaN	NaN
226.000000	NaN	NaN
226.100000	NaN	NaN
226.200000	NaN	NaN
226.300000	NaN	NaN
226.400000	NaN	NaN
226.500000	10.138019	2.483127
226.600000	NaN	NaN
226.700000	NaN	NaN
226.800000	NaN	NaN
226.900000	NaN	NaN
227.000000	NaN	NaN
227.100000	NaN	NaN
227.200000	NaN	NaN
227.300000	NaN	NaN
227.400000	NaN	NaN
227.500000	1.390732	1.658101
227.600000	NaN	NaN
227.700000	NaN	NaN
227.800000	NaN	NaN
227.900000	NaN	NaN
228.000000	NaN	NaN
228.100000	NaN	NaN
228.200000	NaN	NaN
228.300000	NaN	NaN
228.400000	NaN	NaN
228.500000	9.175284	2.889324
228.600000	NaN	NaN
228.700000	NaN	NaN
228.800000	NaN	NaN
228.900000	NaN	NaN
229.000000	NaN	NaN
229.100000	NaN	NaN
229.200000	NaN	NaN
229.300000	NaN	NaN
229.400000	NaN	NaN
229.500000	0.352463	0.907008
229.600000	NaN	NaN
229.700000	NaN	NaN
229.800000	NaN	NaN
229.900000	NaN	NaN
230.000000	NaN	NaN
230.100000	NaN	NaN
230.200000	NaN	NaN
230.300000	NaN	NaN
230.400000	NaN	NaN
230.500000	15.463578	-1.219733
230.600000	NaN	NaN
230.700000	NaN	NaN
230.800000	NaN	NaN
230.900000	NaN	NaN
231.000000	NaN	NaN
231.100000	NaN	NaN
231.200000	NaN	NaN
231.300000	NaN	NaN
231.400000	NaN	NaN
231.500000	1.081765	0.143641
231.600000	NaN	NaN
231.700000	NaN	NaN
231.800000	NaN	NaN
231.900000	NaN	NaN
232.000000	NaN	NaN
232.100000	NaN	NaN
232.200000	NaN	NaN
232.300000	NaN	NaN
232.400000	NaN	NaN
232.500000	17.039753	-2.634649
232.600000	NaN	NaN
232.700000	NaN	NaN
232.800000	NaN	NaN
232.900000	NaN	NaN
233.000000	NaN	NaN
233.100000	NaN	NaN
233.200000	NaN	NaN
233.300000	NaN	NaN
233.400000	NaN	NaN
233.500000	1.038328	-1.186216
233.600000	NaN	NaN
233.700000	NaN	NaN
233.800000	NaN	NaN
233.900000	NaN	NaN
234.000000	NaN	NaN
234.100000	NaN	NaN
234.200000	NaN	NaN
234.300000	NaN	NaN
234.400000	NaN	NaN
234.500000	21.682420	2.877230
234.600000	NaN	NaN
234.700000	NaN	NaN
234.800000	NaN	NaN
234.900000	NaN	NaN
235.000000	NaN	NaN
235.100000	NaN	NaN
235.200000	NaN	NaN
235.300000	NaN	NaN
235.400000	NaN	NaN
235.500000	1.398491	3.119968
235.600000	NaN	NaN
235.700000	NaN	NaN
235.800000	NaN	NaN
235.900000	NaN	NaN
236.000000	NaN	NaN
236.100000	NaN	NaN
236.200000	NaN	NaN
236.300000	NaN	NaN
236.400000	NaN	NaN
236.500000	12.928778	-1.228598
236.600000	NaN	NaN
236.700000	NaN	NaN
236.800000	NaN	NaN
236.900000	NaN	NaN
237.000000	NaN	NaN
237.100000	NaN	NaN
237.200000	NaN	NaN
237.300000	NaN	NaN
237.400000	NaN	NaN
237.500000	0.587009	-1.629041
237.600000	NaN	NaN
237.700000	NaN	NaN
237.800000	NaN	NaN
237.900000	NaN	NaN
238.000000	NaN	NaN
238.100000	NaN	NaN
238.200000	NaN	NaN
238.300000	NaN	NaN
238.400000	NaN	NaN
238.500000	22.772320	-2.961805
238.600000	NaN	NaN
238.700000	NaN	NaN
238.800000	NaN	NaN
238.900000	NaN	NaN
239.000000	NaN	NaN
239.100000	NaN	NaN
239.200000	NaN	NaN
239.300000	NaN	NaN
239.400000	NaN	NaN
239.500000	0.938347	-2.471855
239.600000	NaN	NaN
239.700000	NaN	NaN
239.800000	NaN	NaN
239.900000	NaN	NaN
240.000000	NaN	NaN
240.100000	NaN	NaN
240.200000	NaN	NaN
240.300000	NaN	NaN
240.400000	NaN	NaN
240.500000	26.244050	-2.825949
240.600000	NaN	NaN
240.700000	NaN	NaN
240.800000	NaN	NaN
240.900000	NaN	NaN
241.000000	NaN	NaN
241.100000	NaN	NaN
241.200000	NaN	NaN
241.300000	NaN	NaN
241.400000	NaN	NaN
241.500000	1.779186	-1.748765
241.600000	NaN	NaN
241.700000	NaN	NaN
241.800000	NaN	NaN
241.900000	NaN	NaN
242.000000	NaN	NaN
242.100000	NaN	NaN
242.200000	NaN	NaN
242.300000	NaN	NaN
242.400000	NaN	NaN
242.500000	27.104581	-2.788401
242.600000	NaN	NaN
242.700000	NaN	NaN
242.800000	NaN	NaN
242.900000	NaN	NaN
243.000000	NaN	NaN
243.100000	NaN	NaN
243.200000	NaN	NaN
243.300000	NaN	NaN
243.400000	NaN	NaN
243.500000	1.316971	0.993828
243.600000	NaN	NaN
243.700000	NaN	NaN
243.800000	NaN	NaN
243.900000	NaN	NaN
244.000000	NaN	NaN
244.100000	NaN	NaN
244.200000	NaN	NaN
244.300000	NaN	NaN
244.400000	NaN	NaN
244.500000	116.730456	2.625292
244.600000	NaN	NaN
244.700000	NaN	NaN
244.800000	NaN	NaN
244.900000	NaN	NaN
245.000000	NaN	NaN
245.100000	NaN	NaN
245.200000	NaN	NaN
245.300000	NaN	NaN
245.400000	NaN	NaN
245.500000	1.737051	-1.477806
245.600000	NaN	NaN
245.700000	NaN	NaN
245.800000	NaN	NaN
245.900000	NaN	NaN
246.000000	NaN	NaN
246.100000	NaN	NaN
246.200000	NaN	NaN
246.300000	NaN	NaN
246.400000	NaN	NaN
246.500000	42.558658	2.455199
246.600000	NaN	NaN
246.700000	NaN	NaN
246.800000	NaN	NaN
246.900000	NaN	NaN
247.000000	NaN	NaN
247.100000	NaN	NaN
247.200000	NaN	NaN
247.300000	NaN	NaN
247.400000	NaN	NaN
247.500000	1.512672	1.234681
247.600000	NaN	NaN
247.700000	NaN	NaN
247.800000	NaN	NaN
247.900000	NaN	NaN
248.000000	NaN	NaN
248.100000	NaN	NaN
248.200000	NaN	NaN
248.300000	NaN	NaN
248.400000	NaN	NaN
248.500000	228.405123	-1.903521
248.600000	NaN	NaN
248.700000	NaN	NaN
248.800000	NaN	NaN
248.900000	NaN	NaN
249.000000	NaN	NaN
249.100000	NaN	NaN
249.200000	NaN	NaN
249.300000	NaN	NaN
249.400000	NaN	NaN
249.500000	0.557096	1.771994
249.600000	NaN	NaN
249.700000	NaN	NaN
249.800000	NaN	NaN
249.900000	NaN	NaN
250.000000	NaN	NaN
250.100000	NaN	NaN
250.200000	NaN	NaN
250.300000	NaN	NaN
250.400000	NaN	NaN
250.500000	614.428153	0.658403
250.600000	NaN	NaN
250.700000	NaN	NaN
250.800000	NaN	NaN
250.900000	NaN	NaN
251.000000	NaN	NaN
251.100000	NaN	NaN
251.200000	NaN	NaN
251.300000	NaN	NaN
251.400000	NaN	NaN
251.500000	0.775908	0.455901
251.600000	NaN	NaN
251.700000	NaN	NaN
251.800000	NaN	NaN
251.900000	NaN	NaN
252.000000	NaN	NaN
252.100000	NaN	NaN
252.200000	NaN	NaN
252.300000	NaN	NaN
252.400000	NaN	NaN
252.500000	49.223026	1.943267
252.600000	NaN	NaN
252.700000	NaN	NaN
252.800000	NaN	NaN
252.900000	NaN	NaN
253.000000	NaN	NaN
253.100000	NaN	NaN
253.200000	NaN	NaN
253.300000	NaN	NaN
253.400000	NaN	NaN
253.500000	1.127313	-1.847726
253.600000	NaN	NaN
253.700000	NaN	NaN
253.800000	NaN	NaN
253.900000	NaN	NaN
254.000000	NaN	NaN
254.100000	NaN	NaN
254.200000	NaN	NaN
254.300000	NaN	NaN
254.400000	NaN	NaN
254.500000	47.634336	-1.206417
254.600000	NaN	NaN
254.700000	NaN	NaN
254.800000	NaN	NaN
254.900000	NaN	NaN
255.000000	NaN	NaN
255.100000	NaN	NaN
255.200000	NaN	NaN
255.300000	NaN	NaN
255.400000	NaN	NaN
255.500000	0.788717	-2.222734
255.600000	NaN	NaN
255.700000	NaN	NaN
255.800000	NaN	NaN
255.900000	NaN	NaN
256.000000	NaN	NaN
256.100000	NaN	NaN
256.200000	NaN	NaN
256.300000	NaN	NaN
256.400000	NaN	NaN
256.500000	68.609637	1.736391
256.600000	NaN	NaN
256.700000	NaN	NaN
256.800000	NaN	NaN
256.900000	NaN	NaN
257.000000	NaN	NaN
257.100000	NaN	NaN
257.200000	NaN	NaN
257.300000	NaN	NaN
257.400000	NaN	NaN
257.500000	0.281291	-0.787162
257.600000	NaN	NaN
257.700000	NaN	NaN
257.800000	NaN	NaN
257.900000	NaN	NaN
258.000000	NaN	NaN
258.100000	NaN	NaN
258.200000	NaN	NaN
258.300000	NaN	NaN
258.400000	NaN	NaN
258.500000	57.936966	-0.696097
258.600000	NaN	NaN
258.700000	NaN	NaN
258.800000	NaN	NaN
258.900000	NaN	NaN
259.000000	NaN	NaN
259.100000	NaN	NaN
259.200000	NaN	NaN
259.300000	NaN	NaN
259.400000	NaN	NaN
259.500000	0.651791	-1.101565
259.600000	NaN	NaN
259.700000	NaN	NaN
259.800000	NaN	NaN
259.900000	NaN	NaN
260.000000	NaN	NaN
260.100000	NaN	NaN
260.200000	NaN	NaN
260.300000	NaN	NaN
260.400000	NaN	NaN
260.500000	48.844651	-0.159437
260.600000	NaN	NaN
260.700000	NaN	NaN
260.800000	NaN	NaN
260.900000	NaN	NaN
261.000000	NaN	NaN
261.100000	NaN	NaN
261.200000	NaN	NaN
261.300000	NaN	NaN
261.400000	NaN	NaN
261.500000	0.062897	-1.098243
261.600000	NaN	NaN
261.700000	NaN	NaN
261.800000	NaN	NaN
261.900000	NaN	NaN
262.000000	NaN	NaN
262.100000	NaN	NaN
262.200000	NaN	NaN
262.300000	NaN	NaN
262.400000	NaN	NaN
262.500000	18.433255	-0.126624
262.600000	NaN	NaN
262.700000	NaN	NaN
262.800000	NaN	NaN
262.900000	NaN	NaN
263.000000	NaN	NaN
263.100000	NaN	NaN
263.200000	NaN	NaN
263.300000	NaN	NaN
263.400000	NaN	NaN
263.500000	0.192135	1.570145
263.600000	NaN	NaN
263.700000	NaN	NaN
263.800000	NaN	NaN
263.900000	NaN	NaN
264.000000	NaN	NaN
264.100000	NaN	NaN
264.200000	NaN	NaN
264.300000	NaN	NaN
264.400000	NaN	NaN
264.500000	39.407335	-0.210040
264.600000	NaN	NaN
264.700000	NaN	NaN
264.800000	NaN	NaN
264.900000	NaN	NaN
265.000000	NaN	NaN
265.100000	NaN	NaN
265.200000	NaN	NaN
265.300000	NaN	NaN
265.400000	NaN	NaN
265.500000	0.287249	-2.128500
265.600000	NaN	NaN
265.700000	NaN	NaN
265.800000	NaN	NaN
265.900000	NaN	NaN
266.000000	NaN	NaN
266.100000	NaN	NaN
266.200000	NaN	NaN
266.300000	NaN	NaN
266.400000	NaN	NaN
266.500000	5.661150	-1.898998
266.600000	NaN	NaN
266.700000	NaN	NaN
266.800000	NaN	NaN
266.900000	NaN	NaN
267.000000	NaN	NaN
267.100000	NaN	NaN
267.200000	NaN	NaN
267.300000	NaN	NaN
267.400000	NaN	NaN
267.500000	0.427072	-0.448303
267.600000	NaN	NaN
267.700000	NaN	NaN
267.800000	NaN	NaN
267.900000	NaN	NaN
268.000000	NaN	NaN
268.100000	NaN	NaN
268.200000	NaN	NaN
268.300000	NaN	NaN
268.400000	NaN	NaN
268.500000	3.936780	1.723449
268.600000	NaN	NaN
268.700000	NaN	NaN
268.800000	NaN	NaN
268.900000	NaN	NaN
269.000000	NaN	NaN
269.100000	NaN	NaN
269.200000	NaN	NaN
269.300000	NaN	NaN
269.400000	NaN	NaN
269.500000	1.163370	-0.268282
269.600000	NaN	NaN
269.700000	NaN	NaN
269.800000	NaN	NaN
269.900000	NaN	NaN
270.000000	NaN	NaN
270.100000	NaN	NaN
270.200000	NaN	NaN
270.300000	NaN	NaN
270.400000	NaN	NaN
270.500000	14.865504	0.542049
270.600000	NaN	NaN
270.700000	NaN	NaN
270.800000	NaN	NaN
270.900000	NaN	NaN
271.000000	NaN	NaN
271.100000	NaN	NaN
271.200000	NaN	NaN
271.300000	NaN	NaN
271.400000	NaN	NaN
271.500000	0.836882	-1.256063
271.600000	NaN	NaN
271.700000	NaN	NaN
271.800000	NaN	NaN
271.900000	NaN	NaN
272.000000	NaN	NaN
272.100000	NaN	NaN
272.200000	NaN	NaN
272.300000	NaN	NaN
272.400000	NaN	NaN
272.500000	22.474899	0.400752
272.600000	NaN	NaN
272.700000	NaN	NaN
272.800000	NaN	NaN
272.900000	NaN	NaN
273.000000	NaN	NaN
273.100000	NaN	NaN
273.200000	NaN	NaN
273.300000	NaN	NaN
273.400000	NaN	NaN
273.500000	0.762525	-2.242011
273.600000	NaN	NaN
273.700000	NaN	NaN
273.800000	NaN	NaN
273.900000	NaN	NaN
274.000000	NaN	NaN
274.100000	NaN	NaN
274.200000	NaN	NaN
274.300000	NaN	NaN
274.400000	NaN	NaN
274.500000	17.820377	0.300348
274.600000	NaN	NaN
274.700000	NaN	NaN
274.800000	NaN	NaN
274.900000	NaN	NaN
275.000000	NaN	NaN
275.100000	NaN	NaN
275.200000	NaN	NaN
275.300000	NaN	NaN
275.400000	NaN	NaN
275.500000	1.626953	1.691458
275.600000	NaN	NaN
275.700000	NaN	NaN
275.800000	NaN	NaN
275.900000	NaN	NaN
276.000000	NaN	NaN
276.100000	NaN	NaN
276.200000	NaN	NaN
276.300000	NaN	NaN
276.400000	NaN	NaN
276.500000	18.616601	-0.798408
276.600000	NaN	NaN
276.700000	NaN	NaN
276.800000	NaN	NaN
276.900000	NaN	NaN
277.000000	NaN	NaN
277.100000	NaN	NaN
277.200000	NaN	NaN
277.300000	NaN	NaN
277.400000	NaN	NaN
277.500000	0.061276	-0.417408
277.600000	NaN	NaN
277.700000	NaN	NaN
277.800000	NaN	NaN
277.900000	NaN	NaN
278.000000	NaN	NaN
278.100000	NaN	NaN
278.200000	NaN	NaN
278.300000	NaN	NaN
278.400000	NaN	NaN
278.500000	3.330065	-0.547377
278.600000	NaN	NaN
278.700000	NaN	NaN
278.800000	NaN	NaN
278.900000	NaN	NaN
279.000000	NaN	NaN
279.100000	NaN	NaN
279.200000	NaN	NaN
279.300000	NaN	NaN
279.400000	NaN	NaN
279.500000	1.279401	0.211677
279.600000	NaN	NaN
279.700000	NaN	NaN
279.800000	NaN	NaN
279.900000	NaN	NaN
280.000000	NaN	NaN
280.100000	NaN	NaN
280.200000	NaN	NaN
280.300000	NaN	NaN
280.400000	NaN	NaN
280.500000	14.338446	-3.071347
280.600000	NaN	NaN
280.700000	NaN	NaN
280.800000	NaN	NaN
280.900000	NaN	NaN
281.000000	NaN	NaN
281.100000	NaN	NaN
281.200000	NaN	NaN
281.300000	NaN	NaN
281.400000	NaN	NaN
281.500000	0.707973	-0.329659
281.600000	NaN	NaN
281.700000	NaN	NaN
281.800000	NaN	NaN
281.900000	NaN	NaN
282.000000	NaN	NaN
282.100000	NaN	NaN
282.200000	NaN	NaN
282.300000	NaN	NaN
282.400000	NaN	NaN
282.500000	8.138458	-0.068541
282.600000	NaN	NaN
282.700000	NaN	NaN
282.800000	NaN	NaN
282.900000	NaN	NaN
283.000000	NaN	NaN
283.100000	NaN	NaN
283.200000	NaN	NaN
283.300000	NaN	NaN
283.400000	NaN	NaN
283.500000	0.805035	-0.618834
283.600000	NaN	NaN
283.700000	NaN	NaN
283.800000	NaN	NaN
283.900000	NaN	NaN
284.000000	NaN	NaN
284.100000	NaN	NaN
284.200000	NaN	NaN
284.300000	NaN	NaN
284.400000	NaN	NaN
284.500000	4.895900	0.271253
284.600000	NaN	NaN
284.700000	NaN	NaN
284.800000	NaN	NaN
284.900000	NaN	NaN
285.000000	NaN	NaN
285.100000	NaN	NaN
285.200000	NaN	NaN
285.300000	NaN	NaN
285.400000	NaN	NaN
285.500000	0.496346	-0.770951
285.600000	NaN	NaN
285.700000	NaN	NaN
285.800000	NaN	NaN
285.900000	NaN	NaN
286.000000	NaN	NaN
286.100000	NaN	NaN
286.200000	NaN	NaN
286.300000	NaN	NaN
286.400000	NaN	NaN
286.500000	6.340250	-0.791040
286.600000	NaN	NaN
286.700000	NaN	NaN
286.800000	NaN	NaN
286.900000	NaN	NaN
287.000000	NaN	NaN
287.100000	NaN	NaN
287.200000	NaN	NaN
287.300000	NaN	NaN
287.400000	NaN	NaN
287.500000	0.730440	-0.293874
287.600000	NaN	NaN
287.700000	NaN	NaN
287.800000	NaN	NaN
287.900000	NaN	NaN
288.000000	NaN	NaN
288.100000	NaN	NaN
288.200000	NaN	NaN
288.300000	NaN	NaN
288.400000	NaN	NaN
288.500000	5.483330	-0.543117
288.600000	NaN	NaN
288.700000	NaN	NaN
288.800000	NaN	NaN
288.900000	NaN	NaN
289.000000	NaN	NaN
289.100000	NaN	NaN
289.200000	NaN	NaN
289.300000	NaN	NaN
289.400000	NaN	NaN
289.500000	0.575833	-0.271226
289.600000	NaN	NaN
289.700000	NaN	NaN
289.800000	NaN	NaN
289.900000	NaN	NaN
290.000000	NaN	NaN
290.100000	NaN	NaN
290.200000	NaN	NaN
290.300000	NaN	NaN
290.400000	NaN	NaN
290.500000	7.940433	0.043337
290.600000	NaN	NaN
290.700000	NaN	NaN
290.800000	NaN	NaN
290.900000	NaN	NaN
291.000000	NaN	NaN
291.100000	NaN	NaN
291.200000	NaN	NaN
291.300000	NaN	NaN
291.400000	NaN	NaN
291.500000	1.239244	-0.058231
291.600000	NaN	NaN
291.700000	NaN	NaN
291.800000	NaN	NaN
291.900000	NaN	NaN
292.000000	NaN	NaN
292.100000	NaN	NaN
292.200000	NaN	NaN
292.300000	NaN	NaN
292.400000	NaN	NaN
292.500000	3.114884	0.569052
292.600000	NaN	NaN
292.700000	NaN	NaN
292.800000	NaN	NaN
292.900000	NaN	NaN
293.000000	NaN	NaN
293.100000	NaN	NaN
293.200000	NaN	NaN
293.300000	NaN	NaN
293.400000	NaN	NaN
293.500000	1.066291	-0.164861
293.600000	NaN	NaN
293.700000	NaN	NaN
293.800000	NaN	NaN
293.900000	NaN	NaN
294.000000	NaN	NaN
294.100000	NaN	NaN
294.200000	NaN	NaN
294.300000	NaN	NaN
294.400000	NaN	NaN
294.500000	3.143657	-0.468195
294.600000	NaN	NaN
294.700000	NaN	NaN
294.800000	NaN	NaN
294.900000	NaN	NaN
295.000000	NaN	NaN
295.100000	NaN	NaN
295.200000	NaN	NaN
295.300000	NaN	NaN
295.400000	NaN	NaN
295.500000	0.576736	-0.216091
295.600000	NaN	NaN
295.700000	NaN	NaN
295.800000	NaN	NaN
295.900000	NaN	NaN
296.000000	NaN	NaN
296.100000	NaN	NaN
296.200000	NaN	NaN
296.300000	NaN	NaN
296.400000	NaN	NaN
296.500000	5.497167	0.206330
296.600000	NaN	NaN
296.700000	NaN	NaN
296.800000	NaN	NaN
296.900000	NaN	NaN
297.000000	NaN	NaN
297.100000	NaN	NaN
297.200000	NaN	NaN
297.300000	NaN	NaN
297.400000	NaN	NaN
297.500000	0.509300	0.105584
297.600000	NaN	NaN
297.700000	NaN	NaN
297.800000	NaN	NaN
297.900000	NaN	NaN
298.000000	NaN	NaN
298.100000	NaN	NaN
298.200000	NaN	NaN
298.300000	NaN	NaN
298.400000	NaN	NaN
298.500000	0.687112	1.474053
298.600000	NaN	NaN
298.700000	NaN	NaN
298.800000	NaN	NaN
298.900000	NaN	NaN
299.000000	NaN	NaN
299.100000	NaN	NaN
299.200000	NaN	NaN
299.300000	NaN	NaN
299.400000	NaN	NaN
299.500000	0.362853	0.651761
299.600000	NaN	NaN
299.700000	NaN	NaN
299.800000	NaN	NaN
299.900000	NaN	NaN
300.000000	NaN	NaN
300.100000	NaN	NaN
300.200000	NaN	NaN
300.300000	NaN	NaN
300.400000	NaN	NaN
300.500000	1.541977	-0.582030
300.600000	NaN	NaN
300.700000	NaN	NaN
300.800000	NaN	NaN
300.900000	NaN	NaN
301.000000	NaN	NaN
301.100000	NaN	NaN
301.200000	NaN	NaN
301.300000	NaN	NaN
301.400000	NaN	NaN
301.500000	0.658540	-0.307284
301.600000	NaN	NaN
301.700000	NaN	NaN
301.800000	NaN	NaN
301.900000	NaN	NaN
302.000000	NaN	NaN
302.100000	NaN	NaN
302.200000	NaN	NaN
302.300000	NaN	NaN
302.400000	NaN	NaN
302.500000	2.803697	0.530630
302.600000	NaN	NaN
302.700000	NaN	NaN
302.800000	NaN	NaN
302.900000	NaN	NaN
303.000000	NaN	NaN
303.100000	NaN	NaN
303.200000	NaN	NaN
303.300000	NaN	NaN
303.400000	NaN	NaN
303.500000	1.128830	-0.960332
303.600000	NaN	NaN
303.700000	NaN	NaN
303.800000	NaN	NaN
303.900000	NaN	NaN
304.000000	NaN	NaN
304.100000	NaN	NaN
304.200000	NaN	NaN
304.300000	NaN	NaN
304.400000	NaN	NaN
304.500000	1.724160	-0.565749
304.600000	NaN	NaN
304.700000	NaN	NaN
304.800000	NaN	NaN
304.900000	NaN	NaN
305.000000	NaN	NaN
305.100000	NaN	NaN
305.200000	NaN	NaN
305.300000	NaN	NaN
305.400000	NaN	NaN
305.500000	0.345317	-0.625853
305.600000	NaN	NaN
305.700000	NaN	NaN
305.800000	NaN	NaN
305.900000	NaN	NaN
306.000000	NaN	NaN
306.100000	NaN	NaN
306.200000	NaN	NaN
306.300000	NaN	NaN
306.400000	NaN	NaN
306.500000	4.173568	0.406602
306.600000	NaN	NaN
306.700000	NaN	NaN
306.800000	NaN	NaN
306.900000	NaN	NaN
307.000000	NaN	NaN
307.100000	NaN	NaN
307.200000	NaN	NaN
307.300000	NaN	NaN
307.400000	NaN	NaN
307.500000	0.390083	-0.803200
307.600000	NaN	NaN
307.700000	NaN	NaN
307.800000	NaN	NaN
307.900000	NaN	NaN
308.000000	NaN	NaN
308.100000	NaN	NaN
308.200000	NaN	NaN
308.300000	NaN	NaN
308.400000	NaN	NaN
308.500000	1.899240	-0.141424
308.600000	NaN	NaN
308.700000	NaN	NaN
308.800000	NaN	NaN
308.900000	NaN	NaN
309.000000	NaN	NaN
309.100000	NaN	NaN
309.200000	NaN	NaN
309.300000	NaN	NaN
309.400000	NaN	NaN
309.500000	0.584541	-0.242220
309.600000	NaN	NaN
309.700000	NaN	NaN
309.800000	NaN	NaN
309.900000	NaN	NaN
310.000000	NaN	NaN
310.100000	NaN	NaN
310.200000	NaN	NaN
310.300000	NaN	NaN
310.400000	NaN	NaN
310.500000	4.011941	-0.003895
310.600000	NaN	NaN
310.700000	NaN	NaN
310.800000	NaN	NaN
310.900000	NaN	NaN
311.000000	NaN	NaN
311.100000	NaN	NaN
311.200000	NaN	NaN
311.300000	NaN	NaN
311.400000	NaN	NaN
311.500000	0.225864	-0.705421
311.600000	NaN	NaN
311.700000	NaN	NaN
311.800000	NaN	NaN
311.900000	NaN	NaN
312.000000	NaN	NaN
312.100000	NaN	NaN
312.200000	NaN	NaN
312.300000	NaN	NaN
312.400000	NaN	NaN
312.500000	3.209548	0.056438
312.600000	NaN	NaN
312.700000	NaN	NaN
312.800000	NaN	NaN
312.900000	NaN	NaN
313.000000	NaN	NaN
313.100000	NaN	NaN
313.200000	NaN	NaN
313.300000	NaN	NaN
313.400000	NaN	NaN
313.500000	0.819777	-0.144645
313.600000	NaN	NaN
313.700000	NaN	NaN
313.800000	NaN	NaN
313.900000	NaN	NaN
314.000000	NaN	NaN
314.100000	NaN	NaN
314.200000	NaN	NaN
314.300000	NaN	NaN
314.400000	NaN	NaN
314.500000	2.134873	-0.582670
314.600000	NaN	NaN
314.700000	NaN	NaN
314.800000	NaN	NaN
314.900000	NaN	NaN
315.000000	NaN	NaN
315.100000	NaN	NaN
315.200000	NaN	NaN
315.300000	NaN	NaN
315.400000	NaN	NaN
315.500000	0.532250	-0.302799
315.600000	NaN	NaN
315.700000	NaN	NaN
315.800000	NaN	NaN
315.900000	NaN	NaN
316.000000	NaN	NaN
316.100000	NaN	NaN
316.200000	NaN	NaN
316.300000	NaN	NaN
316.400000	NaN	NaN
316.500000	1.376757	-0.096248
316.600000	NaN	NaN
316.700000	NaN	NaN
316.800000	NaN	NaN
316.900000	NaN	NaN
317.000000	NaN	NaN
317.100000	NaN	NaN
317.200000	NaN	NaN
317.300000	NaN	NaN
317.400000	NaN	NaN
317.500000	0.740647	0.047686
317.600000	NaN	NaN
317.700000	NaN	NaN
317.800000	NaN	NaN
317.900000	NaN	NaN
318.000000	NaN	NaN
318.100000	NaN	NaN
318.200000	NaN	NaN
318.300000	NaN	NaN
318.400000	NaN	NaN
318.500000	4.352879	-0.000221
318.600000	NaN	NaN
318.700000	NaN	NaN
318.800000	NaN	NaN
318.900000	NaN	NaN
319.000000	NaN	NaN
319.100000	NaN	NaN
319.200000	NaN	NaN
319.300000	NaN	NaN
319.400000	NaN	NaN
319.500000	0.563314	0.229211
319.600000	NaN	NaN
319.700000	NaN	NaN
319.800000	NaN	NaN
319.900000	NaN	NaN
320.000000	NaN	NaN
320.100000	NaN	NaN
320.200000	NaN	NaN
320.300000	NaN	NaN
320.400000	NaN	NaN
320.500000	2.163259	0.101913
320.600000	NaN	NaN
320.700000	NaN	NaN
320.800000	NaN	NaN
320.900000	NaN	NaN
321.000000	NaN	NaN
321.100000	NaN	NaN
321.200000	NaN	NaN
321.300000	NaN	NaN
321.400000	NaN	NaN
321.500000	0.414183	0.069820
321.600000	NaN	NaN
321.700000	NaN	NaN
321.800000	NaN	NaN
321.900000	NaN	NaN
322.000000	NaN	NaN
322.100000	NaN	NaN
322.200000	NaN	NaN
322.300000	NaN	NaN
322.400000	NaN	NaN
322.500000	2.541795	-0.035715
322.600000	NaN	NaN
322.700000	NaN	NaN
322.800000	NaN	NaN
322.900000	NaN	NaN
323.000000	NaN	NaN
323.100000	NaN	NaN
323.200000	NaN	NaN
323.300000	NaN	NaN
323.400000	NaN	NaN
323.500000	0.504750	0.220377
323.600000	NaN	NaN
323.700000	NaN	NaN
323.800000	NaN	NaN
323.900000	NaN	NaN
324.000000	NaN	NaN
324.100000	NaN	NaN
324.200000	NaN	NaN
324.300000	NaN	NaN
324.400000	NaN	NaN
324.500000	3.562964	-0.105529
324.600000	NaN	NaN
324.700000	NaN	NaN
324.800000	NaN	NaN
324.900000	NaN	NaN
325.000000	NaN	NaN
325.100000	NaN	NaN
325.200000	NaN	NaN
325.300000	NaN	NaN
325.400000	NaN	NaN
325.500000	0.282391	0.821769
325.600000	NaN	NaN
325.700000	NaN	NaN
325.800000	NaN	NaN
325.900000	NaN	NaN
326.000000	NaN	NaN
326.100000	NaN	NaN
326.200000	NaN	NaN
326.300000	NaN	NaN
326.400000	NaN	NaN
326.500000	2.449477	-0.307007
326.600000	NaN	NaN
326.700000	NaN	NaN
326.800000	NaN	NaN
326.900000	NaN	NaN
327.000000	NaN	NaN
327.100000	NaN	NaN
327.200000	NaN	NaN
327.300000	NaN	NaN
327.400000	NaN	NaN
327.500000	0.623365	0.180794
327.600000	NaN	NaN
327.700000	NaN	NaN
327.800000	NaN	NaN
327.900000	NaN	NaN
328.000000	NaN	NaN
328.100000	NaN	NaN
328.200000	NaN	NaN
328.300000	NaN	NaN
328.400000	NaN	NaN
328.500000	1.531290	-0.140973
328.600000	NaN	NaN
328.700000	NaN	NaN
328.800000	NaN	NaN
328.900000	NaN	NaN
329.000000	NaN	NaN
329.100000	NaN	NaN
329.200000	NaN	NaN
329.300000	NaN	NaN
329.400000	NaN	NaN
329.500000	0.685533	0.318053
329.600000	NaN	NaN
329.700000	NaN	NaN
329.800000	NaN	NaN
329.900000	NaN	NaN
330.000000	NaN	NaN
330.100000	NaN	NaN
330.200000	NaN	NaN
330.300000	NaN	NaN
330.400000	NaN	NaN
330.500000	1.377919	-0.013934
330.600000	NaN	NaN
330.700000	NaN	NaN
330.800000	NaN	NaN
330.900000	NaN	NaN
331.000000	NaN	NaN
331.100000	NaN	NaN
331.200000	NaN	NaN
331.300000	NaN	NaN
331.400000	NaN	NaN
331.500000	0.590409	0.147972
331.600000	NaN	NaN
331.700000	NaN	NaN
331.800000	NaN	NaN
331.900000	NaN	NaN
332.000000	NaN	NaN
332.100000	NaN	NaN
332.200000	NaN	NaN
332.300000	NaN	NaN
332.400000	NaN	NaN
332.500000	2.451295	0.113811
332.600000	NaN	NaN
332.700000	NaN	NaN
332.800000	NaN	NaN
332.900000	NaN	NaN
333.000000	NaN	NaN
333.100000	NaN	NaN
333.200000	NaN	NaN
333.300000	NaN	NaN
333.400000	NaN	NaN
333.500000	0.607656	0.088815
333.600000	NaN	NaN
333.700000	NaN	NaN
333.800000	NaN	NaN
333.900000	NaN	NaN
334.000000	NaN	NaN
334.100000	NaN	NaN
334.200000	NaN	NaN
334.300000	NaN	NaN
334.400000	NaN	NaN
334.500000	1.657668	-0.338955
334.600000	NaN	NaN
334.700000	NaN	NaN
334.800000	NaN	NaN
334.900000	NaN	NaN
335.000000	NaN	NaN
335.100000	NaN	NaN
335.200000	NaN	NaN
335.300000	NaN	NaN
335.400000	NaN	NaN
335.500000	0.581049	0.254615
335.600000	NaN	NaN
335.700000	NaN	NaN
335.800000	NaN	NaN
335.900000	NaN	NaN
336.000000	NaN	NaN
336.100000	NaN	NaN
336.200000	NaN	NaN
336.300000	NaN	NaN
336.400000	NaN	NaN
336.500000	2.178865	-0.027367
336.600000	NaN	NaN
336.700000	NaN	NaN
336.800000	NaN	NaN
336.900000	NaN	NaN
337.000000	NaN	NaN
337.100000	NaN	NaN
337.200000	NaN	NaN
337.300000	NaN	NaN
337.400000	NaN	NaN
337.500000	0.632512	0.065687
337.600000	NaN	NaN
337.700000	NaN	NaN
337.800000	NaN	NaN
337.900000	NaN	NaN
338.000000	NaN	NaN
338.100000	NaN	NaN
338.200000	NaN	NaN
338.300000	NaN	NaN
338.400000	NaN	NaN
338.500000	2.033312	-0.220568
338.600000	NaN	NaN
338.700000	NaN	NaN
338.800000	NaN	NaN
338.900000	NaN	NaN
339.000000	NaN	NaN
339.100000	NaN	NaN
339.200000	NaN	NaN
339.300000	NaN	NaN
339.400000	NaN	NaN
339.500000	0.612013	0.092031
339.600000	NaN	NaN
339.700000	NaN	NaN
339.800000	NaN	NaN
339.900000	NaN	NaN
340.000000	NaN	NaN
340.100000	NaN	NaN
340.200000	NaN	NaN
340.300000	NaN	NaN
340.400000	NaN	NaN
340.500000	1.925220	-0.191868
340.600000	NaN	NaN
340.700000	NaN	NaN
340.800000	NaN	NaN
340.900000	NaN	NaN
341.000000	NaN	NaN
341.100000	NaN	NaN
341.200000	NaN	NaN
341.300000	NaN	NaN
341.400000	NaN	NaN
341.500000	0.767872	-0.033358
341.600000	NaN	NaN
341.700000	NaN	NaN
341.800000	NaN	NaN
341.900000	NaN	NaN
342.000000	NaN	NaN
342.100000	NaN	NaN
342.200000	NaN	NaN
342.300000	NaN	NaN
342.400000	NaN	NaN
342.500000	1.984173	-0.050830
342.600000	NaN	NaN
342.700000	NaN	NaN
342.800000	NaN	NaN
342.900000	NaN	NaN
343.000000	NaN	NaN
343.100000	NaN	NaN
343.200000	NaN	NaN
343.300000	NaN	NaN
343.400000	NaN	NaN
343.500000	0.817062	0.202681
343.600000	NaN	NaN
343.700000	NaN	NaN
343.800000	NaN	NaN
343.900000	NaN	NaN
344.000000	NaN	NaN
344.100000	NaN	NaN
344.200000	NaN	NaN
344.300000	NaN	NaN
344.400000	NaN	NaN
344.500000	1.863715	-0.051813
344.600000	NaN	NaN
344.700000	NaN	NaN
344.800000	NaN	NaN
344.900000	NaN	NaN
345.000000	NaN	NaN
345.100000	NaN	NaN
345.200000	NaN	NaN
345.300000	NaN	NaN
345.400000	NaN	NaN
345.500000	0.706549	-0.067977
345.600000	NaN	NaN
345.700000	NaN	NaN
345.800000	NaN	NaN
345.900000	NaN	NaN
346.000000	NaN	NaN
346.100000	NaN	NaN
346.200000	NaN	NaN
346.300000	NaN	NaN
346.400000	NaN	NaN
346.500000	2.076362	0.099573
346.600000	NaN	NaN
346.700000	NaN	NaN
346.800000	NaN	NaN
346.900000	NaN	NaN
347.000000	NaN	NaN
347.100000	NaN	NaN
347.200000	NaN	NaN
347.300000	NaN	NaN
347.400000	NaN	NaN
347.500000	0.638346	-0.056329
347.600000	NaN	NaN
347.700000	NaN	NaN
347.800000	NaN	NaN
347.900000	NaN	NaN
348.000000	NaN	NaN
348.100000	NaN	NaN
348.200000	NaN	NaN
348.300000	NaN	NaN
348.400000	NaN	NaN
348.500000	1.715314	0.188804
348.600000	NaN	NaN
348.700000	NaN	NaN
348.800000	NaN	NaN
348.900000	NaN	NaN
349.000000	NaN	NaN
349.100000	NaN	NaN
349.200000	NaN	NaN
349.300000	NaN	NaN
349.400000	NaN	NaN
349.500000	0.651192	0.118591
349.600000	NaN	NaN
349.700000	NaN	NaN
349.800000	NaN	NaN
349.900000	NaN	NaN
350.000000	NaN	NaN
350.100000	NaN	NaN
350.200000	NaN	NaN
350.300000	NaN	NaN
350.400000	NaN	NaN
350.500000	2.395122	0.006191
350.600000	NaN	NaN
350.700000	NaN	NaN
350.800000	NaN	NaN
350.900000	NaN	NaN
351.000000	NaN	NaN
351.100000	NaN	NaN
351.200000	NaN	NaN
351.300000	NaN	NaN
351.400000	NaN	NaN
351.500000	0.553190	0.072771
351.600000	NaN	NaN
351.700000	NaN	NaN
351.800000	NaN	NaN
351.900000	NaN	NaN
352.000000	NaN	NaN
352.100000	NaN	NaN
352.200000	NaN	NaN
352.300000	NaN	NaN
352.400000	NaN	NaN
352.500000	1.578165	-0.060705
352.600000	NaN	NaN
352.700000	NaN	NaN
352.800000	NaN	NaN
352.900000	NaN	NaN
353.000000	NaN	NaN
353.100000	NaN	NaN
353.200000	NaN	NaN
353.300000	NaN	NaN
353.400000	NaN	NaN
353.500000	0.731384	-0.130203
353.600000	NaN	NaN
353.700000	NaN	NaN
353.800000	NaN	NaN
353.900000	NaN	NaN
354.000000	NaN	NaN
354.100000	NaN	NaN
354.200000	NaN	NaN
354.300000	NaN	NaN
354.400000	NaN	NaN
354.500000	1.780764	-0.143684
354.600000	NaN	NaN
354.700000	NaN	NaN
354.800000	NaN	NaN
354.900000	NaN	NaN
355.000000	NaN	NaN
355.100000	NaN	NaN
355.200000	NaN	NaN
355.300000	NaN	NaN
355.400000	NaN	NaN
355.500000	0.714137	0.146310
355.600000	NaN	NaN
355.700000	NaN	NaN
355.800000	NaN	NaN
355.900000	NaN	NaN
356.000000	NaN	NaN
356.100000	NaN	NaN
356.200000	NaN	NaN
356.300000	NaN	NaN
356.400000	NaN	NaN
356.500000	1.982529	0.169823
356.600000	NaN	NaN
356.700000	NaN	NaN
356.800000	NaN	NaN
356.900000	NaN	NaN
357.000000	NaN	NaN
357.100000	NaN	NaN
357.200000	NaN	NaN
357.300000	NaN	NaN
357.400000	NaN	NaN
357.500000	0.686270	-0.115897
357.600000	NaN	NaN
357.700000	NaN	NaN
357.800000	NaN	NaN
357.900000	NaN	NaN
358.000000	NaN	NaN
358.100000	NaN	NaN
358.200000	NaN	NaN
358.300000	NaN	NaN
358.400000	NaN	NaN
358.500000	1.597604	0.004226
358.600000	NaN	NaN
358.700000	NaN	NaN
358.800000	NaN	NaN
358.900000	NaN	NaN
359.000000	NaN	NaN
359.100000	NaN	NaN
359.200000	NaN	NaN
359.300000	NaN	NaN
359.400000	NaN	NaN
359.500000	0.661903	0.128334
359.600000	NaN	NaN
359.700000	NaN	NaN
359.800000	NaN	NaN
359.900000	NaN	NaN
360.000000	NaN	NaN
360.100000	NaN	NaN
360.200000	NaN	NaN
360.300000	NaN	NaN
360.400000	NaN	NaN
360.500000	1.740362	-0.111145
360.600000	NaN	NaN
360.700000	NaN	NaN
360.800000	NaN	NaN
360.900000	NaN	NaN
361.000000	NaN	NaN
361.100000	NaN	NaN
361.200000	NaN	NaN
361.300000	NaN	NaN
361.400000	NaN	NaN
361.500000	0.570851	-0.123446
361.600000	NaN	NaN
361.700000	NaN	NaN
361.800000	NaN	NaN
361.900000	NaN	NaN
362.000000	NaN	NaN
362.100000	NaN	NaN
362.200000	NaN	NaN
362.300000	NaN	NaN
362.400000	NaN	NaN
362.500000	1.795191	0.054306
362.600000	NaN	NaN
362.700000	NaN	NaN
362.800000	NaN	NaN
362.900000	NaN	NaN
363.000000	NaN	NaN
363.100000	NaN	NaN
363.200000	NaN	NaN
363.300000	NaN	NaN
363.400000	NaN	NaN
363.500000	0.708142	-0.079545
363.600000	NaN	NaN
363.700000	NaN	NaN
363.800000	NaN	NaN
363.900000	NaN	NaN
364.000000	NaN	NaN
364.100000	NaN	NaN
364.200000	NaN	NaN
364.300000	NaN	NaN
364.400000	NaN	NaN
364.500000	1.593929	-0.146884
364.600000	NaN	NaN
364.700000	NaN	NaN
364.800000	NaN	NaN
364.900000	NaN	NaN
365.000000	NaN	NaN
365.100000	NaN	NaN
365.200000	NaN	NaN
365.300000	NaN	NaN
365.400000	NaN	NaN
365.500000	0.636866	-0.097439
365.600000	NaN	NaN
365.700000	NaN	NaN
365.800000	NaN	NaN
365.900000	NaN	NaN
366.000000	NaN	NaN
366.100000	NaN	NaN
366.200000	NaN	NaN
366.300000	NaN	NaN
366.400000	NaN	NaN
366.500000	1.801322	-0.040890
366.600000	NaN	NaN
366.700000	NaN	NaN
366.800000	NaN	NaN
366.900000	NaN	NaN
367.000000	NaN	NaN
367.100000	NaN	NaN
367.200000	NaN	NaN
367.300000	NaN	NaN
367.400000	NaN	NaN
367.500000	0.649313	-0.010543
367.600000	NaN	NaN
367.700000	NaN	NaN
367.800000	NaN	NaN
367.900000	NaN	NaN
368.000000	NaN	NaN
368.100000	NaN	NaN
368.200000	NaN	NaN
368.300000	NaN	NaN
368.400000	NaN	NaN
368.500000	1.721747	0.063880
368.600000	NaN	NaN
368.700000	NaN	NaN
368.800000	NaN	NaN
368.900000	NaN	NaN
369.000000	NaN	NaN
369.100000	NaN	NaN
369.200000	NaN	NaN
369.300000	NaN	NaN
369.400000	NaN	NaN
369.500000	0.726870	-0.078361
369.600000	NaN	NaN
369.700000	NaN	NaN
369.800000	NaN	NaN
369.900000	NaN	NaN
370.000000	NaN	NaN
370.100000	NaN	NaN
370.200000	NaN	NaN
370.300000	NaN	NaN
370.400000	NaN	NaN
370.500000	1.730648	-0.044190
370.600000	NaN	NaN
370.700000	NaN	NaN
370.800000	NaN	NaN
370.900000	NaN	NaN
371.000000	NaN	NaN
371.100000	NaN	NaN
371.200000	NaN	NaN
371.300000	NaN	NaN
371.400000	NaN	NaN
371.500000	0.616865	-0.047762
371.600000	NaN	NaN
371.700000	NaN	NaN
371.800000	NaN	NaN
371.900000	NaN	NaN
372.000000	NaN	NaN
372.100000	NaN	NaN
372.200000	NaN	NaN
372.300000	NaN	NaN
372.400000	NaN	NaN
372.500000	1.760420	-0.099331
372.600000	NaN	NaN
372.700000	NaN	NaN
372.800000	NaN	NaN
372.900000	NaN	NaN
373.000000	NaN	NaN
373.100000	NaN	NaN
373.200000	NaN	NaN
373.300000	NaN	NaN
373.400000	NaN	NaN
373.500000	0.635866	0.029048
373.600000	NaN	NaN
373.700000	NaN	NaN
373.800000	NaN	NaN
373.900000	NaN	NaN
374.000000	NaN	NaN
374.100000	NaN	NaN
374.200000	NaN	NaN
374.300000	NaN	NaN
374.400000	NaN	NaN
374.500000	1.681725	-0.012319
374.600000	NaN	NaN
374.700000	NaN	NaN
374.800000	NaN	NaN
374.900000	NaN	NaN
375.000000	NaN	NaN
375.100000	NaN	NaN
375.200000	NaN	NaN
375.300000	NaN	NaN
375.400000	NaN	NaN
375.500000	0.646083	0.078970
375.600000	NaN	NaN
375.700000	NaN	NaN
375.800000	NaN	NaN
375.900000	NaN	NaN
376.000000	NaN	NaN
376.100000	NaN	NaN
376.200000	NaN	NaN
376.300000	NaN	NaN
376.400000	NaN	NaN
376.500000	1.570794	-0.061167
376.600000	NaN	NaN
376.700000	NaN	NaN
376.800000	NaN	NaN
376.900000	NaN	NaN
377.000000	NaN	NaN
377.100000	NaN	NaN
377.200000	NaN	NaN
377.300000	NaN	NaN
377.400000	NaN	NaN
377.500000	0.676475	-0.038178
377.600000	NaN	NaN
377.700000	NaN	NaN
377.800000	NaN	NaN
377.900000	NaN	NaN
378.000000	NaN	NaN
378.100000	NaN	NaN
378.200000	NaN	NaN
378.300000	NaN	NaN
378.400000	NaN	NaN
378.500000	1.540976	0.058527
378.600000	NaN	NaN
378.700000	NaN	NaN
378.800000	NaN	NaN
378.900000	NaN	NaN
379.000000	NaN	NaN
379.100000	NaN	NaN
379.200000	NaN	NaN
379.300000	NaN	NaN
379.400000	NaN	NaN
379.500000	0.633617	-0.047314
379.600000	NaN	NaN
379.700000	NaN	NaN
379.800000	NaN	NaN
379.900000	NaN	NaN
380.000000	NaN	NaN
380.100000	NaN	NaN
380.200000	NaN	NaN
380.300000	NaN	NaN
380.400000	NaN	NaN
380.500000	1.536263	-0.014769
380.600000	NaN	NaN
380.700000	NaN	NaN
380.800000	NaN	NaN
380.900000	NaN	NaN
381.000000	NaN	NaN
381.100000	NaN	NaN
381.200000	NaN	NaN
381.300000	NaN	NaN
381.400000	NaN	NaN
381.500000	0.612020	0.008639
381.600000	NaN	NaN
381.700000	NaN	NaN
381.800000	NaN	NaN
381.900000	NaN	NaN
382.000000	NaN	NaN
382.100000	NaN	NaN
382.200000	NaN	NaN
382.300000	NaN	NaN
382.400000	NaN	NaN
382.500000	1.624157	-0.034896
382.600000	NaN	NaN
382.700000	NaN	NaN
382.800000	NaN	NaN
382.900000	NaN	NaN
383.000000	NaN	NaN
383.100000	NaN	NaN
383.200000	NaN	NaN
383.300000	NaN	NaN
383.400000	NaN	NaN
383.500000	0.628566	0.042971
383.600000	NaN	NaN
383.700000	NaN	NaN
383.800000	NaN	NaN
383.900000	NaN	NaN
384.000000	NaN	NaN
384.100000	NaN	NaN
384.200000	NaN	NaN
384.300000	NaN	NaN
384.400000	NaN	NaN
384.500000	1.489175	-0.136052
384.600000	NaN	NaN
384.700000	NaN	NaN
384.800000	NaN	NaN
384.900000	NaN	NaN
385.000000	NaN	NaN
385.100000	NaN	NaN
385.200000	NaN	NaN
385.300000	NaN	NaN
385.400000	NaN	NaN
385.500000	0.683485	-0.012843
385.600000	NaN	NaN
385.700000	NaN	NaN
385.800000	NaN	NaN
385.900000	NaN	NaN
386.000000	NaN	NaN
386.100000	NaN	NaN
386.200000	NaN	NaN
386.300000	NaN	NaN
386.400000	NaN	NaN
386.500000	1.425549	-0.111915
386.600000	NaN	NaN
386.700000	NaN	NaN
386.800000	NaN	NaN
386.900000	NaN	NaN
387.000000	NaN	NaN
387.100000	NaN	NaN
387.200000	NaN	NaN
387.300000	NaN	NaN
387.400000	NaN	NaN
387.500000	0.693660	0.004472
387.600000	NaN	NaN
387.700000	NaN	NaN
387.800000	NaN	NaN
387.900000	NaN	NaN
388.000000	NaN	NaN
388.100000	NaN	NaN
388.200000	NaN	NaN
388.300000	NaN	NaN
388.400000	NaN	NaN
388.500000	1.533872	-0.036083
388.600000	NaN	NaN
388.700000	NaN	NaN
388.800000	NaN	NaN
388.900000	NaN	NaN
389.000000	NaN	NaN
389.100000	NaN	NaN
389.200000	NaN	NaN
389.300000	NaN	NaN
389.400000	NaN	NaN
389.500000	0.670802	-0.055702
389.600000	NaN	NaN
389.700000	NaN	NaN
389.800000	NaN	NaN
389.900000	NaN	NaN
390.000000	NaN	NaN
390.100000	NaN	NaN
390.200000	NaN	NaN
390.300000	NaN	NaN
390.400000	NaN	NaN
390.500000	1.488399	-0.019285
390.600000	NaN	NaN
390.700000	NaN	NaN
390.800000	NaN	NaN
390.900000	NaN	NaN
391.000000	NaN	NaN
391.100000	NaN	NaN
391.200000	NaN	NaN
391.300000	NaN	NaN
391.400000	NaN	NaN
391.500000	0.693485	-0.049112
391.600000	NaN	NaN
391.700000	NaN	NaN
391.800000	NaN	NaN
391.900000	NaN	NaN
392.000000	NaN	NaN
392.100000	NaN	NaN
392.200000	NaN	NaN
392.300000	NaN	NaN
392.400000	NaN	NaN
392.500000	1.410387	-0.012345
392.600000	NaN	NaN
392.700000	NaN	NaN
392.800000	NaN	NaN
392.900000	NaN	NaN
393.000000	NaN	NaN
393.100000	NaN	NaN
393.200000	NaN	NaN
393.300000	NaN	NaN
393.400000	NaN	NaN
393.500000	0.705986	0.007176
393.600000	NaN	NaN
393.700000	NaN	NaN
393.800000	NaN	NaN
393.900000	NaN	NaN
394.000000	NaN	NaN
394.100000	NaN	NaN
394.200000	NaN	NaN
394.300000	NaN	NaN
394.400000	NaN	NaN
394.500000	1.431039	-0.001929
394.600000	NaN	NaN
394.700000	NaN	NaN
394.800000	NaN	NaN
394.900000	NaN	NaN
395.000000	NaN	NaN
395.100000	NaN	NaN
395.200000	NaN	NaN
395.300000	NaN	NaN
395.400000	NaN	NaN
395.500000	0.679083	-0.023930
395.600000	NaN	NaN
395.700000	NaN	NaN
395.800000	NaN	NaN
395.900000	NaN	NaN
396.000000	NaN	NaN
396.100000	NaN	NaN
396.200000	NaN	NaN
396.300000	NaN	NaN
396.400000	NaN	NaN
396.500000	1.413337	-0.020682
396.600000	NaN	NaN
396.700000	NaN	NaN
396.800000	NaN	NaN
396.900000	NaN	NaN
397.000000	NaN	NaN
397.100000	NaN	NaN
397.200000	NaN	NaN
397.300000	NaN	NaN
397.400000	NaN	NaN
397.500000	0.711412	-0.015195
397.600000	NaN	NaN
397.700000	NaN	NaN
397.800000	NaN	NaN
397.900000	NaN	NaN
398.000000	NaN	NaN
398.100000	NaN	NaN
398.200000	NaN	NaN
398.300000	NaN	NaN
398.400000	NaN	NaN
398.500000	1.381331	-0.035214
398.600000	NaN	NaN
398.700000	NaN	NaN
398.800000	NaN	NaN
398.900000	NaN	NaN
399.000000	NaN	NaN
399.100000	NaN	NaN
399.200000	NaN	NaN
399.300000	NaN	NaN
399.400000	NaN	NaN
399.500000	0.695622	-0.005408
399.600000	NaN	NaN
399.700000	NaN	NaN
399.800000	NaN	NaN
399.900000	NaN	NaN
400.000000	NaN	NaN
400.100000	NaN	NaN
400.200000	NaN	NaN
400.300000	NaN	NaN
400.400000	NaN	NaN
400.500000	1.355288	-0.045214
400.600000	NaN	NaN
400.700000	NaN	NaN
400.800000	NaN	NaN
400.900000	NaN	NaN
401.000000	NaN	NaN
401.100000	NaN	NaN
401.200000	NaN	NaN
401.300000	NaN	NaN
401.400000	NaN	NaN
401.500000	0.713748	0.005984
401.600000	NaN	NaN
401.700000	NaN	NaN
401.800000	NaN	NaN
401.900000	NaN	NaN
402.000000	NaN	NaN
402.100000	NaN	NaN
402.200000	NaN	NaN
402.300000	NaN	NaN
402.400000	NaN	NaN
402.500000	1.367367	-0.018464
402.600000	NaN	NaN
402.700000	NaN	NaN
402.800000	NaN	NaN
402.900000	NaN	NaN
403.000000	NaN	NaN
403.100000	NaN	NaN
403.200000	NaN	NaN
403.300000	NaN	NaN
403.400000	NaN	NaN
403.500000	0.733877	-0.004393
403.600000	NaN	NaN
403.700000	NaN	NaN
403.800000	NaN	NaN
403.900000	NaN	NaN
404.000000	NaN	NaN
404.100000	NaN	NaN
404.200000	NaN	NaN
404.300000	NaN	NaN
404.400000	NaN	NaN
404.500000	1.341965	-0.025563
404.600000	NaN	NaN
404.700000	NaN	NaN
404.800000	NaN	NaN
404.900000	NaN	NaN
405.000000	NaN	NaN
405.100000	NaN	NaN
405.200000	NaN	NaN
405.300000	NaN	NaN
405.400000	NaN	NaN
405.500000	0.720942	-0.000236
405.600000	NaN	NaN
405.700000	NaN	NaN
405.800000	NaN	NaN
405.900000	NaN	NaN
406.000000	NaN	NaN
406.100000	NaN	NaN
406.200000	NaN	NaN
406.300000	NaN	NaN
406.400000	NaN	NaN
406.500000	1.287397	-0.000523
406.600000	NaN	NaN
406.700000	NaN	NaN
406.800000	NaN	NaN
406.900000	NaN	NaN
407.000000	NaN	NaN
407.100000	NaN	NaN
407.200000	NaN	NaN
407.300000	NaN	NaN
407.400000	NaN	NaN
407.500000	0.718737	-0.019631
407.600000	NaN	NaN
407.700000	NaN	NaN
407.800000	NaN	NaN
407.900000	NaN	NaN
408.000000	NaN	NaN
408.100000	NaN	NaN
408.200000	NaN	NaN
408.300000	NaN	NaN
408.400000	NaN	NaN
408.500000	1.309534	0.001502
408.600000	NaN	NaN
408.700000	NaN	NaN
408.800000	NaN	NaN
408.900000	NaN	NaN
409.000000	NaN	NaN
409.100000	NaN	NaN
409.200000	NaN	NaN
409.300000	NaN	NaN
409.400000	NaN	NaN
409.500000	0.718929	-0.012710
409.600000	NaN	NaN
409.700000	NaN	NaN
409.800000	NaN	NaN
409.900000	NaN	NaN
410.000000	NaN	NaN
410.100000	NaN	NaN
410.200000	NaN	NaN
410.300000	NaN	NaN
410.400000	NaN	NaN
410.500000	1.310264	-0.014361
410.600000	NaN	NaN
410.700000	NaN	NaN
410.800000	NaN	NaN
410.900000	NaN	NaN
411.000000	NaN	NaN
411.100000	NaN	NaN
411.200000	NaN	NaN
411.300000	NaN	NaN
411.400000	NaN	NaN
411.500000	0.715575	-0.039572
411.600000	NaN	NaN
411.700000	NaN	NaN
411.800000	NaN	NaN
411.900000	NaN	NaN
412.000000	NaN	NaN
412.100000	NaN	NaN
412.200000	NaN	NaN
412.300000	NaN	NaN
412.400000	NaN	NaN
412.500000	1.301282	-0.015147
412.600000	NaN	NaN
412.700000	NaN	NaN
412.800000	NaN	NaN
412.900000	NaN	NaN
413.000000	NaN	NaN
413.100000	NaN	NaN
413.200000	NaN	NaN
413.300000	NaN	NaN
413.400000	NaN	NaN
413.500000	0.727829	-0.019940
413.600000	NaN	NaN
413.700000	NaN	NaN
413.800000	NaN	NaN
413.900000	NaN	NaN
414.000000	NaN	NaN
414.100000	NaN	NaN
414.200000	NaN	NaN
414.300000	NaN	NaN
414.400000	NaN	NaN
414.500000	1.286436	-0.028351
414.600000	NaN	NaN
414.700000	NaN	NaN
414.800000	NaN	NaN
414.900000	NaN	NaN
415.000000	NaN	NaN
415.100000	NaN	NaN
415.200000	NaN	NaN
415.300000	NaN	NaN
415.400000	NaN	NaN
415.500000	0.731501	-0.030365
415.600000	NaN	NaN
415.700000	NaN	NaN
415.800000	NaN	NaN
415.900000	NaN	NaN
416.000000	NaN	NaN
416.100000	NaN	NaN
416.200000	NaN	NaN
416.300000	NaN	NaN
416.400000	NaN	NaN
416.500000	1.285207	-0.019116
416.600000	NaN	NaN
416.700000	NaN	NaN
416.800000	NaN	NaN
416.900000	NaN	NaN
417.000000	NaN	NaN
417.100000	NaN	NaN
417.200000	NaN	NaN
417.300000	NaN	NaN
417.400000	NaN	NaN
417.500000	0.741093	-0.023618
417.600000	NaN	NaN
417.700000	NaN	NaN
417.800000	NaN	NaN
417.900000	NaN	NaN
418.000000	NaN	NaN
418.100000	NaN	NaN
418.200000	NaN	NaN
418.300000	NaN	NaN
418.400000	NaN	NaN
418.500000	1.263211	-0.005395
418.600000	NaN	NaN
418.700000	NaN	NaN
418.800000	NaN	NaN
418.900000	NaN	NaN
419.000000	NaN	NaN
419.100000	NaN	NaN
419.200000	NaN	NaN
419.300000	NaN	NaN
419.400000	NaN	NaN
419.500000	0.755975	-0.023070
419.600000	NaN	NaN
419.700000	NaN	NaN
419.800000	NaN	NaN
419.900000	NaN	NaN
420.000000	NaN	NaN
420.100000	NaN	NaN
420.200000	NaN	NaN
420.300000	NaN	NaN
420.400000	NaN	NaN
420.500000	1.255077	-0.007655
420.600000	NaN	NaN
420.700000	NaN	NaN
420.800000	NaN	NaN
420.900000	NaN	NaN
421.000000	NaN	NaN
421.100000	NaN	NaN
421.200000	NaN	NaN
421.300000	NaN	NaN
421.400000	NaN	NaN
421.500000	0.749787	-0.020924
421.600000	NaN	NaN
421.700000	NaN	NaN
421.800000	NaN	NaN
421.900000	NaN	NaN
422.000000	NaN	NaN
422.100000	NaN	NaN
422.200000	NaN	NaN
422.300000	NaN	NaN
422.400000	NaN	NaN
422.500000	1.240860	-0.010550
422.600000	NaN	NaN
422.700000	NaN	NaN
422.800000	NaN	NaN
422.900000	NaN	NaN
423.000000	NaN	NaN
423.100000	NaN	NaN
423.200000	NaN	NaN
423.300000	NaN	NaN
423.400000	NaN	NaN
423.500000	0.750961	-0.008539
423.600000	NaN	NaN
423.700000	NaN	NaN
423.800000	NaN	NaN
423.900000	NaN	NaN
424.000000	NaN	NaN
424.100000	NaN	NaN
424.200000	NaN	NaN
424.300000	NaN	NaN
424.400000	NaN	NaN
424.500000	1.230472	-0.007069
424.600000	NaN	NaN
424.700000	NaN	NaN
424.800000	NaN	NaN
424.900000	NaN	NaN
425.000000	NaN	NaN
425.100000	NaN	NaN
425.200000	NaN	NaN
425.300000	NaN	NaN
425.400000	NaN	NaN
425.500000	0.751828	-0.014847
425.600000	NaN	NaN
425.700000	NaN	NaN
425.800000	NaN	NaN
425.900000	NaN	NaN
426.000000	NaN	NaN
426.100000	NaN	NaN
426.200000	NaN	NaN
426.300000	NaN	NaN
426.400000	NaN	NaN
426.500000	1.216848	-0.005273
426.600000	NaN	NaN
426.700000	NaN	NaN
426.800000	NaN	NaN
426.900000	NaN	NaN
427.000000	NaN	NaN
427.100000	NaN	NaN
427.200000	NaN	NaN
427.300000	NaN	NaN
427.400000	NaN	NaN
427.500000	0.757051	-0.009306
427.600000	NaN	NaN
427.700000	NaN	NaN
427.800000	NaN	NaN
427.900000	NaN	NaN
428.000000	NaN	NaN
428.100000	NaN	NaN
428.200000	NaN	NaN
428.300000	NaN	NaN
428.400000	NaN	NaN
428.500000	1.210509	-0.009025
428.600000	NaN	NaN
428.700000	NaN	NaN
428.800000	NaN	NaN
428.900000	NaN	NaN
429.000000	NaN	NaN
429.100000	NaN	NaN
429.200000	NaN	NaN
429.300000	NaN	NaN
429.400000	NaN	NaN
429.500000	0.760435	-0.006759
429.600000	NaN	NaN
429.700000	NaN	NaN
429.800000	NaN	NaN
429.900000	NaN	NaN
430.000000	NaN	NaN
430.100000	NaN	NaN
430.200000	NaN	NaN
430.300000	NaN	NaN
430.400000	NaN	NaN
430.500000	1.197940	-0.019496
430.600000	NaN	NaN
430.700000	NaN	NaN
430.800000	NaN	NaN
430.900000	NaN	NaN
431.000000	NaN	NaN
431.100000	NaN	NaN
431.200000	NaN	NaN
431.300000	NaN	NaN
431.400000	NaN	NaN
431.500000	0.764142	-0.016836
431.600000	NaN	NaN
431.700000	NaN	NaN
431.800000	NaN	NaN
431.900000	NaN	NaN
432.000000	NaN	NaN
432.100000	NaN	NaN
432.200000	NaN	NaN
432.300000	NaN	NaN
432.400000	NaN	NaN
432.500000	1.190188	-0.010807
432.600000	NaN	NaN
432.700000	NaN	NaN
432.800000	NaN	NaN
432.900000	NaN	NaN
433.000000	NaN	NaN
433.100000	NaN	NaN
433.200000	NaN	NaN
433.300000	NaN	NaN
433.400000	NaN	NaN
433.500000	0.770159	-0.010073
433.600000	NaN	NaN
433.700000	NaN	NaN
433.800000	NaN	NaN
433.900000	NaN	NaN
434.000000	NaN	NaN
434.100000	NaN	NaN
434.200000	NaN	NaN
434.300000	NaN	NaN
434.400000	NaN	NaN
434.500000	1.173377	-0.015284
434.600000	NaN	NaN
434.700000	NaN	NaN
434.800000	NaN	NaN
434.900000	NaN	NaN
435.000000	NaN	NaN
435.100000	NaN	NaN
435.200000	NaN	NaN
435.300000	NaN	NaN
435.400000	NaN	NaN
435.500000	0.776146	-0.009234
435.600000	NaN	NaN
435.700000	NaN	NaN
435.800000	NaN	NaN
435.900000	NaN	NaN
436.000000	NaN	NaN
436.100000	NaN	NaN
436.200000	NaN	NaN
436.300000	NaN	NaN
436.400000	NaN	NaN
436.500000	1.169523	-0.015549
436.600000	NaN	NaN
436.700000	NaN	NaN
436.800000	NaN	NaN
436.900000	NaN	NaN
437.000000	NaN	NaN
437.100000	NaN	NaN
437.200000	NaN	NaN
437.300000	NaN	NaN
437.400000	NaN	NaN
437.500000	0.780948	-0.012873
437.600000	NaN	NaN
437.700000	NaN	NaN
437.800000	NaN	NaN
437.900000	NaN	NaN
438.000000	NaN	NaN
438.100000	NaN	NaN
438.200000	NaN	NaN
438.300000	NaN	NaN
438.400000	NaN	NaN
438.500000	1.160754	-0.005938
438.600000	NaN	NaN
438.700000	NaN	NaN
438.800000	NaN	NaN
438.900000	NaN	NaN
439.000000	NaN	NaN
439.100000	NaN	NaN
439.200000	NaN	NaN
439.300000	NaN	NaN
439.400000	NaN	NaN
439.500000	0.785496	-0.012919
439.600000	NaN	NaN
439.700000	NaN	NaN
439.800000	NaN	NaN
439.900000	NaN	NaN
440.000000	NaN	NaN
440.100000	NaN	NaN
440.200000	NaN	NaN
440.300000	NaN	NaN
440.400000	NaN	NaN
440.500000	1.154722	-0.009215
440.600000	NaN	NaN
440.700000	NaN	NaN
440.800000	NaN	NaN
440.900000	NaN	NaN
441.000000	NaN	NaN
441.100000	NaN	NaN
441.200000	NaN	NaN
441.300000	NaN	NaN
441.400000	NaN	NaN
441.500000	0.786359	-0.011744
441.600000	NaN	NaN
441.700000	NaN	NaN
441.800000	NaN	NaN
441.900000	NaN	NaN
442.000000	NaN	NaN
442.100000	NaN	NaN
442.200000	NaN	NaN
442.300000	NaN	NaN
442.400000	NaN	NaN
442.500000	1.143722	-0.009864
442.600000	NaN	NaN
442.700000	NaN	NaN
442.800000	NaN	NaN
442.900000	NaN	NaN
443.000000	NaN	NaN
443.100000	NaN	NaN
443.200000	NaN	NaN
443.300000	NaN	NaN
443.400000	NaN	NaN
443.500000	0.791077	-0.008156
443.600000	NaN	NaN
443.700000	NaN	NaN
443.800000	NaN	NaN
443.900000	NaN	NaN
444.000000	NaN	NaN
444.100000	NaN	NaN
444.200000	NaN	NaN
444.300000	NaN	NaN
444.400000	NaN	NaN
444.500000	1.131173	-0.009982
444.600000	NaN	NaN
444.700000	NaN	NaN
444.800000	NaN	NaN
444.900000	NaN	NaN
445.000000	NaN	NaN
445.100000	NaN	NaN
445.200000	NaN	NaN
445.300000	NaN	NaN
445.400000	NaN	NaN
445.500000	0.798465	-0.009115
445.600000	NaN	NaN
445.700000	NaN	NaN
445.800000	NaN	NaN
445.900000	NaN	NaN
446.000000	NaN	NaN
446.100000	NaN	NaN
446.200000	NaN	NaN
446.300000	NaN	NaN
446.400000	NaN	NaN
446.500000	1.123604	-0.010272
446.600000	NaN	NaN
446.700000	NaN	NaN
446.800000	NaN	NaN
446.900000	NaN	NaN
447.000000	NaN	NaN
447.100000	NaN	NaN
447.200000	NaN	NaN
447.300000	NaN	NaN
447.400000	NaN	NaN
447.500000	0.802118	-0.009313
447.600000	NaN	NaN
447.700000	NaN	NaN
447.800000	NaN	NaN
447.900000	NaN	NaN
448.000000	NaN	NaN
448.100000	NaN	NaN
448.200000	NaN	NaN
448.300000	NaN	NaN
448.400000	NaN	NaN
448.500000	1.115587	-0.008688
448.600000	NaN	NaN
448.700000	NaN	NaN
448.800000	NaN	NaN
448.900000	NaN	NaN
449.000000	NaN	NaN
449.100000	NaN	NaN
449.200000	NaN	NaN
449.300000	NaN	NaN
449.400000	NaN	NaN
449.500000	0.805638	-0.009477
449.600000	NaN	NaN
449.700000	NaN	NaN
449.800000	NaN	NaN
449.900000	NaN	NaN
450.000000	NaN	NaN
450.100000	NaN	NaN
450.200000	NaN	NaN
450.300000	NaN	NaN
450.400000	NaN	NaN
450.500000	1.106430	-0.009697
450.600000	NaN	NaN
450.700000	NaN	NaN
450.800000	NaN	NaN
450.900000	NaN	NaN
451.000000	NaN	NaN
451.100000	NaN	NaN
451.200000	NaN	NaN
451.300000	NaN	NaN
451.400000	NaN	NaN
451.500000	0.810354	-0.007575
451.600000	NaN	NaN
451.700000	NaN	NaN
451.800000	NaN	NaN
451.900000	NaN	NaN
452.000000	NaN	NaN
452.100000	NaN	NaN
452.200000	NaN	NaN
452.300000	NaN	NaN
452.400000	NaN	NaN
452.500000	1.098623	-0.008236
452.600000	NaN	NaN
452.700000	NaN	NaN
452.800000	NaN	NaN
452.900000	NaN	NaN
453.000000	NaN	NaN
453.100000	NaN	NaN
453.200000	NaN	NaN
453.300000	NaN	NaN
453.400000	NaN	NaN
453.500000	0.814291	-0.008364
453.600000	NaN	NaN
453.700000	NaN	NaN
453.800000	NaN	NaN
453.900000	NaN	NaN
454.000000	NaN	NaN
454.100000	NaN	NaN
454.200000	NaN	NaN
454.300000	NaN	NaN
454.400000	NaN	NaN
454.500000	1.090173	-0.008641
454.600000	NaN	NaN
454.700000	NaN	NaN
454.800000	NaN	NaN
454.900000	NaN	NaN
455.000000	NaN	NaN
455.100000	NaN	NaN
455.200000	NaN	NaN
455.300000	NaN	NaN
455.400000	NaN	NaN
455.500000	0.819179	-0.008350
455.600000	NaN	NaN
455.700000	NaN	NaN
455.800000	NaN	NaN
455.900000	NaN	NaN
456.000000	NaN	NaN
456.100000	NaN	NaN
456.200000	NaN	NaN
456.300000	NaN	NaN
456.400000	NaN	NaN
456.500000	1.083295	-0.007683
456.600000	NaN	NaN
456.700000	NaN	NaN
456.800000	NaN	NaN
456.900000	NaN	NaN
457.000000	NaN	NaN
457.100000	NaN	NaN
457.200000	NaN	NaN
457.300000	NaN	NaN
457.400000	NaN	NaN
457.500000	0.823569	-0.007220
457.600000	NaN	NaN
457.700000	NaN	NaN
457.800000	NaN	NaN
457.900000	NaN	NaN
458.000000	NaN	NaN
458.100000	NaN	NaN
458.200000	NaN	NaN
458.300000	NaN	NaN
458.400000	NaN	NaN
458.500000	1.074894	-0.006950
458.600000	NaN	NaN
458.700000	NaN	NaN
458.800000	NaN	NaN
458.900000	NaN	NaN
459.000000	NaN	NaN
459.100000	NaN	NaN
459.200000	NaN	NaN
459.300000	NaN	NaN
459.400000	NaN	NaN
459.500000	0.828793	-0.007648
459.600000	NaN	NaN
459.700000	NaN	NaN
459.800000	NaN	NaN
459.900000	NaN	NaN
460.000000	NaN	NaN
460.100000	NaN	NaN
460.200000	NaN	NaN
460.300000	NaN	NaN
460.400000	NaN	NaN
460.500000	1.066420	-0.007969
460.600000	NaN	NaN
460.700000	NaN	NaN
460.800000	NaN	NaN
460.900000	NaN	NaN
461.000000	NaN	NaN
461.100000	NaN	NaN
461.200000	NaN	NaN
461.300000	NaN	NaN
461.400000	NaN	NaN
461.500000	0.833341	-0.007701
461.600000	NaN	NaN
461.700000	NaN	NaN
461.800000	NaN	NaN
461.900000	NaN	NaN
462.000000	NaN	NaN
462.100000	NaN	NaN
462.200000	NaN	NaN
462.300000	NaN	NaN
462.400000	NaN	NaN
462.500000	1.059196	-0.006533
462.600000	NaN	NaN
462.700000	NaN	NaN
462.800000	NaN	NaN
462.900000	NaN	NaN
463.000000	NaN	NaN
463.100000	NaN	NaN
463.200000	NaN	NaN
463.300000	NaN	NaN
463.400000	NaN	NaN
463.500000	0.837349	-0.006861
463.600000	NaN	NaN
463.700000	NaN	NaN
463.800000	NaN	NaN
463.900000	NaN	NaN
464.000000	NaN	NaN
464.100000	NaN	NaN
464.200000	NaN	NaN
464.300000	NaN	NaN
464.400000	NaN	NaN
464.500000	1.051637	-0.006009
464.600000	NaN	NaN
464.700000	NaN	NaN
464.800000	NaN	NaN
464.900000	NaN	NaN
465.000000	NaN	NaN
465.100000	NaN	NaN
465.200000	NaN	NaN
465.300000	NaN	NaN
465.400000	NaN	NaN
465.500000	0.842259	-0.006211
465.600000	NaN	NaN
465.700000	NaN	NaN
465.800000	NaN	NaN
465.900000	NaN	NaN
466.000000	NaN	NaN
466.100000	NaN	NaN
466.200000	NaN	NaN
466.300000	NaN	NaN
466.400000	NaN	NaN
466.500000	1.044401	-0.006090
466.600000	NaN	NaN
466.700000	NaN	NaN
466.800000	NaN	NaN
466.900000	NaN	NaN
467.000000	NaN	NaN
467.100000	NaN	NaN
467.200000	NaN	NaN
467.300000	NaN	NaN
467.400000	NaN	NaN
467.500000	0.847140	-0.005812
467.600000	NaN	NaN
467.700000	NaN	NaN
467.800000	NaN	NaN
467.900000	NaN	NaN
468.000000	NaN	NaN
468.100000	NaN	NaN
468.200000	NaN	NaN
468.300000	NaN	NaN
468.400000	NaN	NaN
468.500000	1.036577	-0.005518
468.600000	NaN	NaN
468.700000	NaN	NaN
468.800000	NaN	NaN
468.900000	NaN	NaN
469.000000	NaN	NaN
469.100000	NaN	NaN
469.200000	NaN	NaN
469.300000	NaN	NaN
469.400000	NaN	NaN
469.500000	0.852109	-0.005669
469.600000	NaN	NaN
469.700000	NaN	NaN
469.800000	NaN	NaN
469.900000	NaN	NaN
470.000000	NaN	NaN
470.100000	NaN	NaN
470.200000	NaN	NaN
470.300000	NaN	NaN
470.400000	NaN	NaN
470.500000	1.029668	-0.005102
470.600000	NaN	NaN
470.700000	NaN	NaN
470.800000	NaN	NaN
470.900000	NaN	NaN
471.000000	NaN	NaN
471.100000	NaN	NaN
471.200000	NaN	NaN
471.300000	NaN	NaN
471.400000	NaN	NaN
471.500000	0.857077	-0.005328
471.600000	NaN	NaN
471.700000	NaN	NaN
471.800000	NaN	NaN
471.900000	NaN	NaN
472.000000	NaN	NaN
472.100000	NaN	NaN
472.200000	NaN	NaN
472.300000	NaN	NaN
472.400000	NaN	NaN
472.500000	1.022619	-0.004931
472.600000	NaN	NaN
472.700000	NaN	NaN
472.800000	NaN	NaN
472.900000	NaN	NaN
473.000000	NaN	NaN
473.100000	NaN	NaN
473.200000	NaN	NaN
473.300000	NaN	NaN
473.400000	NaN	NaN
473.500000	0.861951	-0.004765
473.600000	NaN	NaN
473.700000	NaN	NaN
473.800000	NaN	NaN
473.900000	NaN	NaN
474.000000	NaN	NaN
474.100000	NaN	NaN
474.200000	NaN	NaN
474.300000	NaN	NaN
474.400000	NaN	NaN
474.500000	1.015543	-0.004585
474.600000	NaN	NaN
474.700000	NaN	NaN
474.800000	NaN	NaN
474.900000	NaN	NaN
475.000000	NaN	NaN
475.100000	NaN	NaN
475.200000	NaN	NaN
475.300000	NaN	NaN
475.400000	NaN	NaN
475.500000	0.867210	-0.004351
475.600000	NaN	NaN
475.700000	NaN	NaN
475.800000	NaN	NaN
475.900000	NaN	NaN
476.000000	NaN	NaN
476.100000	NaN	NaN
476.200000	NaN	NaN
476.300000	NaN	NaN
476.400000	NaN	NaN
476.500000	1.008594	-0.004220
476.600000	NaN	NaN
476.700000	NaN	NaN
476.800000	NaN	NaN
476.900000	NaN	NaN
477.000000	NaN	NaN
477.100000	NaN	NaN
477.200000	NaN	NaN
477.300000	NaN	NaN
477.400000	NaN	NaN
477.500000	0.872281	-0.004097
477.600000	NaN	NaN
477.700000	NaN	NaN
477.800000	NaN	NaN
477.900000	NaN	NaN
478.000000	NaN	NaN
478.100000	NaN	NaN
478.200000	NaN	NaN
478.300000	NaN	NaN
478.400000	NaN	NaN
478.500000	1.001667	-0.003785
478.600000	NaN	NaN
478.700000	NaN	NaN
478.800000	NaN	NaN
478.900000	NaN	NaN
479.000000	NaN	NaN
479.100000	NaN	NaN
479.200000	NaN	NaN
479.300000	NaN	NaN
479.400000	NaN	NaN
479.500000	0.877393	-0.003704
479.600000	NaN	NaN
479.700000	NaN	NaN
479.800000	NaN	NaN
479.900000	NaN	NaN
480.000000	NaN	NaN
480.100000	NaN	NaN
480.200000	NaN	NaN
480.300000	NaN	NaN
480.400000	NaN	NaN
480.500000	0.995030	-0.003502
480.600000	NaN	NaN
480.700000	NaN	NaN
480.800000	NaN	NaN
480.900000	NaN	NaN
481.000000	NaN	NaN
481.100000	NaN	NaN
481.200000	NaN	NaN
481.300000	NaN	NaN
481.400000	NaN	NaN
481.500000	0.882542	-0.003363
481.600000	NaN	NaN
481.700000	NaN	NaN
481.800000	NaN	NaN
481.900000	NaN	NaN
482.000000	NaN	NaN
482.100000	NaN	NaN
482.200000	NaN	NaN
482.300000	NaN	NaN
482.400000	NaN	NaN
482.500000	0.988336	-0.003156
482.600000	NaN	NaN
482.700000	NaN	NaN
482.800000	NaN	NaN
482.900000	NaN	NaN
483.000000	NaN	NaN
483.100000	NaN	NaN
483.200000	NaN	NaN
483.300000	NaN	NaN
483.400000	NaN	NaN
483.500000	0.887860	-0.002990
483.600000	NaN	NaN
483.700000	NaN	NaN
483.800000	NaN	NaN
483.900000	NaN	NaN
484.000000	NaN	NaN
484.100000	NaN	NaN
484.200000	NaN	NaN
484.300000	NaN	NaN
484.400000	NaN	NaN
484.500000	0.981832	-0.002790
484.600000	NaN	NaN
484.700000	NaN	NaN
484.800000	NaN	NaN
484.900000	NaN	NaN
485.000000	NaN	NaN
485.100000	NaN	NaN
485.200000	NaN	NaN
485.300000	NaN	NaN
485.400000	NaN	NaN
485.500000	0.893205	-0.002636
485.600000	NaN	NaN
485.700000	NaN	NaN
485.800000	NaN	NaN
485.900000	NaN	NaN
486.000000	NaN	NaN
486.100000	NaN	NaN
486.200000	NaN	NaN
486.300000	NaN	NaN
486.400000	NaN	NaN
486.500000	0.975341	-0.002450
486.600000	NaN	NaN
486.700000	NaN	NaN
486.800000	NaN	NaN
486.900000	NaN	NaN
487.000000	NaN	NaN
487.100000	NaN	NaN
487.200000	NaN	NaN
487.300000	NaN	NaN
487.400000	NaN	NaN
487.500000	0.898593	-0.002246
487.600000	NaN	NaN
487.700000	NaN	NaN
487.800000	NaN	NaN
487.900000	NaN	NaN
488.000000	NaN	NaN
488.100000	NaN	NaN
488.200000	NaN	NaN
488.300000	NaN	NaN
488.400000	NaN	NaN
488.500000	0.968967	-0.002088
488.600000	NaN	NaN
488.700000	NaN	NaN
488.800000	NaN	NaN
488.900000	NaN	NaN
489.000000	NaN	NaN
489.100000	NaN	NaN
489.200000	NaN	NaN
489.300000	NaN	NaN
489.400000	NaN	NaN
489.500000	0.904100	-0.001906
489.600000	NaN	NaN
489.700000	NaN	NaN
489.800000	NaN	NaN
489.900000	NaN	NaN
490.000000	NaN	NaN
490.100000	NaN	NaN
490.200000	NaN	NaN
490.300000	NaN	NaN
490.400000	NaN	NaN
490.500000	0.962659	-0.001726
490.600000	NaN	NaN
490.700000	NaN	NaN
490.800000	NaN	NaN
490.900000	NaN	NaN
491.000000	NaN	NaN
491.100000	NaN	NaN
491.200000	NaN	NaN
491.300000	NaN	NaN
491.400000	NaN	NaN
491.500000	0.909613	-0.001529
491.600000	NaN	NaN
491.700000	NaN	NaN
491.800000	NaN	NaN
491.900000	NaN	NaN
492.000000	NaN	NaN
492.100000	NaN	NaN
492.200000	NaN	NaN
492.300000	NaN	NaN
492.400000	NaN	NaN
492.500000	0.956452	-0.001352
492.600000	NaN	NaN
492.700000	NaN	NaN
492.800000	NaN	NaN
492.900000	NaN	NaN
493.000000	NaN	NaN
493.100000	NaN	NaN
493.200000	NaN	NaN
493.300000	NaN	NaN
493.400000	NaN	NaN
493.500000	0.915189	-0.001166
493.600000	NaN	NaN
493.700000	NaN	NaN
493.800000	NaN	NaN
493.900000	NaN	NaN
494.000000	NaN	NaN
494.100000	NaN	NaN
494.200000	NaN	NaN
494.300000	NaN	NaN
494.400000	NaN	NaN
494.500000	0.950391	-0.000967
494.600000	NaN	NaN
494.700000	NaN	NaN
494.800000	NaN	NaN
494.900000	NaN	NaN
495.000000	NaN	NaN
495.100000	NaN	NaN
495.200000	NaN	NaN
495.300000	NaN	NaN
495.400000	NaN	NaN
495.500000	0.920928	-0.000794
495.600000	NaN	NaN
495.700000	NaN	NaN
495.800000	NaN	NaN
495.900000	NaN	NaN
496.000000	NaN	NaN
496.100000	NaN	NaN
496.200000	NaN	NaN
496.300000	NaN	NaN
496.400000	NaN	NaN
496.500000	0.944312	-0.000622
496.600000	NaN	NaN
496.700000	NaN	NaN
496.800000	NaN	NaN
496.900000	NaN	NaN
497.000000	NaN	NaN
497.100000	NaN	NaN
497.200000	NaN	NaN
497.300000	NaN	NaN
497.400000	NaN	NaN
497.500000	0.926656	-0.000446
497.600000	NaN	NaN
497.700000	NaN	NaN
497.800000	NaN	NaN
497.900000	NaN	NaN
498.000000	NaN	NaN
498.100000	NaN	NaN
498.200000	NaN	NaN
498.300000	NaN	NaN
498.400000	NaN	NaN
498.500000	0.938353	-0.000268
498.600000	NaN	NaN
498.700000	NaN	NaN
498.800000	NaN	NaN
498.900000	NaN	NaN
499.000000	NaN	NaN
499.100000	NaN	NaN
499.200000	NaN	NaN
499.300000	NaN	NaN
499.400000	NaN	NaN
499.500000	0.932467	-8.926406E-5
499.600000	NaN	NaN
499.700000	NaN	NaN
499.800000	NaN	NaN
499.900000	NaN	NaN
