LabVIEW Measurement	
Writer_Version	2
Reader_Version	2
Separator	Tab
Decimal_Separator	.
Multi_Headings	No
X_Columns	One
Time_Pref	Relative
Operator	MSE_SETUP10
Date	2025/02/17
Time	12:21:20.1482253074645996094
***End_of_Header***	
	
Channels	11											
Samples	600	600	600	600	600	600	600	600	600	600	600	
Date	1903/12/31	1903/12/31	1903/12/31	1903/12/31	1903/12/31	1903/12/31	1903/12/31	1903/12/31	1903/12/31	1903/12/31	1903/12/31	
Time	18:00:00	18:00:00	18:00:00	18:00:00	18:00:00	18:00:00	18:00:00	18:00:00	18:00:00	18:00:00	18:00:00	
X_Dimension	Time	Time	Time	Time	Time	Time	Time	Time	Time	Time	Time	
X0	0.0000000000000000E+0	0.0000000000000000E+0	0.0000000000000000E+0	0.0000000000000000E+0	0.0000000000000000E+0	0.0000000000000000E+0	0.0000000000000000E+0	0.0000000000000000E+0	0.0000000000000000E+0	0.0000000000000000E+0	0.0000000000000000E+0	
Delta_X	0.001000	0.001000	0.001000	0.001000	0.001000	0.001000	0.001000	0.001000	0.001000	0.001000	0.001000	
***End_of_Header***												
X_Value	Input Trajectory	Displacement 1	Displacement 2	Displacement 3	Control Effort	Velocity 1	Velocity 2	Velocity 3	Acceleration 1	Acceleration 2	Acceleration 3	Comment
0.000000	0.000000	0.000000	0.000000	0.000000	0.000000	-449.525930	0.000000	0.000000	-23405.785783	0.000000	0.000000
0.001000	0.000000	-1.012576E-32	0.000000	0.000000	0.000000	-450.550178	0.000000	0.000000	-23453.824607	0.000000	0.000000
0.002000	0.000000	9.033216E-35	0.000000	0.000000	0.000000	-451.574423	0.000000	0.000000	-23503.245300	0.000000	0.000000
0.003000	0.000000	3.044419E-32	0.000000	0.000000	0.000000	-452.598664	0.000000	0.000000	-23552.212666	0.000000	0.000000
0.004000	0.000000	-6.343412E-34	0.000000	0.000000	0.000000	-453.622913	0.000000	0.000000	-23600.813455	0.000000	0.000000
0.005000	0.000000	-1.118490E-31	0.000000	0.000000	0.000000	-454.647179	0.000000	0.000000	-23649.539083	0.000000	0.000000
0.006000	0.000000	3.544400E-33	0.000000	0.000000	0.000000	-455.671410	0.000000	0.000000	-23698.356154	0.000000	0.000000
0.007000	0.000000	4.176684E-31	0.000000	0.000000	0.000000	-456.695584	0.000000	0.000000	-23747.130071	0.000000	0.000000
0.008000	0.000000	-1.768083E-32	0.000000	0.000000	0.000000	-457.719887	0.000000	0.000000	-23795.903051	0.000000	0.000000
0.009000	0.000000	-1.561463E-30	0.000000	0.000000	0.000000	-458.744400	0.000000	0.000000	-23844.722885	0.000000	0.000000
0.010000	0.000000	8.271043E-32	0.000000	0.000000	0.000000	-459.768430	0.000000	0.000000	-23893.454996	0.000000	0.000000
0.011000	0.000000	5.837908E-30	0.000000	0.000000	0.000000	-460.791681	0.000000	0.000000	-23942.043707	0.000000	0.000000
0.012000	0.000000	-3.714402E-31	0.000000	0.000000	0.000000	-461.816743	0.000000	0.000000	-23990.986099	0.000000	0.000000
0.013000	0.000000	-2.182600E-29	0.000000	0.000000	0.000000	-462.844700	0.000000	0.000000	-24040.452680	0.000000	0.000000
0.014000	0.000000	1.621713E-30	0.000000	0.000000	0.000000	-463.865859	0.000000	0.000000	-24088.584877	0.000000	0.000000
0.015000	0.000000	8.159807E-29	0.000000	0.000000	0.000000	-464.876261	0.000000	0.000000	-24134.148407	0.000000	0.000000
0.016000	0.000000	-6.935769E-30	0.000000	0.000000	0.000000	-465.912193	0.000000	0.000000	-24180.898698	0.000000	0.000000
0.017000	0.000000	-3.050524E-28	0.000000	0.000000	0.000000	-467.000046	0.000000	0.000000	-24232.163898	0.000000	0.000000
0.018000	0.000000	2.919887E-29	0.000000	0.000000	0.000000	-468.069915	0.000000	0.000000	-24283.634852	0.000000	0.000000
0.019000	0.000000	1.140401E-27	0.000000	0.000000	0.000000	-469.053673	0.000000	0.000000	-24330.657129	0.000000	0.000000
0.020000	0.000000	-1.214040E-28	0.000000	0.000000	0.000000	-470.012336	0.000000	0.000000	-24376.132658	0.000000	0.000000
0.021000	0.000000	-4.263140E-27	0.000000	0.000000	0.000000	-471.021150	0.000000	0.000000	-1023.581873	0.000000	0.000000
0.022000	0.000000	4.997186E-28	0.000000	0.000000	0.000000	-472.058985	0.000000	0.000000	-1024.228934	0.000000	0.000000
0.023000	0.000000	1.593640E-26	0.000000	0.000000	0.000000	-473.087305	0.000000	0.000000	-1024.422975	0.000000	0.000000
0.024000	0.000000	-2.039880E-27	0.000000	0.000000	0.000000	-474.107918	0.000000	0.000000	-1024.250201	0.000000	0.000000
0.025000	0.000000	-5.957166E-26	0.000000	0.000000	0.000000	-475.131137	0.000000	0.000000	-1024.201109	0.000000	0.000000
0.026000	0.000000	8.268899E-27	0.000000	0.000000	0.000000	-476.156310	0.000000	0.000000	-1024.244365	0.000000	0.000000
0.027000	0.000000	2.226783E-25	0.000000	0.000000	0.000000	-477.180634	0.000000	0.000000	-1024.248782	0.000000	0.000000
0.028000	0.000000	-3.331993E-26	0.000000	0.000000	0.000000	-478.204810	0.000000	0.000000	-1024.248838	0.000000	0.000000
0.029000	0.000000	-8.323476E-25	0.000000	0.000000	0.000000	-479.229760	0.000000	0.000000	-1024.279649	0.000000	0.000000
0.030000	0.000000	1.335764E-25	0.000000	0.000000	0.000000	-480.253349	0.000000	0.000000	-1024.235701	0.000000	0.000000
0.031000	0.000000	3.111146E-24	0.000000	0.000000	0.000000	-481.274707	0.000000	0.000000	-1024.108416	0.000000	0.000000
0.032000	0.000000	-5.331039E-25	0.000000	0.000000	0.000000	-482.301682	0.000000	0.000000	-1024.285725	0.000000	0.000000
0.033000	0.000000	-1.162853E-23	0.000000	0.000000	0.000000	-483.336769	0.000000	0.000000	-1024.763145	0.000000	0.000000
0.034000	0.000000	2.119263E-24	0.000000	0.000000	0.000000	-484.350632	0.000000	0.000000	-1024.092020	0.000000	0.000000
0.035000	0.000000	4.346280E-23	0.000000	0.000000	0.000000	-485.321310	0.000000	0.000000	-1021.688179	0.000000	0.000000
0.036000	0.000000	-8.395443E-24	0.000000	0.000000	0.000000	-486.291381	0.000000	0.000000	-1019.767619	0.000000	0.000000
0.037000	0.000000	-1.624424E-22	0.000000	0.000000	0.000000	-487.304342	0.000000	0.000000	-1018.673791	0.000000	0.000000
0.038000	0.000000	3.315514E-23	0.000000	0.000000	0.000000	-488.339609	0.000000	0.000000	-1016.169678	0.000000	0.000000
0.039000	0.000000	6.071135E-22	0.000000	0.000000	0.000000	-489.367565	0.000000	0.000000	-1014.173804	0.000000	0.000000
0.040000	0.000000	-1.305703E-22	0.000000	0.000000	0.000000	-490.388134	0.000000	0.000000	-1015.926711	0.000000	0.000000
0.041000	0.000000	-2.268971E-21	0.000000	0.000000	0.000000	-5.534076E-20	0.000000	0.000000	22381.539795	0.000000	0.000000
0.042000	0.000000	5.129109E-22	0.000000	0.000000	0.000000	1.251002E-20	0.000000	0.000000	22429.578557	0.000000	0.000000
0.043000	0.000000	8.479628E-21	0.000000	0.000000	0.000000	2.068202E-19	0.000000	0.000000	22478.999302	0.000000	0.000000
0.044000	0.000000	-2.010226E-21	0.000000	0.000000	0.000000	-4.902989E-20	0.000000	0.000000	22527.966912	0.000000	0.000000
0.045000	0.000000	-3.168935E-20	0.000000	0.000000	0.000000	-7.729109E-19	0.000000	0.000000	22576.567512	0.000000	0.000000
0.046000	0.000000	7.862138E-21	0.000000	0.000000	0.000000	1.917595E-19	0.000000	0.000000	22625.292227	0.000000	0.000000
0.047000	0.000000	1.184237E-19	0.000000	0.000000	0.000000	2.888382E-18	0.000000	0.000000	22674.110014	0.000000	0.000000
0.048000	0.000000	-3.069065E-20	0.000000	0.000000	0.000000	-7.485523E-19	0.000000	0.000000	22722.887334	0.000000	0.000000
0.049000	0.000000	-4.425398E-19	0.000000	0.000000	0.000000	-1.079365E-17	0.000000	0.000000	22771.657605	0.000000	0.000000
0.050000	0.000000	1.195936E-19	0.000000	0.000000	0.000000	2.916918E-18	0.000000	0.000000	22820.464743	0.000000	0.000000
0.051000	0.000000	1.653693E-18	0.000000	0.000000	0.000000	4.033396E-17	0.000000	0.000000	22869.207109	0.000000	0.000000
0.052000	0.000000	-4.652712E-19	0.000000	0.000000	0.000000	-1.134808E-17	0.000000	0.000000	22917.843187	0.000000	0.000000
0.053000	0.000000	-6.179394E-18	0.000000	0.000000	0.000000	-1.507169E-16	0.000000	0.000000	22966.746748	0.000000	0.000000
0.054000	0.000000	1.807394E-18	0.000000	0.000000	0.000000	4.408277E-17	0.000000	0.000000	23016.036617	0.000000	0.000000
0.055000	0.000000	2.309009E-17	0.000000	0.000000	0.000000	5.631729E-16	0.000000	0.000000	23064.315823	0.000000	0.000000
0.056000	0.000000	-7.011239E-18	0.000000	0.000000	0.000000	-1.710058E-16	0.000000	0.000000	23110.538592	0.000000	0.000000
0.057000	0.000000	-8.627679E-17	0.000000	0.000000	0.000000	-2.104312E-15	0.000000	0.000000	23156.732411	0.000000	0.000000
0.058000	0.000000	2.716276E-17	0.000000	0.000000	0.000000	6.625064E-16	0.000000	0.000000	23204.968672	0.000000	0.000000
0.059000	0.000000	3.223672E-16	0.000000	0.000000	0.000000	7.862616E-15	0.000000	0.000000	23254.267118	0.000000	0.000000
0.060000	0.000000	-1.051061E-16	0.000000	0.000000	0.000000	-2.563564E-15	0.000000	0.000000	23303.217375	0.000000	0.000000
0.061000	0.000000	-1.204471E-15	0.000000	0.000000	0.000000	-2.937735E-14	0.000000	0.000000	23351.815916	0.000000	0.000000
0.062000	0.000000	4.062479E-16	0.000000	0.000000	0.000000	9.908484E-15	0.000000	0.000000	4.718352E-13	0.000000	0.000000
0.063000	0.000000	4.500187E-15	0.000000	0.000000	0.000000	1.097607E-13	0.000000	0.000000	5.226697E-12	0.000000	0.000000
0.064000	0.000000	-1.568533E-15	0.000000	0.000000	0.000000	-3.825690E-14	0.000000	0.000000	-1.821767E-12	0.000000	0.000000
0.065000	0.000000	-1.681331E-14	0.000000	0.000000	0.000000	-4.100807E-13	0.000000	0.000000	-1.952765E-11	0.000000	0.000000
0.066000	0.000000	6.050115E-15	0.000000	0.000000	0.000000	1.475638E-13	0.000000	0.000000	7.026883E-12	0.000000	0.000000
0.067000	0.000000	6.281515E-14	0.000000	0.000000	0.000000	1.532077E-12	0.000000	0.000000	7.295603E-11	0.000000	0.000000
0.068000	0.000000	-2.331452E-14	0.000000	0.000000	0.000000	-5.686468E-13	0.000000	0.000000	-2.707856E-11	0.000000	0.000000
0.069000	0.000000	-2.346735E-13	0.000000	0.000000	0.000000	-5.723745E-12	0.000000	0.000000	-2.725592E-10	0.000000	0.000000
0.070000	0.000000	8.976464E-14	0.000000	0.000000	0.000000	2.189381E-12	0.000000	0.000000	1.042568E-10	0.000000	0.000000
0.071000	0.000000	8.767027E-13	0.000000	0.000000	0.000000	2.138299E-11	0.000000	0.000000	1.018238E-9	0.000000	0.000000
0.072000	0.000000	-3.453197E-13	0.000000	0.000000	0.000000	-8.422432E-12	0.000000	0.000000	-4.010701E-10	0.000000	0.000000
0.073000	0.000000	-3.275134E-12	0.000000	0.000000	0.000000	-7.988131E-11	0.000000	0.000000	-3.803871E-9	0.000000	0.000000
0.074000	0.000000	1.327377E-12	0.000000	0.000000	0.000000	3.237504E-11	0.000000	0.000000	1.541676E-9	0.000000	0.000000
0.075000	0.000000	1.223472E-11	0.000000	0.000000	0.000000	2.984079E-10	0.000000	0.000000	1.420990E-8	0.000000	0.000000
0.076000	0.000000	-5.098491E-12	0.000000	0.000000	0.000000	-1.243534E-10	0.000000	0.000000	-5.921619E-9	0.000000	0.000000
0.077000	0.000000	-4.570333E-11	0.000000	0.000000	0.000000	-1.114715E-9	0.000000	0.000000	-5.308167E-8	0.000000	0.000000
0.078000	0.000000	1.956953E-11	0.000000	0.000000	0.000000	4.773056E-10	0.000000	0.000000	2.272894E-8	0.000000	0.000000
0.079000	0.000000	1.707221E-10	0.000000	0.000000	0.000000	4.163955E-9	0.000000	0.000000	1.982835E-7	0.000000	0.000000
0.080000	0.000000	-7.506293E-11	0.000000	0.000000	0.000000	-1.830803E-9	0.000000	0.000000	-8.718148E-8	0.000000	0.000000
0.081000	0.000000	-6.377057E-10	0.000000	0.000000	0.000000	-1.555380E-8	0.000000	0.000000	-7.406569E-7	0.000000	0.000000
0.082000	0.000000	2.877341E-10	0.000000	0.000000	0.000000	7.017904E-9	0.000000	0.000000	3.341873E-7	0.000000	0.000000
0.083000	0.000000	2.381986E-9	0.000000	0.000000	0.000000	5.809721E-8	0.000000	0.000000	2.766533E-6	0.000000	0.000000
0.084000	0.000000	-1.102277E-9	0.000000	0.000000	0.000000	-2.688481E-8	0.000000	0.000000	-1.280234E-6	0.000000	0.000000
0.085000	0.000000	-8.897056E-9	0.000000	0.000000	0.000000	-2.170014E-7	0.000000	0.000000	-1.033340E-5	0.000000	0.000000
0.086000	0.000000	4.220232E-9	0.000000	0.000000	0.000000	1.029325E-7	0.000000	0.000000	4.901567E-6	0.000000	0.000000
0.087000	0.000000	3.323088E-8	0.000000	0.000000	0.000000	8.105093E-7	0.000000	0.000000	3.859567E-5	0.000000	0.000000
0.088000	0.000000	-1.614876E-8	0.000000	0.000000	0.000000	-3.938722E-7	0.000000	0.000000	-1.875589E-5	0.000000	0.000000
0.089000	0.000000	-1.241154E-7	0.000000	0.000000	0.000000	-3.027205E-6	0.000000	0.000000	-0.000144	0.000000	0.000000
0.090000	0.000000	6.176038E-8	0.000000	0.000000	0.000000	1.506351E-6	0.000000	0.000000	7.173126E-5	0.000000	0.000000
0.091000	0.000000	4.635513E-7	0.000000	0.000000	0.000000	1.130613E-5	0.000000	0.000000	0.000538	0.000000	0.000000
0.092000	0.000000	-2.360797E-7	0.000000	0.000000	0.000000	-5.758041E-6	0.000000	0.000000	-0.000274	0.000000	0.000000
0.093000	0.000000	-1.731243E-6	0.000000	0.000000	0.000000	-4.222545E-5	0.000000	0.000000	-0.002011	0.000000	0.000000
0.094000	0.000000	9.019747E-7	0.000000	0.000000	0.000000	2.199938E-5	0.000000	0.000000	0.001048	0.000000	0.000000
0.095000	0.000000	6.465568E-6	0.000000	0.000000	0.000000	0.000158	0.000000	0.000000	0.007509	0.000000	0.000000
0.096000	0.000000	-3.444498E-6	0.000000	0.000000	0.000000	-8.401214E-5	0.000000	0.000000	-0.004001	0.000000	0.000000
0.097000	0.000000	-2.414591E-5	0.000000	0.000000	0.000000	-0.000589	0.000000	0.000000	-0.028044	0.000000	0.000000
0.098000	0.000000	1.314805E-5	0.000000	0.000000	0.000000	0.000321	0.000000	0.000000	0.015271	0.000000	0.000000
0.099000	0.000000	9.017133E-5	0.000000	0.000000	0.000000	0.002199	0.000000	0.000000	0.104729	0.000000	0.000000
0.100000	2.000000	-5.016589E-5	0.000000	0.000000	0.000000	-0.001224	0.000000	0.000000	-0.058265	0.000000	0.000000
0.101000	2.000000	-0.000337	0.000000	0.000000	0.000000	-0.008213	0.000000	0.000000	-0.391091	0.000000	0.000000
0.102000	2.000000	0.000194	0.000000	0.000000	0.000000	0.004733	0.000000	0.000000	0.225378	0.000000	0.000000
0.103000	2.000000	0.002145	0.000000	0.000000	0.000000	0.052326	0.000000	0.000000	2.491709	0.000000	0.000000
0.104000	2.000000	0.004921	0.000000	0.000000	0.000000	0.120029	0.000000	0.000000	5.715675	0.000000	0.000000
0.105000	2.000000	0.008487	0.000000	0.000000	0.000000	0.207007	0.000000	0.000000	9.857498	0.000000	0.000000
0.106000	2.000000	0.014585	0.000000	0.000000	0.000000	0.355741	0.000000	0.000000	16.940066	0.000000	0.000000
0.107000	2.000000	0.023627	0.000000	0.000000	0.000000	0.576279	0.000000	0.000000	27.441833	0.000000	0.000000
0.108000	2.000000	0.032239	0.000000	0.000000	0.000000	0.786323	0.000000	0.000000	37.443895	0.000000	0.000000
0.109000	2.000000	0.038568	0.000000	0.000000	0.000000	0.940684	0.000000	0.000000	44.794472	0.000000	0.000000
0.110000	2.000000	0.045652	0.000000	0.000000	0.000000	1.113469	0.000000	0.000000	53.022496	0.000000	0.000000
0.111000	2.000000	0.055921	0.000000	0.000000	0.000000	1.363936	0.000000	0.000000	64.949250	0.000000	0.000000
0.112000	2.000000	0.068732	0.000000	0.000000	0.000000	1.676383	0.000000	0.000000	79.827208	0.000000	0.000000
0.113000	2.000000	0.083459	0.000000	0.000000	0.000000	2.035589	0.000000	0.000000	96.933077	0.000000	0.000000
0.114000	2.000000	0.100536	0.000000	0.000000	0.000000	2.452088	0.000000	0.000000	116.768107	0.000000	0.000000
0.115000	2.000000	0.119112	0.000000	0.000000	0.000000	2.905159	0.000000	0.000000	138.339859	0.000000	0.000000
0.116000	2.000000	0.135080	0.000000	0.000000	0.000000	3.294626	0.000000	0.000000	156.879428	0.000000	0.000000
0.117000	2.000000	0.150104	0.000000	0.000000	0.000000	3.661073	0.000000	0.000000	174.340831	0.000000	0.000000
0.118000	2.000000	0.179947	0.000000	0.000000	0.000000	4.388943	0.000000	0.000000	209.025317	0.000000	0.000000
0.119000	2.000000	0.228002	0.000000	0.000000	0.000000	5.561016	0.000000	0.000000	264.795036	0.000000	0.000000
0.120000	2.000000	0.265483	0.000000	0.000000	0.000000	6.475203	0.000000	0.000000	308.238272	0.000000	0.000000
0.121000	2.000000	0.276757	0.000000	0.000000	0.000000	6.750162	0.000000	0.000000	321.494533	0.000000	0.000000
0.122000	2.000000	0.285314	0.000000	0.000000	0.000000	6.958890	0.000000	0.000000	331.766783	0.000000	0.000000
0.123000	2.000000	0.308239	0.000000	0.000000	0.000000	7.518014	0.000000	0.000000	357.775299	0.000000	0.000000
0.124000	2.000000	0.336743	0.000000	0.000000	0.000000	8.213250	0.000000	0.000000	388.615426	0.000000	0.000000
0.125000	2.000000	0.363136	0.000000	0.000000	0.000000	8.856987	0.000000	0.000000	416.045590	0.000000	0.000000
0.126000	2.000000	0.389702	0.000000	0.000000	0.000000	9.504931	0.000000	0.000000	442.758264	0.000000	0.000000
0.127000	2.000000	0.418370	0.000000	0.000000	0.000000	10.204136	0.000000	0.000000	468.971196	0.000000	0.000000
0.128000	2.000000	0.447436	0.000000	0.000000	0.000000	10.913068	0.000000	0.000000	492.228055	0.000000	0.000000
0.129000	2.000000	0.475883	0.000000	0.000000	0.000000	11.606899	0.000000	0.000000	515.265562	0.000000	0.000000
0.130000	2.000000	0.505184	0.000000	0.000000	0.000000	12.321562	0.000000	0.000000	541.946582	0.000000	0.000000
0.131000	2.000000	0.536109	0.000000	0.000000	0.000000	13.075817	0.000000	0.000000	569.635589	0.000000	0.000000
0.132000	2.000000	0.567245	0.000000	0.000000	0.000000	13.835227	0.000000	0.000000	593.870990	0.000000	0.000000
0.133000	2.000000	0.597894	0.000000	0.000000	0.000000	14.582786	0.000000	0.000000	614.590635	0.000000	0.000000
0.134000	2.000000	0.629449	0.000000	0.000000	0.000000	15.352455	0.000000	0.000000	634.136502	0.000000	0.000000
0.135000	2.000000	0.662586	0.000000	0.000000	0.000000	16.160615	0.000000	0.000000	652.787000	0.000000	0.000000
0.136000	2.000000	0.695935	0.000000	0.000000	0.000000	16.973866	0.000000	0.000000	669.938413	0.000000	0.000000
0.137000	2.000000	0.728821	0.000000	0.000000	0.000000	17.776206	0.000000	0.000000	689.599085	0.000000	0.000000
0.138000	2.000000	0.762540	0.000000	0.000000	0.000000	18.599118	0.000000	0.000000	711.335449	0.000000	0.000000
0.139000	2.000000	0.797795	0.000000	0.000000	0.000000	19.458090	0.000000	0.000000	717.578458	0.000000	0.000000
0.140000	2.000000	0.833576	0.000000	0.000000	0.000000	20.328923	0.000000	0.000000	703.233666	0.000000	0.000000
0.141000	2.000000	0.869041	0.000000	0.000000	0.000000	21.197352	0.000000	0.000000	701.054736	0.000000	0.000000
0.142000	2.000000	0.904122	0.000000	0.000000	0.000000	22.059980	0.000000	0.000000	729.038953	0.000000	0.000000
0.143000	2.000000	0.939185	0.000000	0.000000	0.000000	22.902210	0.000000	0.000000	759.205740	0.000000	0.000000
0.144000	2.000000	0.975272	0.000000	0.000000	0.000000	23.734800	0.000000	0.000000	772.227883	0.000000	0.000000
0.145000	2.000000	1.012784	0.000000	0.000000	0.000000	24.582030	0.000000	0.000000	779.465728	0.000000	0.000000
0.146000	2.000000	1.050674	0.000000	0.000000	0.000000	25.419187	0.000000	0.000000	788.676229	0.000000	0.000000
0.147000	2.000000	1.088237	0.000000	0.000000	0.000000	26.186627	0.000000	0.000000	794.366488	0.000000	0.000000
0.148000	2.000000	1.125789	0.000000	0.000000	0.000000	26.881981	0.000000	0.000000	794.183081	0.000000	0.000000
0.149000	2.000000	1.163462	0.000000	0.000000	0.000000	27.590807	0.000000	0.000000	794.178068	0.000000	0.000000
0.150000	2.000000	1.200807	0.000000	0.000000	0.000000	28.347302	0.000000	0.000000	797.162042	0.000000	0.000000
0.151000	2.000000	1.237994	0.000000	0.000000	0.000000	29.081506	0.000000	0.000000	798.092595	0.000000	0.000000
0.152000	2.000000	1.276519	0.000000	0.000000	0.000000	29.770671	0.000000	0.000000	794.993039	0.000000	0.000000
0.153000	2.000000	1.316617	0.000000	0.000000	0.000000	30.436222	0.000000	0.000000	790.523605	0.000000	0.000000
0.154000	2.000000	1.355814	0.000000	0.000000	0.000000	31.033045	0.000000	0.000000	783.345661	0.000000	0.000000
0.155000	2.000000	1.393142	0.000000	0.000000	0.000000	31.526990	0.000000	0.000000	770.215921	0.000000	0.000000
0.156000	2.000000	1.431080	0.000000	0.000000	0.000000	31.999236	0.000000	0.000000	754.220032	0.000000	0.000000
0.157000	2.000000	1.470900	0.000000	0.000000	0.000000	32.580996	0.000000	0.000000	743.196692	0.000000	0.000000
0.158000	2.000000	1.510874	0.000000	0.000000	0.000000	33.189514	0.000000	0.000000	733.967007	0.000000	0.000000
0.159000	2.000000	1.550289	0.000000	0.000000	0.000000	33.422985	0.000000	0.000000	705.898421	0.000000	0.000000
0.160000	2.000000	1.590949	0.000000	0.000000	0.000000	33.242623	0.000000	0.000000	656.406320	0.000000	0.000000
0.161000	2.000000	1.633278	0.000000	0.000000	0.000000	33.360841	0.000000	0.000000	620.567503	0.000000	0.000000
0.162000	2.000000	1.674640	0.000000	0.000000	0.000000	34.094722	0.000000	0.000000	614.160431	0.000000	0.000000
0.163000	2.000000	1.714101	0.000000	0.000000	0.000000	34.848460	0.000000	0.000000	608.975232	0.000000	0.000000
0.164000	2.000000	1.754444	0.000000	0.000000	0.000000	35.273300	0.000000	0.000000	589.099525	0.000000	0.000000
0.165000	2.000000	1.796741	0.000000	0.000000	0.000000	35.609701	0.000000	0.000000	565.471482	0.000000	0.000000
0.166000	2.000000	1.838240	0.000000	0.000000	0.000000	35.978130	0.000000	0.000000	542.671410	0.000000	0.000000
0.167000	2.000000	1.877793	0.000000	0.000000	0.000000	36.294904	0.000000	0.000000	517.891243	0.000000	0.000000
0.168000	2.000000	1.917875	0.000000	0.000000	0.000000	36.573301	0.000000	0.000000	494.603529	0.000000	0.000000
0.169000	2.000000	1.959825	0.000000	0.000000	0.000000	36.887545	0.000000	0.000000	476.455438	0.000000	0.000000
0.170000	2.000000	2.002280	0.000000	0.000000	0.000000	37.229205	0.000000	0.000000	458.971308	0.000000	0.000000
0.171000	2.000000	2.044292	0.000000	0.000000	0.000000	37.539212	0.000000	0.000000	437.709986	0.000000	0.000000
0.172000	2.000000	2.086144	0.000000	0.000000	0.000000	37.805744	0.000000	0.000000	415.439882	0.000000	0.000000
0.173000	2.000000	2.128109	0.000000	0.000000	0.000000	38.069860	0.000000	0.000000	395.199479	0.000000	0.000000
0.174000	2.000000	2.170210	0.000000	0.000000	0.000000	38.349168	0.000000	0.000000	376.806940	0.000000	0.000000
0.175000	2.000000	2.212304	0.000000	0.000000	0.000000	38.606216	0.000000	0.000000	360.627208	0.000000	0.000000
0.176000	2.000000	2.254011	0.000000	0.000000	0.000000	38.815230	0.000000	0.000000	347.059042	0.000000	0.000000
0.177000	2.000000	2.295636	0.000000	0.000000	0.000000	39.017098	0.000000	0.000000	334.183929	0.000000	0.000000
0.178000	2.000000	2.338693	0.000000	0.000000	0.000000	39.265176	0.000000	0.000000	318.294279	0.000000	0.000000
0.179000	2.000000	2.383249	0.000000	0.000000	0.000000	39.529498	0.000000	0.000000	301.904032	0.000000	0.000000
0.180000	2.000000	2.426716	0.000000	0.000000	0.000000	39.729787	0.000000	0.000000	300.323895	0.000000	0.000000
0.181000	2.000000	2.468361	0.000000	0.000000	0.000000	39.872807	0.000000	0.000000	315.723068	0.000000	0.000000
0.182000	2.000000	2.511010	0.000000	0.000000	0.000000	40.048016	0.000000	0.000000	318.436884	0.000000	0.000000
0.183000	2.000000	2.555563	0.000000	0.000000	0.000000	40.279034	0.000000	0.000000	294.491065	0.000000	0.000000
0.184000	2.000000	2.599133	0.000000	0.000000	0.000000	40.486555	0.000000	0.000000	268.480741	0.000000	0.000000
0.185000	2.000000	2.640783	0.000000	0.000000	0.000000	40.622222	0.000000	0.000000	254.710579	0.000000	0.000000
0.186000	2.000000	2.683394	0.000000	0.000000	0.000000	40.746567	0.000000	0.000000	244.612670	0.000000	0.000000
0.187000	2.000000	2.727921	0.000000	0.000000	0.000000	40.908460	0.000000	0.000000	234.777637	0.000000	0.000000
0.188000	2.000000	2.771574	0.000000	0.000000	0.000000	41.056987	0.000000	0.000000	226.765857	0.000000	0.000000
0.189000	2.000000	2.813330	0.000000	0.000000	0.000000	41.159537	0.000000	0.000000	218.392159	0.000000	0.000000
0.190000	2.000000	2.855617	0.000000	0.000000	0.000000	41.272054	0.000000	0.000000	208.786121	0.000000	0.000000
0.191000	2.000000	2.899738	0.000000	0.000000	0.000000	41.437340	0.000000	0.000000	200.387387	0.000000	0.000000
0.192000	2.000000	2.944660	0.000000	0.000000	0.000000	41.625995	0.000000	0.000000	194.608715	0.000000	0.000000
0.193000	2.000000	2.989187	0.000000	0.000000	0.000000	41.772403	0.000000	0.000000	188.888515	0.000000	0.000000
0.194000	2.000000	3.032236	0.000000	0.000000	0.000000	41.844370	0.000000	0.000000	179.738610	0.000000	0.000000
0.195000	2.000000	3.073967	0.000000	0.000000	0.000000	41.906168	0.000000	0.000000	169.380961	0.000000	0.000000
0.196000	2.000000	3.116490	0.000000	0.000000	0.000000	42.032884	0.000000	0.000000	163.174671	0.000000	0.000000
0.197000	2.000000	3.160705	0.000000	0.000000	0.000000	42.185977	0.000000	0.000000	160.511762	0.000000	0.000000
0.198000	2.000000	3.205331	0.000000	0.000000	0.000000	42.303179	0.000000	0.000000	156.480029	0.000000	0.000000
0.199000	2.000000	3.249551	0.000000	0.000000	0.000000	42.406760	0.000000	0.000000	149.599254	0.000000	0.000000
0.200000	2.000000	3.293578	0.000000	0.000000	0.000000	42.519250	0.000000	0.000000	142.369135	0.000000	0.000000
0.201000	2.000000	3.337705	0.000000	0.000000	0.000000	42.603791	0.000000	0.000000	136.857340	0.000000	0.000000
0.202000	2.000000	3.382199	0.000000	0.000000	0.000000	42.656613	0.000000	0.000000	132.562159	0.000000	0.000000
0.203000	2.000000	3.426698	0.000000	0.000000	0.000000	42.733116	0.000000	0.000000	127.861937	0.000000	0.000000
0.204000	2.000000	3.469892	0.000000	0.000000	0.000000	42.824174	0.000000	0.000000	121.197152	0.000000	0.000000
0.205000	2.000000	3.511690	0.000000	0.000000	0.000000	42.859668	0.000000	0.000000	113.005361	0.000000	0.000000
0.206000	2.000000	3.553963	0.000000	0.000000	0.000000	42.859081	0.000000	0.000000	106.517086	0.000000	0.000000
0.207000	2.000000	3.597921	0.000000	0.000000	0.000000	42.919060	0.000000	0.000000	103.452056	0.000000	0.000000
0.208000	2.000000	3.643491	0.000000	0.000000	0.000000	43.065804	0.000000	0.000000	102.730660	0.000000	0.000000
0.209000	2.000000	3.688730	0.000000	0.000000	0.000000	43.191584	0.000000	0.000000	101.647515	0.000000	0.000000
0.210000	2.000000	3.729224	0.000000	0.000000	0.000000	43.156074	0.000000	0.000000	95.073218	0.000000	0.000000
0.211000	2.000000	3.769559	0.000000	0.000000	0.000000	43.104368	0.000000	0.000000	87.253071	0.000000	0.000000
0.212000	2.000000	3.827552	0.000000	0.000000	0.000000	43.494150	0.000000	0.000000	97.943346	0.000000	0.000000
0.213000	2.000000	3.899600	0.000000	0.000000	0.000000	44.230624	0.000000	0.000000	124.029931	0.000000	0.000000
0.214000	2.000000	3.949587	0.000000	0.000000	0.000000	44.426298	0.000000	0.000000	126.375957	0.000000	0.000000
0.215000	2.000000	3.968699	0.000000	0.000000	0.000000	43.865580	0.000000	0.000000	96.248073	0.000000	0.000000
0.216000	2.000000	3.991307	0.000000	0.000000	0.000000	43.390315	0.000000	0.000000	70.673656	0.000000	0.000000
0.217000	2.000000	4.033716	0.000000	0.000000	0.000000	43.407455	0.000000	0.000000	65.455757	0.000000	0.000000
0.218000	2.000000	4.081342	0.000000	0.000000	0.000000	43.553800	0.000000	0.000000	65.134453	0.000000	0.000000
0.219000	2.000000	4.125380	0.000000	0.000000	0.000000	43.577731	0.000000	0.000000	60.692972	0.000000	0.000000
0.220000	2.000000	4.168724	0.000000	0.000000	0.000000	43.548171	0.000000	0.000000	54.352873	0.000000	0.000000
0.221000	2.000000	4.213068	0.000000	0.000000	0.000000	43.569560	0.000000	0.000000	50.014753	0.000000	0.000000
0.222000	2.000000	4.257156	0.000000	0.000000	0.000000	43.629154	0.000000	0.000000	48.826810	0.000000	0.000000
0.223000	2.000000	4.300979	0.000000	0.000000	0.000000	43.657779	0.000000	0.000000	47.674602	0.000000	0.000000
0.224000	2.000000	4.346541	0.000000	0.000000	0.000000	43.682383	0.000000	0.000000	45.203164	0.000000	0.000000
0.225000	2.000000	4.393527	0.000000	0.000000	0.000000	43.765708	0.000000	0.000000	44.834963	0.000000	0.000000
0.226000	2.000000	4.438248	0.000000	0.000000	0.000000	43.840594	0.000000	0.000000	46.710775	0.000000	0.000000
0.227000	2.000000	4.479906	0.000000	0.000000	0.000000	43.817367	0.000000	0.000000	45.632649	0.000000	0.000000
0.228000	2.000000	4.522012	0.000000	0.000000	0.000000	43.758326	0.000000	0.000000	39.965041	0.000000	0.000000
0.229000	2.000000	4.566230	0.000000	0.000000	0.000000	43.772119	0.000000	0.000000	33.634043	0.000000	0.000000
0.230000	2.000000	4.611261	0.000000	0.000000	0.000000	43.851991	0.000000	0.000000	31.447912	0.000000	0.000000
0.231000	2.000000	4.655745	0.000000	0.000000	0.000000	43.905564	0.000000	0.000000	35.689975	0.000000	0.000000
0.232000	2.000000	4.698566	0.000000	0.000000	0.000000	43.873844	0.000000	0.000000	36.641685	0.000000	0.000000
0.233000	2.000000	4.740199	0.000000	0.000000	0.000000	43.793628	0.000000	0.000000	14.260840	0.000000	0.000000
0.234000	2.000000	4.783174	0.000000	0.000000	0.000000	43.755773	0.000000	0.000000	-22.611931	0.000000	0.000000
0.235000	2.000000	4.827763	0.000000	0.000000	0.000000	43.793353	0.000000	0.000000	-30.140237	0.000000	0.000000
0.236000	2.000000	4.871089	0.000000	0.000000	0.000000	43.832248	0.000000	0.000000	-1.587216	0.000000	0.000000
0.237000	2.000000	4.912692	0.000000	0.000000	0.000000	43.809792	0.000000	0.000000	19.975097	0.000000	0.000000
0.238000	2.000000	4.955538	0.000000	0.000000	0.000000	43.776404	0.000000	0.000000	17.569005	0.000000	0.000000
0.239000	2.000000	5.000131	0.000000	0.000000	0.000000	43.775616	0.000000	0.000000	10.562641	0.000000	0.000000
0.240000	2.000000	5.043505	0.000000	0.000000	0.000000	43.754972	0.000000	0.000000	8.440021	0.000000	0.000000
0.241000	2.000000	5.085128	0.000000	0.000000	0.000000	43.696330	0.000000	0.000000	7.055193	0.000000	0.000000
0.242000	2.000000	5.127876	0.000000	0.000000	0.000000	43.662721	0.000000	0.000000	4.436219	0.000000	0.000000
0.243000	2.000000	5.172382	0.000000	0.000000	0.000000	43.663003	0.000000	0.000000	1.611876	0.000000	0.000000
0.244000	2.000000	5.216132	0.000000	0.000000	0.000000	43.644740	0.000000	0.000000	-0.620932	0.000000	0.000000
0.245000	2.000000	5.258086	0.000000	0.000000	0.000000	43.614483	0.000000	0.000000	-3.233306	0.000000	0.000000
0.246000	2.000000	5.299350	0.000000	0.000000	0.000000	43.601449	0.000000	0.000000	-7.821854	0.000000	0.000000
0.247000	2.000000	5.341109	0.000000	0.000000	0.000000	43.588913	0.000000	0.000000	-11.984804	0.000000	0.000000
0.248000	2.000000	5.384434	0.000000	0.000000	0.000000	43.573477	0.000000	0.000000	-11.613818	0.000000	0.000000
0.249000	2.000000	5.428929	0.000000	0.000000	0.000000	43.547259	0.000000	0.000000	-10.050829	0.000000	0.000000
0.250000	2.000000	5.472412	0.000000	0.000000	0.000000	43.504450	0.000000	0.000000	-12.746120	0.000000	0.000000
0.251000	2.000000	5.514276	0.000000	0.000000	0.000000	43.537846	0.000000	0.000000	-14.959246	0.000000	0.000000
0.252000	2.000000	5.555980	0.000000	0.000000	0.000000	43.571247	0.000000	0.000000	-15.919854	0.000000	0.000000
0.253000	2.000000	5.598074	0.000000	0.000000	0.000000	43.183475	0.000000	0.000000	-32.874704	0.000000	0.000000
0.254000	2.000000	5.639850	0.000000	0.000000	0.000000	42.445121	0.000000	0.000000	-64.214598	0.000000	0.000000
0.255000	2.000000	5.681581	0.000000	0.000000	0.000000	42.243751	0.000000	0.000000	-72.001049	0.000000	0.000000
0.256000	2.000000	5.724787	0.000000	0.000000	0.000000	42.831414	0.000000	0.000000	-45.806627	0.000000	0.000000
0.257000	2.000000	5.769289	0.000000	0.000000	0.000000	43.365415	0.000000	0.000000	-22.230159	0.000000	0.000000
0.258000	2.000000	5.812813	0.000000	0.000000	0.000000	43.392601	0.000000	0.000000	-19.866223	0.000000	0.000000
0.259000	2.000000	5.854683	0.000000	0.000000	0.000000	43.252234	0.000000	0.000000	-24.960501	0.000000	0.000000
0.260000	2.000000	5.896275	0.000000	0.000000	0.000000	43.192547	0.000000	0.000000	-27.765170	0.000000	0.000000
0.261000	2.000000	5.938286	0.000000	0.000000	0.000000	43.160053	0.000000	0.000000	-28.329442	0.000000	0.000000
0.262000	2.000000	5.980469	0.000000	0.000000	0.000000	43.107337	0.000000	0.000000	-28.047267	0.000000	0.000000
0.263000	2.000000	6.022519	0.000000	0.000000	0.000000	43.057615	0.000000	0.000000	-28.814531	0.000000	0.000000
0.264000	2.000000	6.064159	0.000000	0.000000	0.000000	43.004396	0.000000	0.000000	-31.362239	0.000000	0.000000
0.265000	2.000000	6.105914	0.000000	0.000000	0.000000	42.911560	0.000000	0.000000	-34.913334	0.000000	0.000000
0.266000	2.000000	6.149188	0.000000	0.000000	0.000000	42.820995	0.000000	0.000000	-37.785151	0.000000	0.000000
0.267000	2.000000	6.193691	0.000000	0.000000	0.000000	42.815697	0.000000	0.000000	-37.416800	0.000000	0.000000
0.268000	2.000000	6.237168	0.000000	0.000000	0.000000	42.860066	0.000000	0.000000	-34.707013	0.000000	0.000000
0.269000	2.000000	6.279019	0.000000	0.000000	0.000000	42.853815	0.000000	0.000000	-34.269594	0.000000	0.000000
0.270000	2.000000	6.320642	0.000000	0.000000	0.000000	42.790517	0.000000	0.000000	-36.035323	0.000000	0.000000
0.271000	2.000000	6.362675	0.000000	0.000000	0.000000	42.717409	0.000000	0.000000	-37.478157	0.000000	0.000000
0.272000	2.000000	6.404769	0.000000	0.000000	0.000000	42.659122	0.000000	0.000000	-41.844013	0.000000	0.000000
0.273000	2.000000	6.446752	0.000000	0.000000	0.000000	42.638691	0.000000	0.000000	-44.407433	0.000000	0.000000
0.274000	2.000000	6.488718	0.000000	0.000000	0.000000	42.646820	0.000000	0.000000	-25.554977	0.000000	0.000000
0.275000	2.000000	6.530714	0.000000	0.000000	0.000000	42.622926	0.000000	0.000000	8.466902	0.000000	0.000000
0.276000	2.000000	6.572722	0.000000	0.000000	0.000000	42.559956	0.000000	0.000000	15.057359	0.000000	0.000000
0.277000	2.000000	6.614719	0.000000	0.000000	0.000000	42.527565	0.000000	0.000000	-14.468969	0.000000	0.000000
0.278000	2.000000	6.656687	0.000000	0.000000	0.000000	42.536472	0.000000	0.000000	-39.473494	0.000000	0.000000
0.279000	2.000000	6.698666	0.000000	0.000000	0.000000	42.515312	0.000000	0.000000	-41.775678	0.000000	0.000000
0.280000	2.000000	6.740751	0.000000	0.000000	0.000000	42.454140	0.000000	0.000000	-38.004478	0.000000	0.000000
0.281000	2.000000	6.782804	0.000000	0.000000	0.000000	42.421917	0.000000	0.000000	-36.696683	0.000000	0.000000
0.282000	2.000000	6.824458	0.000000	0.000000	0.000000	42.422688	0.000000	0.000000	-35.112615	0.000000	0.000000
0.283000	2.000000	6.866235	0.000000	0.000000	0.000000	42.399004	0.000000	0.000000	-33.730152	0.000000	0.000000
0.284000	2.000000	6.909561	0.000000	0.000000	0.000000	42.370215	0.000000	0.000000	-32.733344	0.000000	0.000000
0.285000	2.000000	6.954068	0.000000	0.000000	0.000000	42.388669	0.000000	0.000000	-29.320331	0.000000	0.000000
0.286000	2.000000	6.997488	0.000000	0.000000	0.000000	42.424425	0.000000	0.000000	-23.196892	0.000000	0.000000
0.287000	2.000000	7.039308	0.000000	0.000000	0.000000	42.438013	0.000000	0.000000	-18.237246	0.000000	0.000000
0.288000	2.000000	7.080949	0.000000	0.000000	0.000000	42.435128	0.000000	0.000000	-18.122307	0.000000	0.000000
0.289000	2.000000	7.122994	0.000000	0.000000	0.000000	42.403911	0.000000	0.000000	-21.721649	0.000000	0.000000
0.290000	2.000000	7.165059	0.000000	0.000000	0.000000	42.344652	0.000000	0.000000	-24.245878	0.000000	0.000000
0.291000	2.000000	7.207026	0.000000	0.000000	0.000000	42.307649	0.000000	0.000000	-22.993698	0.000000	0.000000
0.292000	2.000000	7.249087	0.000000	0.000000	0.000000	42.312476	0.000000	0.000000	-19.282544	0.000000	0.000000
0.293000	2.000000	7.291139	0.000000	0.000000	0.000000	42.320948	0.000000	0.000000	-16.103550	0.000000	0.000000
0.294000	2.000000	7.332792	0.000000	0.000000	0.000000	42.310185	0.000000	0.000000	-15.643110	0.000000	0.000000
0.295000	2.000000	7.374585	0.000000	0.000000	0.000000	42.310623	0.000000	0.000000	-16.009390	0.000000	0.000000
0.296000	2.000000	7.417949	0.000000	0.000000	0.000000	42.350450	0.000000	0.000000	-12.975073	0.000000	0.000000
0.297000	2.000000	7.462458	0.000000	0.000000	0.000000	42.382236	0.000000	0.000000	-8.462848	0.000000	0.000000
0.298000	2.000000	7.505833	0.000000	0.000000	0.000000	42.354747	0.000000	0.000000	-8.229445	0.000000	0.000000
0.299000	2.000000	7.547632	0.000000	0.000000	0.000000	42.312662	0.000000	0.000000	-10.657596	0.000000	0.000000
0.300000	2.000000	7.589306	0.000000	0.000000	0.000000	42.307874	0.000000	0.000000	-9.878003	0.000000	0.000000
0.301000	2.000000	7.631370	0.000000	0.000000	0.000000	42.319389	0.000000	0.000000	-6.416685	0.000000	0.000000
0.302000	2.000000	7.673337	0.000000	0.000000	0.000000	42.318313	0.000000	0.000000	-4.933487	0.000000	0.000000
0.303000	2.000000	7.715253	0.000000	0.000000	0.000000	42.311811	0.000000	0.000000	-5.279900	0.000000	0.000000
0.304000	2.000000	7.757674	0.000000	0.000000	0.000000	42.320851	0.000000	0.000000	-3.721553	0.000000	0.000000
0.305000	2.000000	7.799907	0.000000	0.000000	0.000000	42.335304	0.000000	0.000000	-1.662442	0.000000	0.000000
0.306000	2.000000	7.840143	0.000000	0.000000	0.000000	42.298247	0.000000	0.000000	-4.305818	0.000000	0.000000
0.307000	2.000000	7.879437	0.000000	0.000000	0.000000	42.201199	0.000000	0.000000	-10.629807	0.000000	0.000000
0.308000	2.000000	7.921507	0.000000	0.000000	0.000000	42.141848	0.000000	0.000000	-14.103096	0.000000	0.000000
0.309000	2.000000	7.966232	0.000000	0.000000	0.000000	42.172292	0.000000	0.000000	-12.515990	0.000000	0.000000
0.310000	2.000000	8.009826	0.000000	0.000000	0.000000	42.214821	0.000000	0.000000	-9.004300	0.000000	0.000000
0.311000	2.000000	8.051509	0.000000	0.000000	0.000000	42.216285	0.000000	0.000000	-6.112680	0.000000	0.000000
0.312000	2.000000	8.093427	0.000000	0.000000	0.000000	42.213474	0.000000	0.000000	-4.484549	0.000000	0.000000
0.313000	2.000000	8.135666	0.000000	0.000000	0.000000	42.217002	0.000000	0.000000	-4.546362	0.000000	0.000000
0.314000	2.000000	8.176348	0.000000	0.000000	0.000000	42.185274	0.000000	0.000000	-6.460634	0.000000	0.000000
0.315000	2.000000	8.215811	0.000000	0.000000	0.000000	42.124206	0.000000	0.000000	-8.856147	0.000000	0.000000
0.316000	2.000000	8.256443	0.000000	0.000000	0.000000	42.090943	0.000000	0.000000	-10.460957	0.000000	0.000000
0.317000	2.000000	8.298659	0.000000	0.000000	0.000000	42.096028	0.000000	0.000000	-12.115335	0.000000	0.000000
0.318000	2.000000	8.341001	0.000000	0.000000	0.000000	42.104426	0.000000	0.000000	-13.229013	0.000000	0.000000
0.319000	2.000000	8.382935	0.000000	0.000000	0.000000	42.103594	0.000000	0.000000	-11.959658	0.000000	0.000000
0.320000	2.000000	8.424835	0.000000	0.000000	0.000000	42.101703	0.000000	0.000000	-10.045697	0.000000	0.000000
0.321000	2.000000	8.466846	0.000000	0.000000	0.000000	42.099874	0.000000	0.000000	-9.904778	0.000000	0.000000
0.322000	2.000000	8.508866	0.000000	0.000000	0.000000	42.099090	0.000000	0.000000	-10.490458	0.000000	0.000000
0.323000	2.000000	8.550857	0.000000	0.000000	0.000000	42.107287	0.000000	0.000000	-10.048866	0.000000	0.000000
0.324000	2.000000	8.592837	0.000000	0.000000	0.000000	42.112241	0.000000	0.000000	-9.503314	0.000000	0.000000
0.325000	2.000000	8.634830	0.000000	0.000000	0.000000	42.079724	0.000000	0.000000	-11.482259	0.000000	0.000000
0.326000	2.000000	8.676852	0.000000	0.000000	0.000000	42.019125	0.000000	0.000000	-15.056142	0.000000	0.000000
0.327000	2.000000	8.718856	0.000000	0.000000	0.000000	41.984603	0.000000	0.000000	-14.935426	0.000000	0.000000
0.328000	2.000000	8.760751	0.000000	0.000000	0.000000	41.986408	0.000000	0.000000	-10.228135	0.000000	0.000000
0.329000	2.000000	8.802706	0.000000	0.000000	0.000000	41.994066	0.000000	0.000000	-7.037217	0.000000	0.000000
0.330000	2.000000	8.845071	0.000000	0.000000	0.000000	42.001873	0.000000	0.000000	-8.115209	0.000000	0.000000
0.331000	2.000000	8.887209	0.000000	0.000000	0.000000	42.003644	0.000000	0.000000	-10.056063	0.000000	0.000000
0.332000	2.000000	8.927720	0.000000	0.000000	0.000000	41.968141	0.000000	0.000000	-11.816401	0.000000	0.000000
0.333000	2.000000	8.967205	0.000000	0.000000	0.000000	41.905307	0.000000	0.000000	-14.674598	0.000000	0.000000
0.334000	2.000000	9.007920	0.000000	0.000000	0.000000	41.872689	0.000000	0.000000	-16.395868	0.000000	0.000000
0.335000	2.000000	9.050152	0.000000	0.000000	0.000000	41.886844	0.000000	0.000000	-14.210946	0.000000	0.000000
0.336000	2.000000	9.092500	0.000000	0.000000	0.000000	41.900351	0.000000	0.000000	-10.659788	0.000000	0.000000
0.337000	2.000000	9.134438	0.000000	0.000000	0.000000	41.865567	0.000000	0.000000	-10.732210	0.000000	0.000000
0.338000	2.000000	9.176246	0.000000	0.000000	0.000000	41.799693	0.000000	0.000000	-14.111160	0.000000	0.000000
0.339000	2.000000	9.218223	0.000000	0.000000	0.000000	41.765603	0.000000	0.000000	-16.134474	0.000000	0.000000
0.340000	2.000000	9.260611	0.000000	0.000000	0.000000	41.779971	0.000000	0.000000	-15.410633	0.000000	0.000000
0.341000	2.000000	9.302725	0.000000	0.000000	0.000000	41.790711	0.000000	0.000000	-14.809144	0.000000	0.000000
0.342000	2.000000	9.343224	0.000000	0.000000	0.000000	41.752539	0.000000	0.000000	-16.539751	0.000000	0.000000
0.343000	2.000000	9.382721	0.000000	0.000000	0.000000	41.692289	0.000000	0.000000	-19.371459	0.000000	0.000000
0.344000	2.000000	9.423375	0.000000	0.000000	0.000000	41.661513	0.000000	0.000000	-21.227360	0.000000	0.000000
0.345000	2.000000	9.465591	0.000000	0.000000	0.000000	41.656522	0.000000	0.000000	-21.700885	0.000000	0.000000
0.346000	2.000000	9.508285	0.000000	0.000000	0.000000	41.667757	0.000000	0.000000	-19.617474	0.000000	0.000000
0.347000	2.000000	9.550327	0.000000	0.000000	0.000000	41.711825	0.000000	0.000000	-14.633320	0.000000	0.000000
0.348000	2.000000	9.590703	0.000000	0.000000	0.000000	41.738182	0.000000	0.000000	-11.734337	0.000000	0.000000
0.349000	2.000000	9.630211	0.000000	0.000000	0.000000	41.675710	0.000000	0.000000	-14.795166	0.000000	0.000000
0.350000	2.000000	9.671000	0.000000	0.000000	0.000000	41.579699	0.000000	0.000000	-19.731754	0.000000	0.000000
0.351000	2.000000	9.713249	0.000000	0.000000	0.000000	41.546899	0.000000	0.000000	-21.665410	0.000000	0.000000
0.352000	2.000000	9.755580	0.000000	0.000000	0.000000	41.562690	0.000000	0.000000	-20.997810	0.000000	0.000000
0.353000	2.000000	9.797512	0.000000	0.000000	0.000000	41.563034	0.000000	0.000000	-19.290825	0.000000	0.000000
0.354000	2.000000	9.839320	0.000000	0.000000	0.000000	41.552547	0.000000	0.000000	-16.798076	0.000000	0.000000
0.355000	2.000000	9.881305	0.000000	0.000000	0.000000	41.584310	0.000000	0.000000	-13.732344	0.000000	0.000000
0.356000	2.000000	9.923708	0.000000	0.000000	0.000000	41.656042	0.000000	0.000000	-10.990600	0.000000	0.000000
0.357000	2.000000	9.965798	0.000000	0.000000	0.000000	41.691591	0.000000	0.000000	-9.940922	0.000000	0.000000
0.358000	2.000000	10.006219	0.000000	0.000000	0.000000	41.647821	0.000000	0.000000	-10.368834	0.000000	0.000000
0.359000	2.000000	10.045713	0.000000	0.000000	0.000000	41.578359	0.000000	0.000000	-10.539723	0.000000	0.000000
0.360000	2.000000	10.086521	0.000000	0.000000	0.000000	41.550883	0.000000	0.000000	-10.224721	0.000000	0.000000
0.361000	2.000000	10.128789	0.000000	0.000000	0.000000	41.559844	0.000000	0.000000	-10.482213	0.000000	0.000000
0.362000	2.000000	10.171092	0.000000	0.000000	0.000000	41.566983	0.000000	0.000000	-10.653687	0.000000	0.000000
0.363000	2.000000	10.213012	0.000000	0.000000	0.000000	41.564537	0.000000	0.000000	-8.952493	0.000000	0.000000
0.364000	2.000000	10.254917	0.000000	0.000000	0.000000	41.562446	0.000000	0.000000	-6.183008	0.000000	0.000000
0.365000	2.000000	10.296930	0.000000	0.000000	0.000000	41.563227	0.000000	0.000000	-4.680251	0.000000	0.000000
0.366000	2.000000	10.338974	0.000000	0.000000	0.000000	41.564490	0.000000	0.000000	-4.382498	0.000000	0.000000
0.367000	2.000000	10.380968	0.000000	0.000000	0.000000	41.563815	0.000000	0.000000	-4.949611	0.000000	0.000000
0.368000	2.000000	10.422851	0.000000	0.000000	0.000000	41.560844	0.000000	0.000000	-7.189587	0.000000	0.000000
0.369000	2.000000	10.464825	0.000000	0.000000	0.000000	41.562787	0.000000	0.000000	-8.352123	0.000000	0.000000
0.370000	2.000000	10.507216	0.000000	0.000000	0.000000	41.573418	0.000000	0.000000	-4.871022	0.000000	0.000000
0.371000	2.000000	10.549286	0.000000	0.000000	0.000000	41.566211	0.000000	0.000000	-0.642309	0.000000	0.000000
0.372000	2.000000	10.589669	0.000000	0.000000	0.000000	41.523416	0.000000	0.000000	-1.118278	0.000000	0.000000
0.373000	2.000000	10.629168	0.000000	0.000000	0.000000	41.498734	0.000000	0.000000	-3.045481	0.000000	0.000000
0.374000	2.000000	10.670020	0.000000	0.000000	0.000000	41.532074	0.000000	0.000000	-1.474246	0.000000	0.000000
0.375000	2.000000	10.712305	0.000000	0.000000	0.000000	41.570386	0.000000	0.000000	0.849465	0.000000	0.000000
0.376000	2.000000	10.754596	0.000000	0.000000	0.000000	41.571793	0.000000	0.000000	-0.596004	0.000000	0.000000
0.377000	2.000000	10.796511	0.000000	0.000000	0.000000	41.561266	0.000000	0.000000	-4.513151	0.000000	0.000000
0.378000	2.000000	10.838426	0.000000	0.000000	0.000000	41.560702	0.000000	0.000000	-6.232820	0.000000	0.000000
0.379000	2.000000	10.880442	0.000000	0.000000	0.000000	41.565758	0.000000	0.000000	-3.907771	0.000000	0.000000
0.380000	2.000000	10.922457	0.000000	0.000000	0.000000	41.566680	0.000000	0.000000	-0.556153	0.000000	0.000000
0.381000	2.000000	10.964445	0.000000	0.000000	0.000000	41.556939	0.000000	0.000000	0.288344	0.000000	0.000000
0.382000	2.000000	11.006434	0.000000	0.000000	0.000000	41.553863	0.000000	0.000000	-0.284837	0.000000	0.000000
0.383000	2.000000	11.048429	0.000000	0.000000	0.000000	41.590381	0.000000	0.000000	1.114200	0.000000	0.000000
0.384000	2.000000	11.090425	0.000000	0.000000	0.000000	41.651319	0.000000	0.000000	4.132478	0.000000	0.000000
0.385000	2.000000	11.132419	0.000000	0.000000	0.000000	41.683991	0.000000	0.000000	5.787848	0.000000	0.000000
0.386000	2.000000	11.174412	0.000000	0.000000	0.000000	41.678558	0.000000	0.000000	5.491950	0.000000	0.000000
0.387000	2.000000	11.216406	0.000000	0.000000	0.000000	41.661498	0.000000	0.000000	4.619421	0.000000	0.000000
0.388000	2.000000	11.258402	0.000000	0.000000	0.000000	41.660363	0.000000	0.000000	4.597505	0.000000	0.000000
0.389000	2.000000	11.300397	0.000000	0.000000	0.000000	41.699846	0.000000	0.000000	6.619160	0.000000	0.000000
0.390000	2.000000	11.342383	0.000000	0.000000	0.000000	41.760288	0.000000	0.000000	9.404776	0.000000	0.000000
0.391000	2.000000	11.384376	0.000000	0.000000	0.000000	41.789661	0.000000	0.000000	10.297259	0.000000	0.000000
0.392000	2.000000	11.426399	0.000000	0.000000	0.000000	41.784153	0.000000	0.000000	10.378197	0.000000	0.000000
0.393000	2.000000	11.468396	0.000000	0.000000	0.000000	41.776012	0.000000	0.000000	12.028415	0.000000	0.000000
0.394000	2.000000	11.510281	0.000000	0.000000	0.000000	41.774858	0.000000	0.000000	13.148747	0.000000	0.000000
0.395000	2.000000	11.552267	0.000000	0.000000	0.000000	41.779180	0.000000	0.000000	11.766936	0.000000	0.000000
0.396000	2.000000	11.594669	0.000000	0.000000	0.000000	41.789362	0.000000	0.000000	10.427398	0.000000	0.000000
0.397000	2.000000	11.636691	0.000000	0.000000	0.000000	41.780070	0.000000	0.000000	9.917907	0.000000	0.000000
0.398000	2.000000	11.676996	0.000000	0.000000	0.000000	41.736532	0.000000	0.000000	8.346043	0.000000	0.000000
0.399000	2.000000	11.716510	0.000000	0.000000	0.000000	41.714399	0.000000	0.000000	7.318875	0.000000	0.000000
0.400000	2.000000	11.757446	0.000000	0.000000	0.000000	41.749575	0.000000	0.000000	8.753209	0.000000	0.000000
0.401000	2.000000	11.799760	0.000000	0.000000	0.000000	41.786324	0.000000	0.000000	10.459250	0.000000	0.000000
0.402000	2.000000	11.842033	0.000000	0.000000	0.000000	41.786427	0.000000	0.000000	10.928023	0.000000	0.000000
0.403000	2.000000	11.883940	0.000000	0.000000	0.000000	41.776792	0.000000	0.000000	10.615667	0.000000	0.000000
0.404000	2.000000	11.925853	0.000000	0.000000	0.000000	41.776600	0.000000	0.000000	8.867568	0.000000	0.000000
0.405000	2.000000	11.967870	0.000000	0.000000	0.000000	41.779341	0.000000	0.000000	6.096307	0.000000	0.000000
0.406000	2.000000	12.009913	0.000000	0.000000	0.000000	41.780094	0.000000	0.000000	4.576365	0.000000	0.000000
0.407000	2.000000	12.051902	0.000000	0.000000	0.000000	41.778737	0.000000	0.000000	4.770416	0.000000	0.000000
0.408000	2.000000	12.093780	0.000000	0.000000	0.000000	41.775891	0.000000	0.000000	5.447273	0.000000	0.000000
0.409000	2.000000	12.135774	0.000000	0.000000	0.000000	41.778615	0.000000	0.000000	5.631070	0.000000	0.000000
0.410000	2.000000	12.178185	0.000000	0.000000	0.000000	41.789254	0.000000	0.000000	4.257504	0.000000	0.000000
0.411000	2.000000	12.220179	0.000000	0.000000	0.000000	41.779597	0.000000	0.000000	0.919502	0.000000	0.000000
0.412000	2.000000	12.260442	0.000000	0.000000	0.000000	41.735515	0.000000	0.000000	-2.578366	0.000000	0.000000
0.413000	2.000000	12.299966	0.000000	0.000000	0.000000	41.714559	0.000000	0.000000	-3.313992	0.000000	0.000000
0.414000	2.000000	12.340948	0.000000	0.000000	0.000000	41.750727	0.000000	0.000000	-1.204048	0.000000	0.000000
0.415000	2.000000	12.383276	0.000000	0.000000	0.000000	41.786732	0.000000	0.000000	0.565422	0.000000	0.000000
0.416000	2.000000	12.425537	0.000000	0.000000	0.000000	41.786145	0.000000	0.000000	0.331683	0.000000	0.000000
0.417000	2.000000	12.467441	0.000000	0.000000	0.000000	41.776715	0.000000	0.000000	-0.602220	0.000000	0.000000
0.418000	2.000000	12.509357	0.000000	0.000000	0.000000	41.776715	0.000000	0.000000	-0.159723	0.000000	0.000000
0.419000	2.000000	12.551375	0.000000	0.000000	0.000000	41.779242	0.000000	0.000000	2.033795	0.000000	0.000000
0.420000	2.000000	12.593418	0.000000	0.000000	0.000000	41.779917	0.000000	0.000000	3.119936	0.000000	0.000000
0.421000	2.000000	12.635405	0.000000	0.000000	0.000000	41.779211	0.000000	0.000000	1.411213	0.000000	0.000000
0.422000	2.000000	12.677281	0.000000	0.000000	0.000000	41.776481	0.000000	0.000000	-0.468694	0.000000	0.000000
0.423000	2.000000	12.719283	0.000000	0.000000	0.000000	41.776811	0.000000	0.000000	-0.457909	0.000000	0.000000
0.424000	2.000000	12.761700	0.000000	0.000000	0.000000	41.787078	0.000000	0.000000	0.489844	0.000000	0.000000
0.425000	2.000000	12.803666	0.000000	0.000000	0.000000	41.786374	0.000000	0.000000	0.465399	0.000000	0.000000
0.426000	2.000000	12.843887	0.000000	0.000000	0.000000	41.743123	0.000000	0.000000	-1.724686	0.000000	0.000000
0.427000	2.000000	12.883422	0.000000	0.000000	0.000000	41.683182	0.000000	0.000000	-4.614892	0.000000	0.000000
0.428000	2.000000	12.924452	0.000000	0.000000	0.000000	41.659665	0.000000	0.000000	-5.670125	0.000000	0.000000
0.429000	2.000000	12.966794	0.000000	0.000000	0.000000	41.668088	0.000000	0.000000	-5.133476	0.000000	0.000000
0.430000	2.000000	13.009034	0.000000	0.000000	0.000000	41.674075	0.000000	0.000000	-4.978115	0.000000	0.000000
0.431000	2.000000	13.050935	0.000000	0.000000	0.000000	41.672000	0.000000	0.000000	-5.583535	0.000000	0.000000
0.432000	2.000000	13.092892	0.000000	0.000000	0.000000	41.671112	0.000000	0.000000	-5.165936	0.000000	0.000000
0.433000	2.000000	13.134908	0.000000	0.000000	0.000000	41.670941	0.000000	0.000000	-3.074982	0.000000	0.000000
0.434000	2.000000	13.176806	0.000000	0.000000	0.000000	41.668539	0.000000	0.000000	-2.191428	0.000000	0.000000
0.435000	2.000000	13.218806	0.000000	0.000000	0.000000	41.671344	0.000000	0.000000	-3.780135	0.000000	0.000000
0.436000	2.000000	13.261221	0.000000	0.000000	0.000000	41.681821	0.000000	0.000000	-4.995754	0.000000	0.000000
0.437000	2.000000	13.303166	0.000000	0.000000	0.000000	41.670654	0.000000	0.000000	-5.499588	0.000000	0.000000
0.438000	2.000000	13.343354	0.000000	0.000000	0.000000	41.625913	0.000000	0.000000	-7.181057	0.000000	0.000000
0.439000	2.000000	13.382899	0.000000	0.000000	0.000000	41.607403	0.000000	0.000000	-8.062483	0.000000	0.000000
0.440000	2.000000	13.423965	0.000000	0.000000	0.000000	41.645261	0.000000	0.000000	-6.380069	0.000000	0.000000
0.441000	2.000000	13.466318	0.000000	0.000000	0.000000	41.679810	0.000000	0.000000	-4.767003	0.000000	0.000000
0.442000	2.000000	13.508556	0.000000	0.000000	0.000000	41.677948	0.000000	0.000000	-4.822036	0.000000	0.000000
0.443000	2.000000	13.550454	0.000000	0.000000	0.000000	41.668806	0.000000	0.000000	-5.127409	0.000000	0.000000
0.444000	2.000000	13.592385	0.000000	0.000000	0.000000	41.669377	0.000000	0.000000	-5.115896	0.000000	0.000000
0.445000	2.000000	13.634405	0.000000	0.000000	0.000000	41.671991	0.000000	0.000000	-5.480349	0.000000	0.000000
0.446000	2.000000	13.676408	0.000000	0.000000	0.000000	41.671650	0.000000	0.000000	-5.463036	0.000000	0.000000
0.447000	2.000000	13.718396	0.000000	0.000000	0.000000	41.670311	0.000000	0.000000	-3.467196	0.000000	0.000000
0.448000	2.000000	13.760417	0.000000	0.000000	0.000000	41.671090	0.000000	0.000000	-0.575801	0.000000	0.000000
0.449000	2.000000	13.802407	0.000000	0.000000	0.000000	41.673835	0.000000	0.000000	0.674792	0.000000	0.000000
0.450000	2.000000	13.844287	0.000000	0.000000	0.000000	41.671041	0.000000	0.000000	0.140630	0.000000	0.000000
0.451000	2.000000	13.886302	0.000000	0.000000	0.000000	41.661402	0.000000	0.000000	-0.603483	0.000000	0.000000
0.452000	2.000000	13.928727	0.000000	0.000000	0.000000	41.671903	0.000000	0.000000	-0.004591	0.000000	0.000000
0.453000	2.000000	13.970637	0.000000	0.000000	0.000000	41.712071	0.000000	0.000000	1.950425	0.000000	0.000000
0.454000	2.000000	14.010778	0.000000	0.000000	0.000000	41.727119	0.000000	0.000000	2.675173	0.000000	0.000000
0.455000	2.000000	14.050340	0.000000	0.000000	0.000000	41.692490	0.000000	0.000000	1.140508	0.000000	0.000000
0.456000	2.000000	14.091457	0.000000	0.000000	0.000000	41.662958	0.000000	0.000000	-0.399332	0.000000	0.000000
0.457000	2.000000	14.133824	0.000000	0.000000	0.000000	41.665517	0.000000	0.000000	-0.776382	0.000000	0.000000
0.458000	2.000000	14.176049	0.000000	0.000000	0.000000	41.673354	0.000000	0.000000	0.128581	0.000000	0.000000
0.459000	2.000000	14.217943	0.000000	0.000000	0.000000	41.672830	0.000000	0.000000	2.234159	0.000000	0.000000
0.460000	2.000000	14.259875	0.000000	0.000000	0.000000	41.670732	0.000000	0.000000	3.015648	0.000000	0.000000
0.461000	2.000000	14.301896	0.000000	0.000000	0.000000	41.670196	0.000000	0.000000	1.187377	0.000000	0.000000
0.462000	2.000000	14.343907	0.000000	0.000000	0.000000	41.670783	0.000000	0.000000	-0.429856	0.000000	0.000000
0.463000	2.000000	14.385894	0.000000	0.000000	0.000000	41.673477	0.000000	0.000000	-0.212929	0.000000	0.000000
0.464000	2.000000	14.427884	0.000000	0.000000	0.000000	41.673194	0.000000	0.000000	0.208943	0.000000	0.000000
0.465000	2.000000	14.469880	0.000000	0.000000	0.000000	41.662932	0.000000	0.000000	-0.306897	0.000000	0.000000
0.466000	2.000000	14.511873	0.000000	0.000000	0.000000	41.663569	0.000000	0.000000	-0.401038	0.000000	0.000000
0.467000	2.000000	14.553867	0.000000	0.000000	0.000000	41.706832	0.000000	0.000000	1.675343	0.000000	0.000000
0.468000	2.000000	14.595869	0.000000	0.000000	0.000000	41.766998	0.000000	0.000000	4.604110	0.000000	0.000000
0.469000	2.000000	14.637861	0.000000	0.000000	0.000000	41.790460	0.000000	0.000000	5.684285	0.000000	0.000000
0.470000	2.000000	14.679823	0.000000	0.000000	0.000000	41.781204	0.000000	0.000000	5.112812	0.000000	0.000000
0.471000	2.000000	14.721826	0.000000	0.000000	0.000000	41.775433	0.000000	0.000000	4.971071	0.000000	0.000000
0.472000	2.000000	14.763940	0.000000	0.000000	0.000000	41.780619	0.000000	0.000000	5.676990	0.000000	0.000000
0.473000	2.000000	14.805899	0.000000	0.000000	0.000000	41.780666	0.000000	0.000000	5.179183	0.000000	0.000000
0.474000	2.000000	14.847446	0.000000	0.000000	0.000000	41.769217	0.000000	0.000000	2.721207	0.000000	0.000000
0.475000	2.000000	14.889576	0.000000	0.000000	0.000000	41.774869	0.000000	0.000000	2.273808	0.000000	0.000000
0.476000	2.000000	14.933518	0.000000	0.000000	0.000000	41.822242	0.000000	0.000000	6.178658	0.000000	0.000000
0.477000	2.000000	14.977909	0.000000	0.000000	0.000000	41.870426	0.000000	0.000000	9.879431	0.000000	0.000000
0.478000	2.000000	15.020582	0.000000	0.000000	0.000000	41.888195	0.000000	0.000000	10.603687	0.000000	0.000000
0.479000	2.000000	15.062228	0.000000	0.000000	0.000000	41.923773	0.000000	0.000000	11.924712	0.000000	0.000000
0.480000	2.000000	15.104486	0.000000	0.000000	0.000000	41.989924	0.000000	0.000000	15.099699	0.000000	0.000000
0.481000	2.000000	15.146426	0.000000	0.000000	0.000000	42.011229	0.000000	0.000000	16.214138	0.000000	0.000000
0.482000	2.000000	15.186407	0.000000	0.000000	0.000000	41.953380	0.000000	0.000000	13.484958	0.000000	0.000000
0.483000	2.000000	15.226021	0.000000	0.000000	0.000000	41.889384	0.000000	0.000000	10.409544	0.000000	0.000000
0.484000	2.000000	15.267734	0.000000	0.000000	0.000000	41.884877	0.000000	0.000000	10.066703	0.000000	0.000000
0.485000	2.000000	15.309944	0.000000	0.000000	0.000000	41.891688	0.000000	0.000000	10.404478	0.000000	0.000000
0.486000	2.000000	15.350202	0.000000	0.000000	0.000000	41.848709	0.000000	0.000000	8.846531	0.000000	0.000000
0.487000	2.000000	15.392796	0.000000	0.000000	0.000000	41.863123	0.000000	0.000000	9.502541	0.000000	0.000000
0.488000	2.000000	15.442312	0.000000	0.000000	0.000000	42.046735	0.000000	0.000000	16.185858	0.000000	0.000000
0.489000	2.000000	15.484626	0.000000	0.000000	0.000000	42.053890	0.000000	0.000000	13.661527	0.000000	0.000000
0.490000	2.000000	15.503342	0.000000	0.000000	0.000000	41.486220	0.000000	0.000000	-14.487598	0.000000	0.000000
0.491000	2.000000	15.522775	0.000000	0.000000	0.000000	40.938722	0.000000	0.000000	-40.118193	0.000000	0.000000
0.492000	2.000000	15.576973	0.000000	0.000000	0.000000	41.235885	0.000000	0.000000	-25.692794	0.000000	0.000000
0.493000	2.000000	15.646748	0.000000	0.000000	0.000000	41.902953	0.000000	0.000000	5.825435	0.000000	0.000000
0.494000	2.000000	15.696621	0.000000	0.000000	0.000000	42.097189	0.000000	0.000000	15.072521	0.000000	0.000000
0.495000	2.000000	15.734227	0.000000	0.000000	0.000000	42.035357	0.000000	0.000000	12.673352	0.000000	0.000000
0.496000	2.000000	15.780558	0.000000	0.000000	0.000000	42.200442	0.000000	0.000000	20.265387	0.000000	0.000000
0.497000	2.000000	15.824269	0.000000	0.000000	0.000000	42.263701	0.000000	0.000000	21.021862	0.000000	0.000000
0.498000	2.000000	15.846444	0.000000	0.000000	0.000000	41.771229	0.000000	0.000000	-4.723683	0.000000	0.000000
0.499000	2.000000	15.867731	0.000000	0.000000	0.000000	41.260542	0.000000	0.000000	-29.888240	0.000000	0.000000
0.500000	2.000000	15.918302	0.000000	0.000000	0.000000	41.472179	0.000000	0.000000	-21.504467	0.000000	0.000000
0.501000	2.000000	15.983247	0.000000	0.000000	0.000000	42.033459	0.000000	0.000000	2.073108	0.000000	0.000000
0.502000	2.000000	16.034129	0.000000	0.000000	0.000000	42.249569	0.000000	0.000000	11.349515	0.000000	0.000000
0.503000	2.000000	16.074585	0.000000	0.000000	0.000000	42.211669	0.000000	0.000000	12.299480	0.000000	0.000000
0.504000	2.000000	16.118608	0.000000	0.000000	0.000000	42.261320	0.000000	0.000000	17.711264	0.000000	0.000000
0.505000	2.000000	16.163097	0.000000	0.000000	0.000000	42.322276	0.000000	0.000000	20.828493	0.000000	0.000000
0.506000	2.000000	16.201086	0.000000	0.000000	0.000000	42.224540	0.000000	0.000000	15.850125	0.000000	0.000000
0.507000	2.000000	16.244831	0.000000	0.000000	0.000000	42.267285	0.000000	0.000000	19.932169	0.000000	0.000000
0.508000	2.000000	16.308526	0.000000	0.000000	0.000000	42.796571	0.000000	0.000000	44.449941	0.000000	0.000000
0.509000	2.000000	16.370075	0.000000	0.000000	0.000000	43.273305	0.000000	0.000000	58.408096	0.000000	0.000000
0.510000	2.000000	16.400514	0.000000	0.000000	0.000000	42.991544	0.000000	0.000000	44.650217	0.000000	0.000000
0.511000	2.000000	16.417495	0.000000	0.000000	0.000000	42.382232	0.000000	0.000000	42.667207	0.000000	0.000000
0.512000	2.000000	16.451324	0.000000	0.000000	0.000000	42.182861	0.000000	0.000000	59.244703	0.000000	0.000000
0.513000	2.000000	16.498092	0.000000	0.000000	0.000000	42.296378	0.000000	0.000000	50.499682	0.000000	0.000000
0.514000	2.000000	16.542776	0.000000	0.000000	0.000000	42.362854	0.000000	0.000000	21.900088	0.000000	0.000000
0.515000	2.000000	16.583221	0.000000	0.000000	0.000000	42.335987	0.000000	0.000000	11.371316	0.000000	0.000000
0.516000	2.000000	16.622186	0.000000	0.000000	0.000000	42.258776	0.000000	0.000000	10.638988	0.000000	0.000000
0.517000	2.000000	16.662396	0.000000	0.000000	0.000000	42.167745	0.000000	0.000000	-1.556990	0.000000	0.000000
0.518000	2.000000	16.705881	0.000000	0.000000	0.000000	42.145668	0.000000	0.000000	-5.620599	0.000000	0.000000
0.519000	2.000000	16.750549	0.000000	0.000000	0.000000	42.194326	0.000000	0.000000	20.147465	0.000000	0.000000
0.520000	2.000000	16.793361	0.000000	0.000000	0.000000	42.222741	0.000000	0.000000	45.819030	0.000000	0.000000
0.521000	2.000000	16.834853	0.000000	0.000000	0.000000	42.204066	0.000000	0.000000	34.851741	0.000000	0.000000
0.522000	2.000000	16.876630	0.000000	0.000000	0.000000	42.200107	0.000000	0.000000	7.935630	0.000000	0.000000
0.523000	2.000000	16.918759	0.000000	0.000000	0.000000	42.252496	0.000000	0.000000	0.139393	0.000000	0.000000
0.524000	2.000000	16.960811	0.000000	0.000000	0.000000	42.311953	0.000000	0.000000	4.775432	0.000000	0.000000
0.525000	2.000000	17.002769	0.000000	0.000000	0.000000	42.317930	0.000000	0.000000	2.695689	0.000000	0.000000
0.526000	2.000000	17.044747	0.000000	0.000000	0.000000	42.312278	0.000000	0.000000	-0.476069	0.000000	0.000000
0.527000	2.000000	17.086751	0.000000	0.000000	0.000000	42.354868	0.000000	0.000000	6.206077	0.000000	0.000000
0.528000	2.000000	17.128749	0.000000	0.000000	0.000000	42.340333	0.000000	0.000000	3.478483	0.000000	0.000000
0.529000	2.000000	17.170741	0.000000	0.000000	0.000000	42.156794	0.000000	0.000000	-30.465597	0.000000	0.000000
0.530000	2.000000	17.212734	0.000000	0.000000	0.000000	42.148972	0.000000	0.000000	-53.539677	0.000000	0.000000
0.531000	2.000000	17.254729	0.000000	0.000000	0.000000	42.716746	0.000000	0.000000	-13.085618	0.000000	0.000000
0.532000	2.000000	17.296723	0.000000	0.000000	0.000000	43.267037	0.000000	0.000000	42.133604	0.000000	0.000000
0.533000	2.000000	17.338717	0.000000	0.000000	0.000000	42.969355	0.000000	0.000000	37.452113	0.000000	0.000000
0.534000	2.000000	17.380711	0.000000	0.000000	0.000000	42.291769	0.000000	0.000000	-0.219485	0.000000	0.000000
0.535000	2.000000	17.422705	0.000000	0.000000	0.000000	42.099603	0.000000	0.000000	-12.535785	0.000000	0.000000
0.536000	2.000000	17.464699	0.000000	0.000000	0.000000	42.206630	0.000000	0.000000	-6.159837	0.000000	0.000000
0.537000	2.000000	17.506693	0.000000	0.000000	0.000000	42.100862	0.000000	0.000000	-7.519690	0.000000	0.000000
0.538000	2.000000	17.548687	0.000000	0.000000	0.000000	42.058982	0.000000	0.000000	-5.179219	0.000000	0.000000
0.539000	2.000000	17.590681	0.000000	0.000000	0.000000	42.542378	0.000000	0.000000	18.890930	0.000000	0.000000
0.540000	2.000000	17.632676	0.000000	0.000000	0.000000	43.047427	0.000000	0.000000	40.623872	0.000000	0.000000
0.541000	2.000000	17.674670	0.000000	0.000000	0.000000	42.838232	0.000000	0.000000	29.309072	0.000000	0.000000
0.542000	2.000000	17.716664	0.000000	0.000000	0.000000	42.278451	0.000000	0.000000	3.542151	0.000000	0.000000
0.543000	2.000000	17.758658	0.000000	0.000000	0.000000	42.061685	0.000000	0.000000	-6.591552	0.000000	0.000000
0.544000	2.000000	17.800652	0.000000	0.000000	0.000000	42.099189	0.000000	0.000000	-7.300311	0.000000	0.000000
0.545000	2.000000	17.842646	0.000000	0.000000	0.000000	42.049714	0.000000	0.000000	-12.487576	0.000000	0.000000
0.546000	2.000000	17.884640	0.000000	0.000000	0.000000	41.988850	0.000000	0.000000	-15.670478	0.000000	0.000000
0.547000	2.000000	17.926634	0.000000	0.000000	0.000000	42.086541	0.000000	0.000000	-10.749384	0.000000	0.000000
0.548000	2.000000	17.968628	0.000000	0.000000	0.000000	42.043824	0.000000	0.000000	-14.811612	0.000000	0.000000
0.549000	2.000000	18.010622	0.000000	0.000000	0.000000	41.514536	0.000000	0.000000	-39.323691	0.000000	0.000000
0.550000	2.000000	18.052616	0.000000	0.000000	0.000000	41.037600	0.000000	0.000000	-53.294926	0.000000	0.000000
0.551000	2.000000	18.094610	0.000000	0.000000	0.000000	41.319415	0.000000	0.000000	-39.502708	0.000000	0.000000
0.552000	2.000000	18.136605	0.000000	0.000000	0.000000	41.929507	0.000000	0.000000	-37.487590	0.000000	0.000000
0.553000	2.000000	18.178599	0.000000	0.000000	0.000000	42.128657	0.000000	0.000000	-54.208601	0.000000	0.000000
0.554000	2.000000	18.220593	0.000000	0.000000	0.000000	42.012221	0.000000	0.000000	-45.577835	0.000000	0.000000
0.555000	2.000000	18.262587	0.000000	0.000000	0.000000	41.946602	0.000000	0.000000	-16.436507	0.000000	0.000000
0.556000	2.000000	18.304581	0.000000	0.000000	0.000000	41.984379	0.000000	0.000000	-5.486841	0.000000	0.000000
0.557000	2.000000	18.346575	0.000000	0.000000	0.000000	42.058276	0.000000	0.000000	-7.064455	0.000000	0.000000
0.558000	2.000000	18.388569	0.000000	0.000000	0.000000	42.101791	0.000000	0.000000	0.044233	0.000000	0.000000
0.559000	2.000000	18.430563	0.000000	0.000000	0.000000	42.065416	0.000000	0.000000	0.306367	0.000000	0.000000
0.560000	2.000000	18.472557	0.000000	0.000000	0.000000	42.000198	0.000000	0.000000	-25.818088	0.000000	0.000000
0.561000	2.000000	18.514551	0.000000	0.000000	0.000000	41.980259	0.000000	0.000000	-50.817518	0.000000	0.000000
0.562000	2.000000	18.556545	0.000000	0.000000	0.000000	41.992496	0.000000	0.000000	-40.273140	0.000000	0.000000
0.563000	2.000000	18.598539	0.000000	0.000000	0.000000	41.997786	0.000000	0.000000	-13.365008	0.000000	0.000000
0.564000	2.000000	18.640534	0.000000	0.000000	0.000000	41.994517	0.000000	0.000000	-3.198480	0.000000	0.000000
0.565000	2.000000	18.682528	0.000000	0.000000	0.000000	41.993098	0.000000	0.000000	-5.051972	0.000000	0.000000
0.566000	2.000000	18.724519	0.000000	0.000000	0.000000	41.993910	0.000000	0.000000	-2.657338	0.000000	0.000000
0.567000	2.000000	18.766515	0.000000	0.000000	0.000000	41.994339	0.000000	0.000000	0.261419	0.000000	0.000000
0.568000	2.000000	18.808520	0.000000	0.000000	0.000000	41.994369	0.000000	0.000000	-4.389163	0.000000	0.000000
0.569000	2.000000	18.850506	0.000000	0.000000	0.000000	41.994054	0.000000	0.000000	-2.369986	0.000000	0.000000
0.570000	2.000000	18.892459	0.000000	0.000000	0.000000	41.993123	0.000000	0.000000	22.789890	0.000000	0.000000
0.571000	2.000000	18.934486	0.000000	0.000000	0.000000	41.993965	0.000000	0.000000	45.541175	0.000000	0.000000
0.572000	2.000000	18.976633	0.000000	0.000000	0.000000	41.997659	0.000000	0.000000	32.297329	0.000000	0.000000
0.573000	2.000000	19.018500	0.000000	0.000000	0.000000	41.994565	0.000000	0.000000	3.097988	0.000000	0.000000
0.574000	2.000000	19.059927	0.000000	0.000000	0.000000	41.980725	0.000000	0.000000	-7.044353	0.000000	0.000000
0.575000	2.000000	19.102400	0.000000	0.000000	0.000000	41.992413	0.000000	0.000000	-0.943221	0.000000	0.000000
0.576000	2.000000	19.147002	0.000000	0.000000	0.000000	42.056020	0.000000	0.000000	5.210359	0.000000	0.000000
0.577000	2.000000	19.190867	0.000000	0.000000	0.000000	42.101642	0.000000	0.000000	5.583931	0.000000	0.000000
0.578000	2.000000	19.231201	0.000000	0.000000	0.000000	42.061155	0.000000	0.000000	0.137053	0.000000	0.000000
0.579000	2.000000	19.270506	0.000000	0.000000	0.000000	41.995571	0.000000	0.000000	-5.058105	0.000000	0.000000
0.580000	2.000000	19.311867	0.000000	0.000000	0.000000	41.980139	0.000000	0.000000	-4.060790	0.000000	0.000000
0.581000	2.000000	19.354418	0.000000	0.000000	0.000000	41.993729	0.000000	0.000000	-0.308065	0.000000	0.000000
0.582000	2.000000	19.396580	0.000000	0.000000	0.000000	41.997802	0.000000	0.000000	0.835387	0.000000	0.000000
0.583000	2.000000	19.438425	0.000000	0.000000	0.000000	41.994169	0.000000	0.000000	0.079685	0.000000	0.000000
0.584000	2.000000	19.480377	0.000000	0.000000	0.000000	41.993142	0.000000	0.000000	-0.221135	0.000000	0.000000
0.585000	2.000000	19.522409	0.000000	0.000000	0.000000	41.994070	0.000000	0.000000	-0.021284	0.000000	0.000000
0.586000	2.000000	19.564406	0.000000	0.000000	0.000000	41.994147	0.000000	0.000000	0.049979	0.000000	0.000000
0.587000	2.000000	19.606397	0.000000	0.000000	0.000000	41.994077	0.000000	0.000000	0.007970	0.000000	0.000000
0.588000	2.000000	19.648420	0.000000	0.000000	0.000000	41.994781	0.000000	0.000000	0.021032	0.000000	0.000000
0.589000	2.000000	19.690387	0.000000	0.000000	0.000000	41.994125	0.000000	0.000000	-0.011618	0.000000	0.000000
0.590000	2.000000	19.732263	0.000000	0.000000	0.000000	41.991236	0.000000	0.000000	-0.134190	0.000000	0.000000
0.591000	2.000000	19.774369	0.000000	0.000000	0.000000	41.993965	0.000000	0.000000	0.040085	0.000000	0.000000
0.592000	2.000000	19.816808	0.000000	0.000000	0.000000	42.004806	0.000000	0.000000	0.516253	0.000000	0.000000
0.593000	2.000000	19.858376	0.000000	0.000000	0.000000	41.994424	0.000000	0.000000	-0.154057	0.000000	0.000000
0.594000	2.000000	19.898174	0.000000	0.000000	0.000000	41.940856	0.000000	0.000000	-2.557566	0.000000	0.000000
0.595000	2.000000	19.937947	0.000000	0.000000	0.000000	41.886680	0.000000	0.000000	-4.478343	0.000000	0.000000
0.596000	2.000000	19.979478	0.000000	0.000000	0.000000	41.875396	0.000000	0.000000	-5.572261	0.000000	0.000000
0.597000	2.000000	20.021924	0.000000	0.000000	0.000000	41.886417	0.000000	0.000000	-8.076319	0.000000	0.000000
0.598000	2.000000	20.064070	0.000000	0.000000	0.000000	41.890126	0.000000	0.000000	-10.072166	0.000000	0.000000
0.599000	2.000000	20.105914	0.000000	0.000000	0.000000	41.886450	0.000000	0.000000	-8.319258	0.000000	0.000000
