LabVIEW Measurement	
Writer_Version	2
Reader_Version	2
Separator	Tab
Decimal_Separator	.
Multi_Headings	No
X_Columns	One
Time_Pref	Relative
Operator	MSE_SETUP10
Date	2025/02/17
Time	12:21:20.1482253074645996094
***End_of_Header***	
	
Channels	11											
Samples	600	600	600	600	600	600	600	600	600	600	600	
Date	1903/12/31	1903/12/31	1903/12/31	1903/12/31	1903/12/31	1903/12/31	1903/12/31	1903/12/31	1903/12/31	1903/12/31	1903/12/31	
Time	18:00:00	18:00:00	18:00:00	18:00:00	18:00:00	18:00:00	18:00:00	18:00:00	18:00:00	18:00:00	18:00:00	
X_Dimension	Time	Time	Time	Time	Time	Time	Time	Time	Time	Time	Time	
X0	0.0000000000000000E+0	0.0000000000000000E+0	0.0000000000000000E+0	0.0000000000000000E+0	0.0000000000000000E+0	0.0000000000000000E+0	0.0000000000000000E+0	0.0000000000000000E+0	0.0000000000000000E+0	0.0000000000000000E+0	0.0000000000000000E+0	
Delta_X	0.001000	0.001000	0.001000	0.001000	0.001000	0.001000	0.001000	0.001000	0.001000	0.001000	0.001000	
***End_of_Header***												
X_Value	Input Trajectory	Displacement 1	Displacement 2	Displacement 3	Control Effort	Velocity 1	Velocity 2	Velocity 3	Acceleration 1	Acceleration 2	Acceleration 3	Comment
0.000000	0.000000	0.000000	0.000000	0.000000	0.000000	-403.569724	0.000000	0.000000	-21178.494951	0.000000	0.000000
0.001000	0.000000	5.894151E-33	0.000000	0.000000	0.000000	-404.536628	0.000000	0.000000	-21209.704218	0.000000	0.000000
0.002000	0.000000	-5.258186E-35	0.000000	0.000000	0.000000	-405.509642	0.000000	0.000000	-21231.081442	0.000000	0.000000
0.003000	0.000000	-1.772139E-32	0.000000	0.000000	0.000000	-406.480187	0.000000	0.000000	-21271.082374	0.000000	0.000000
0.004000	0.000000	3.692466E-34	0.000000	0.000000	0.000000	-407.450351	0.000000	0.000000	-21320.104778	0.000000	0.000000
0.005000	0.000000	6.510667E-32	0.000000	0.000000	0.000000	-408.423262	0.000000	0.000000	-21364.961073	0.000000	0.000000
0.006000	0.000000	-2.063176E-33	0.000000	0.000000	0.000000	-409.391587	0.000000	0.000000	-21409.273657	0.000000	0.000000
0.007000	0.000000	-2.431225E-31	0.000000	0.000000	0.000000	-410.351439	0.000000	0.000000	-21457.033720	0.000000	0.000000
0.008000	0.000000	1.029192E-32	0.000000	0.000000	0.000000	-411.330121	0.000000	0.000000	-21507.318402	0.000000	0.000000
0.009000	0.000000	9.089192E-31	0.000000	0.000000	0.000000	-412.351292	0.000000	0.000000	-21559.162763	0.000000	0.000000
0.010000	0.000000	-4.814529E-32	0.000000	0.000000	0.000000	-413.378116	0.000000	0.000000	-21609.836403	0.000000	0.000000
0.011000	0.000000	-3.398215E-30	0.000000	0.000000	0.000000	-414.366603	0.000000	0.000000	-21656.766838	0.000000	0.000000
0.012000	0.000000	2.162133E-31	0.000000	0.000000	0.000000	-415.321969	0.000000	0.000000	-21702.486044	0.000000	0.000000
0.013000	0.000000	1.270479E-29	0.000000	0.000000	0.000000	-416.269230	0.000000	0.000000	-21750.144119	0.000000	0.000000
0.014000	0.000000	-9.439903E-31	0.000000	0.000000	0.000000	-417.258786	0.000000	0.000000	-21799.667854	0.000000	0.000000
0.015000	0.000000	-4.749779E-29	0.000000	0.000000	0.000000	-418.315228	0.000000	0.000000	-21850.130659	0.000000	0.000000
0.016000	0.000000	4.037273E-30	0.000000	0.000000	0.000000	-419.312331	0.000000	0.000000	-21898.085771	0.000000	0.000000
0.017000	0.000000	1.775693E-28	0.000000	0.000000	0.000000	-420.173225	0.000000	0.000000	-21941.072147	0.000000	0.000000
0.018000	0.000000	-1.699650E-29	0.000000	0.000000	0.000000	-421.237263	0.000000	0.000000	-21992.038985	0.000000	0.000000
0.019000	0.000000	-6.638212E-28	0.000000	0.000000	0.000000	-422.766982	0.000000	0.000000	-22062.932712	0.000000	0.000000
0.020000	0.000000	7.066860E-29	0.000000	0.000000	0.000000	-424.158088	0.000000	0.000000	-22127.822426	0.000000	0.000000
0.021000	0.000000	2.481550E-27	0.000000	0.000000	0.000000	-424.815052	0.000000	0.000000	-1011.682292	0.000000	0.000000
0.022000	0.000000	-2.908835E-28	0.000000	0.000000	0.000000	-425.250359	0.000000	0.000000	-986.368119	0.000000	0.000000
0.023000	0.000000	-9.276493E-27	0.000000	0.000000	0.000000	-426.097241	0.000000	0.000000	-980.361847	0.000000	0.000000
0.024000	0.000000	1.187403E-27	0.000000	0.000000	0.000000	-427.177682	0.000000	0.000000	-985.595021	0.000000	0.000000
0.025000	0.000000	3.467634E-26	0.000000	0.000000	0.000000	-428.173522	0.000000	0.000000	-986.817659	0.000000	0.000000
0.026000	0.000000	-4.813281E-27	0.000000	0.000000	0.000000	-429.120847	0.000000	0.000000	-985.599279	0.000000	0.000000
0.027000	0.000000	-1.296198E-25	0.000000	0.000000	0.000000	-430.123877	0.000000	0.000000	-987.251877	0.000000	0.000000
0.028000	0.000000	1.939535E-26	0.000000	0.000000	0.000000	-431.167548	0.000000	0.000000	-991.243313	0.000000	0.000000
0.029000	0.000000	4.845050E-25	0.000000	0.000000	0.000000	-432.208280	0.000000	0.000000	-994.198040	0.000000	0.000000
0.030000	0.000000	-7.775411E-26	0.000000	0.000000	0.000000	-433.217188	0.000000	0.000000	-993.614071	0.000000	0.000000
0.031000	0.000000	-1.810981E-24	0.000000	0.000000	0.000000	-434.183682	0.000000	0.000000	-990.741232	0.000000	0.000000
0.032000	0.000000	3.103169E-25	0.000000	0.000000	0.000000	-435.157697	0.000000	0.000000	-990.052070	0.000000	0.000000
0.033000	0.000000	6.768902E-24	0.000000	0.000000	0.000000	-436.182347	0.000000	0.000000	-993.351335	0.000000	0.000000
0.034000	0.000000	-1.233612E-24	0.000000	0.000000	0.000000	-437.206135	0.000000	0.000000	-996.995456	0.000000	0.000000
0.035000	0.000000	-2.529946E-23	0.000000	0.000000	0.000000	-438.177602	0.000000	0.000000	-996.134094	0.000000	0.000000
0.036000	0.000000	4.886942E-24	0.000000	0.000000	0.000000	-439.146927	0.000000	0.000000	-991.985660	0.000000	0.000000
0.037000	0.000000	9.455684E-23	0.000000	0.000000	0.000000	-440.167041	0.000000	0.000000	-993.081410	0.000000	0.000000
0.038000	0.000000	-1.929942E-23	0.000000	0.000000	0.000000	-441.195265	0.000000	0.000000	-1001.049506	0.000000	0.000000
0.039000	0.000000	-3.533974E-22	0.000000	0.000000	0.000000	-442.180489	0.000000	0.000000	-997.296442	0.000000	0.000000
0.040000	0.000000	7.600426E-23	0.000000	0.000000	0.000000	-443.136073	0.000000	0.000000	-969.956722	0.000000	0.000000
0.041000	0.000000	1.320756E-21	0.000000	0.000000	0.000000	3.221356E-20	0.000000	0.000000	20198.004204	0.000000	0.000000
0.042000	0.000000	-2.985627E-22	0.000000	0.000000	0.000000	-7.282016E-21	0.000000	0.000000	20229.288214	0.000000	0.000000
0.043000	0.000000	-4.935945E-21	0.000000	0.000000	0.000000	-1.203889E-19	0.000000	0.000000	20250.017076	0.000000	0.000000
0.044000	0.000000	1.170141E-21	0.000000	0.000000	0.000000	2.854003E-20	0.000000	0.000000	20290.344813	0.000000	0.000000
0.045000	0.000000	1.844620E-20	0.000000	0.000000	0.000000	4.499072E-19	0.000000	0.000000	20341.794402	0.000000	0.000000
0.046000	0.000000	-4.576507E-21	0.000000	0.000000	0.000000	-1.116221E-19	0.000000	0.000000	20389.215324	0.000000	0.000000
0.047000	0.000000	-6.893377E-20	0.000000	0.000000	0.000000	-1.681311E-18	0.000000	0.000000	20434.326057	0.000000	0.000000
0.048000	0.000000	1.786486E-20	0.000000	0.000000	0.000000	4.357282E-19	0.000000	0.000000	20482.089360	0.000000	0.000000
0.049000	0.000000	2.576000E-19	0.000000	0.000000	0.000000	6.282926E-18	0.000000	0.000000	20531.788011	0.000000	0.000000
0.050000	0.000000	-6.961481E-20	0.000000	0.000000	0.000000	-1.697922E-18	0.000000	0.000000	20581.346665	0.000000	0.000000
0.051000	0.000000	-9.626054E-19	0.000000	0.000000	0.000000	-2.347818E-17	0.000000	0.000000	20629.389891	0.000000	0.000000
0.052000	0.000000	2.708318E-19	0.000000	0.000000	0.000000	6.605654E-18	0.000000	0.000000	20675.413429	0.000000	0.000000
0.053000	0.000000	3.596991E-18	0.000000	0.000000	0.000000	8.773150E-17	0.000000	0.000000	20721.795091	0.000000	0.000000
0.054000	0.000000	-1.052074E-18	0.000000	0.000000	0.000000	-2.566034E-17	0.000000	0.000000	20770.587963	0.000000	0.000000
0.055000	0.000000	-1.344062E-17	0.000000	0.000000	0.000000	-3.278199E-16	0.000000	0.000000	20819.339758	0.000000	0.000000
0.056000	0.000000	4.081204E-18	0.000000	0.000000	0.000000	9.954155E-17	0.000000	0.000000	20865.600090	0.000000	0.000000
0.057000	0.000000	5.022125E-17	0.000000	0.000000	0.000000	1.224908E-15	0.000000	0.000000	20911.758414	0.000000	0.000000
0.058000	0.000000	-1.581130E-17	0.000000	0.000000	0.000000	-3.856414E-16	0.000000	0.000000	20960.335289	0.000000	0.000000
0.059000	0.000000	-1.876482E-16	0.000000	0.000000	0.000000	-4.576786E-15	0.000000	0.000000	21009.298323	0.000000	0.000000
0.060000	0.000000	6.118171E-17	0.000000	0.000000	0.000000	1.492237E-15	0.000000	0.000000	21056.213747	0.000000	0.000000
0.061000	0.000000	7.011161E-16	0.000000	0.000000	0.000000	1.710039E-14	0.000000	0.000000	21101.717763	0.000000	0.000000
0.062000	0.000000	-2.364747E-16	0.000000	0.000000	0.000000	-5.767675E-15	0.000000	0.000000	-2.746527E-13	0.000000	0.000000
0.063000	0.000000	-2.619534E-15	0.000000	0.000000	0.000000	-6.389108E-14	0.000000	0.000000	-3.042432E-12	0.000000	0.000000
0.064000	0.000000	9.130344E-16	0.000000	0.000000	0.000000	2.226913E-14	0.000000	0.000000	1.060441E-12	0.000000	0.000000
0.065000	0.000000	9.786936E-15	0.000000	0.000000	0.000000	2.387057E-13	0.000000	0.000000	1.136694E-11	0.000000	0.000000
0.066000	0.000000	-3.521739E-15	0.000000	0.000000	0.000000	-8.589607E-14	0.000000	0.000000	-4.090310E-12	0.000000	0.000000
0.067000	0.000000	-3.656436E-14	0.000000	0.000000	0.000000	-8.918136E-13	0.000000	0.000000	-4.246731E-11	0.000000	0.000000
0.068000	0.000000	1.357125E-14	0.000000	0.000000	0.000000	3.310062E-13	0.000000	0.000000	1.576228E-11	0.000000	0.000000
0.069000	0.000000	1.366022E-13	0.000000	0.000000	0.000000	3.331761E-12	0.000000	0.000000	1.586552E-10	0.000000	0.000000
0.070000	0.000000	-5.225151E-14	0.000000	0.000000	0.000000	-1.274427E-12	0.000000	0.000000	-6.068730E-11	0.000000	0.000000
0.071000	0.000000	-5.103238E-13	0.000000	0.000000	0.000000	-1.244692E-11	0.000000	0.000000	-5.927105E-10	0.000000	0.000000
0.072000	0.000000	2.010087E-13	0.000000	0.000000	0.000000	4.902652E-12	0.000000	0.000000	2.334607E-10	0.000000	0.000000
0.073000	0.000000	1.906437E-12	0.000000	0.000000	0.000000	4.649848E-11	0.000000	0.000000	2.214213E-9	0.000000	0.000000
0.074000	0.000000	-7.726587E-13	0.000000	0.000000	0.000000	-1.884534E-11	0.000000	0.000000	-8.974011E-10	0.000000	0.000000
0.075000	0.000000	-7.121767E-12	0.000000	0.000000	0.000000	-1.737016E-10	0.000000	0.000000	-8.271505E-9	0.000000	0.000000
0.076000	0.000000	2.967804E-12	0.000000	0.000000	0.000000	7.238546E-11	0.000000	0.000000	3.446942E-9	0.000000	0.000000
0.077000	0.000000	2.660366E-11	0.000000	0.000000	0.000000	6.488697E-10	0.000000	0.000000	3.089855E-8	0.000000	0.000000
0.078000	0.000000	-1.139132E-11	0.000000	0.000000	0.000000	-2.778370E-10	0.000000	0.000000	-1.323039E-8	0.000000	0.000000
0.079000	0.000000	-9.937643E-11	0.000000	0.000000	0.000000	-2.423815E-9	0.000000	0.000000	-1.154198E-7	0.000000	0.000000
0.080000	0.000000	4.369372E-11	0.000000	0.000000	0.000000	1.065701E-9	0.000000	0.000000	5.074786E-8	0.000000	0.000000
0.081000	0.000000	3.712050E-10	0.000000	0.000000	0.000000	9.053781E-9	0.000000	0.000000	4.311324E-7	0.000000	0.000000
0.082000	0.000000	-1.674884E-10	0.000000	0.000000	0.000000	-4.085084E-9	0.000000	0.000000	-1.945286E-7	0.000000	0.000000
0.083000	0.000000	-1.386541E-9	0.000000	0.000000	0.000000	-3.381807E-8	0.000000	0.000000	-1.610384E-6	0.000000	0.000000
0.084000	0.000000	6.416295E-10	0.000000	0.000000	0.000000	1.564950E-8	0.000000	0.000000	7.452174E-7	0.000000	0.000000
0.085000	0.000000	5.178928E-9	0.000000	0.000000	0.000000	1.263153E-7	0.000000	0.000000	6.015014E-6	0.000000	0.000000
0.086000	0.000000	-2.456574E-9	0.000000	0.000000	0.000000	-5.991644E-8	0.000000	0.000000	-2.853175E-6	0.000000	0.000000
0.087000	0.000000	-1.934351E-8	0.000000	0.000000	0.000000	-4.717930E-7	0.000000	0.000000	-2.246633E-5	0.000000	0.000000
0.088000	0.000000	9.400105E-9	0.000000	0.000000	0.000000	2.292709E-7	0.000000	0.000000	1.091770E-5	0.000000	0.000000
0.089000	0.000000	7.224690E-8	0.000000	0.000000	0.000000	1.762119E-6	0.000000	0.000000	8.391043E-5	0.000000	0.000000
0.090000	0.000000	-3.595038E-8	0.000000	0.000000	0.000000	-8.768386E-7	0.000000	0.000000	-4.175438E-5	0.000000	0.000000
0.091000	0.000000	-2.698307E-7	0.000000	0.000000	0.000000	-6.581236E-6	0.000000	0.000000	-0.000313	0.000000	0.000000
0.092000	0.000000	1.374207E-7	0.000000	0.000000	0.000000	3.351724E-6	0.000000	0.000000	0.000160	0.000000	0.000000
0.093000	0.000000	1.007747E-6	0.000000	0.000000	0.000000	2.457920E-5	0.000000	0.000000	0.001170	0.000000	0.000000
0.094000	0.000000	-5.250346E-7	0.000000	0.000000	0.000000	-1.280572E-5	0.000000	0.000000	-0.000610	0.000000	0.000000
0.095000	0.000000	-3.763572E-6	0.000000	0.000000	0.000000	-9.179444E-5	0.000000	0.000000	-0.004371	0.000000	0.000000
0.096000	0.000000	2.005023E-6	0.000000	0.000000	0.000000	4.890301E-5	0.000000	0.000000	0.002329	0.000000	0.000000
0.097000	0.000000	1.405520E-5	0.000000	0.000000	0.000000	0.000343	0.000000	0.000000	0.016324	0.000000	0.000000
0.098000	0.000000	-7.653409E-6	0.000000	0.000000	0.000000	-0.000187	0.000000	0.000000	-0.008889	0.000000	0.000000
0.099000	0.000000	-5.248824E-5	0.000000	0.000000	0.000000	-0.001280	0.000000	0.000000	-0.060962	0.000000	0.000000
0.100000	2.000000	2.920129E-5	0.000000	0.000000	0.000000	0.000712	0.000000	0.000000	0.033916	0.000000	0.000000
0.101000	2.000000	0.000196	0.000000	0.000000	0.000000	0.004781	0.000000	0.000000	0.227652	0.000000	0.000000
0.102000	2.000000	-0.000111	0.000000	0.000000	0.000000	-0.002716	0.000000	0.000000	-0.129350	0.000000	0.000000
0.103000	2.000000	-0.000732	0.000000	0.000000	0.000000	-0.017852	0.000000	0.000000	-0.850106	0.000000	0.000000
0.104000	2.000000	0.000430	0.000000	0.000000	0.000000	0.010496	0.000000	0.000000	0.499832	0.000000	0.000000
0.105000	2.000000	0.004524	0.000000	0.000000	0.000000	0.110348	0.000000	0.000000	5.254650	0.000000	0.000000
0.106000	2.000000	0.009728	0.000000	0.000000	0.000000	0.237260	0.000000	0.000000	11.298092	0.000000	0.000000
0.107000	2.000000	0.014388	0.000000	0.000000	0.000000	0.350934	0.000000	0.000000	16.711145	0.000000	0.000000
0.108000	2.000000	0.018304	0.000000	0.000000	0.000000	0.446440	0.000000	0.000000	21.259057	0.000000	0.000000
0.109000	2.000000	0.022085	0.000000	0.000000	0.000000	0.538666	0.000000	0.000000	25.650763	0.000000	0.000000
0.110000	2.000000	0.027758	0.000000	0.000000	0.000000	0.677019	0.000000	0.000000	32.238905	0.000000	0.000000
0.111000	2.000000	0.036320	0.000000	0.000000	0.000000	0.885844	0.000000	0.000000	42.183069	0.000000	0.000000
0.112000	2.000000	0.045891	0.000000	0.000000	0.000000	1.119284	0.000000	0.000000	53.299545	0.000000	0.000000
0.113000	2.000000	0.054888	0.000000	0.000000	0.000000	1.338725	0.000000	0.000000	63.748627	0.000000	0.000000
0.114000	2.000000	0.063369	0.000000	0.000000	0.000000	1.545577	0.000000	0.000000	73.597722	0.000000	0.000000
0.115000	2.000000	0.071858	0.000000	0.000000	0.000000	1.752640	0.000000	0.000000	83.459643	0.000000	0.000000
0.116000	2.000000	0.081418	0.000000	0.000000	0.000000	1.985805	0.000000	0.000000	94.566522	0.000000	0.000000
0.117000	2.000000	0.092444	0.000000	0.000000	0.000000	2.254721	0.000000	0.000000	107.365344	0.000000	0.000000
0.118000	2.000000	0.103649	0.000000	0.000000	0.000000	2.528023	0.000000	0.000000	120.365729	0.000000	0.000000
0.119000	2.000000	0.114398	0.000000	0.000000	0.000000	2.790204	0.000000	0.000000	132.875726	0.000000	0.000000
0.120000	2.000000	0.126040	0.000000	0.000000	0.000000	3.074157	0.000000	0.000000	146.449404	0.000000	0.000000
0.121000	2.000000	0.139270	0.000000	0.000000	0.000000	3.396828	0.000000	0.000000	161.719787	0.000000	0.000000
0.122000	2.000000	0.152720	0.000000	0.000000	0.000000	3.724881	0.000000	0.000000	177.147614	0.000000	0.000000
0.123000	2.000000	0.165685	0.000000	0.000000	0.000000	4.041107	0.000000	0.000000	192.563015	0.000000	0.000000
0.124000	2.000000	0.179535	0.000000	0.000000	0.000000	4.378895	0.000000	0.000000	209.368911	0.000000	0.000000
0.125000	2.000000	0.194973	0.000000	0.000000	0.000000	4.755444	0.000000	0.000000	225.949879	0.000000	0.000000
0.126000	2.000000	0.210648	0.000000	0.000000	0.000000	5.137756	0.000000	0.000000	239.400386	0.000000	0.000000
0.127000	2.000000	0.225851	0.000000	0.000000	0.000000	5.508568	0.000000	0.000000	251.014650	0.000000	0.000000
0.128000	2.000000	0.241863	0.000000	0.000000	0.000000	5.899103	0.000000	0.000000	264.198535	0.000000	0.000000
0.129000	2.000000	0.259418	0.000000	0.000000	0.000000	6.327268	0.000000	0.000000	280.039448	0.000000	0.000000
0.130000	2.000000	0.277517	0.000000	0.000000	0.000000	6.768712	0.000000	0.000000	296.668854	0.000000	0.000000
0.131000	2.000000	0.295306	0.000000	0.000000	0.000000	7.202583	0.000000	0.000000	310.741177	0.000000	0.000000
0.132000	2.000000	0.312714	0.000000	0.000000	0.000000	7.627189	0.000000	0.000000	321.016465	0.000000	0.000000
0.133000	2.000000	0.330093	0.000000	0.000000	0.000000	8.051050	0.000000	0.000000	330.084089	0.000000	0.000000
0.134000	2.000000	0.348461	0.000000	0.000000	0.000000	8.499020	0.000000	0.000000	340.966442	0.000000	0.000000
0.135000	2.000000	0.368253	0.000000	0.000000	0.000000	8.981802	0.000000	0.000000	354.105970	0.000000	0.000000
0.136000	2.000000	0.388512	0.000000	0.000000	0.000000	9.475996	0.000000	0.000000	367.778863	0.000000	0.000000
0.137000	2.000000	0.408477	0.000000	0.000000	0.000000	9.962804	0.000000	0.000000	379.857081	0.000000	0.000000
0.138000	2.000000	0.428164	0.000000	0.000000	0.000000	10.442683	0.000000	0.000000	389.902930	0.000000	0.000000
0.139000	2.000000	0.447861	0.000000	0.000000	0.000000	10.923629	0.000000	0.000000	399.790739	0.000000	0.000000
0.140000	2.000000	0.468216	0.000000	0.000000	0.000000	11.421183	0.000000	0.000000	410.999029	0.000000	0.000000
0.141000	2.000000	0.489846	0.000000	0.000000	0.000000	11.946739	0.000000	0.000000	422.503908	0.000000	0.000000
0.142000	2.000000	0.513207	0.000000	0.000000	0.000000	12.512457	0.000000	0.000000	434.077579	0.000000	0.000000
0.143000	2.000000	0.537844	0.000000	0.000000	0.000000	13.120872	0.000000	0.000000	447.428147	0.000000	0.000000
0.144000	2.000000	0.561514	0.000000	0.000000	0.000000	13.713321	0.000000	0.000000	460.581618	0.000000	0.000000
0.145000	2.000000	0.583380	0.000000	0.000000	0.000000	14.218294	0.000000	0.000000	468.542823	0.000000	0.000000
0.146000	2.000000	0.605839	0.000000	0.000000	0.000000	14.666206	0.000000	0.000000	471.941048	0.000000	0.000000
0.147000	2.000000	0.630167	0.000000	0.000000	0.000000	15.132663	0.000000	0.000000	475.947970	0.000000	0.000000
0.148000	2.000000	0.654680	0.000000	0.000000	0.000000	15.616861	0.000000	0.000000	481.347279	0.000000	0.000000
0.149000	2.000000	0.678627	0.000000	0.000000	0.000000	16.105436	0.000000	0.000000	486.015857	0.000000	0.000000
0.150000	2.000000	0.703764	0.000000	0.000000	0.000000	16.626308	0.000000	0.000000	490.430473	0.000000	0.000000
0.151000	2.000000	0.730585	0.000000	0.000000	0.000000	17.142116	0.000000	0.000000	493.971594	0.000000	0.000000
0.152000	2.000000	0.756580	0.000000	0.000000	0.000000	17.567329	0.000000	0.000000	493.559296	0.000000	0.000000
0.153000	2.000000	0.780685	0.000000	0.000000	0.000000	17.921806	0.000000	0.000000	490.219858	0.000000	0.000000
0.154000	2.000000	0.805264	0.000000	0.000000	0.000000	18.301858	0.000000	0.000000	488.133706	0.000000	0.000000
0.155000	2.000000	0.831694	0.000000	0.000000	0.000000	18.739637	0.000000	0.000000	487.648424	0.000000	0.000000
0.156000	2.000000	0.858723	0.000000	0.000000	0.000000	19.191820	0.000000	0.000000	486.191311	0.000000	0.000000
0.157000	2.000000	0.885340	0.000000	0.000000	0.000000	19.607844	0.000000	0.000000	482.468957	0.000000	0.000000
0.158000	2.000000	0.911548	0.000000	0.000000	0.000000	19.978159	0.000000	0.000000	476.921695	0.000000	0.000000
0.159000	2.000000	0.937784	0.000000	0.000000	0.000000	20.344750	0.000000	0.000000	471.527037	0.000000	0.000000
0.160000	2.000000	0.965072	0.000000	0.000000	0.000000	20.748133	0.000000	0.000000	467.833528	0.000000	0.000000
0.161000	2.000000	0.993761	0.000000	0.000000	0.000000	21.163904	0.000000	0.000000	463.939099	0.000000	0.000000
0.162000	2.000000	1.022825	0.000000	0.000000	0.000000	21.550118	0.000000	0.000000	457.303750	0.000000	0.000000
0.163000	2.000000	1.051574	0.000000	0.000000	0.000000	21.923255	0.000000	0.000000	448.133232	0.000000	0.000000
0.164000	2.000000	1.080205	0.000000	0.000000	0.000000	22.305345	0.000000	0.000000	437.355865	0.000000	0.000000
0.165000	2.000000	1.108915	0.000000	0.000000	0.000000	22.667803	0.000000	0.000000	426.403907	0.000000	0.000000
0.166000	2.000000	1.137724	0.000000	0.000000	0.000000	22.993924	0.000000	0.000000	417.887137	0.000000	0.000000
0.167000	2.000000	1.166532	0.000000	0.000000	0.000000	23.314248	0.000000	0.000000	411.811538	0.000000	0.000000
0.168000	2.000000	1.195059	0.000000	0.000000	0.000000	23.639206	0.000000	0.000000	405.073491	0.000000	0.000000
0.169000	2.000000	1.223514	0.000000	0.000000	0.000000	23.942708	0.000000	0.000000	396.468921	0.000000	0.000000
0.170000	2.000000	1.253012	0.000000	0.000000	0.000000	24.234008	0.000000	0.000000	387.074850	0.000000	0.000000
0.171000	2.000000	1.283933	0.000000	0.000000	0.000000	24.546729	0.000000	0.000000	377.162893	0.000000	0.000000
0.172000	2.000000	1.315195	0.000000	0.000000	0.000000	24.875334	0.000000	0.000000	368.248489	0.000000	0.000000
0.173000	2.000000	1.346124	0.000000	0.000000	0.000000	25.205122	0.000000	0.000000	363.704445	0.000000	0.000000
0.174000	2.000000	1.377033	0.000000	0.000000	0.000000	25.535114	0.000000	0.000000	362.538438	0.000000	0.000000
0.175000	2.000000	1.408047	0.000000	0.000000	0.000000	25.843567	0.000000	0.000000	359.129012	0.000000	0.000000
0.176000	2.000000	1.438810	0.000000	0.000000	0.000000	26.111132	0.000000	0.000000	351.023581	0.000000	0.000000
0.177000	2.000000	1.469483	0.000000	0.000000	0.000000	26.365149	0.000000	0.000000	341.587134	0.000000	0.000000
0.178000	2.000000	1.501201	0.000000	0.000000	0.000000	26.651800	0.000000	0.000000	335.426493	0.000000	0.000000
0.179000	2.000000	1.534340	0.000000	0.000000	0.000000	26.979893	0.000000	0.000000	333.415877	0.000000	0.000000
0.180000	2.000000	1.567824	0.000000	0.000000	0.000000	27.316165	0.000000	0.000000	331.972124	0.000000	0.000000
0.181000	2.000000	1.600978	0.000000	0.000000	0.000000	27.628351	0.000000	0.000000	327.629436	0.000000	0.000000
0.182000	2.000000	1.634048	0.000000	0.000000	0.000000	27.907379	0.000000	0.000000	321.117859	0.000000	0.000000
0.183000	2.000000	1.667207	0.000000	0.000000	0.000000	28.146359	0.000000	0.000000	314.106731	0.000000	0.000000
0.184000	2.000000	1.700364	0.000000	0.000000	0.000000	28.354149	0.000000	0.000000	306.233055	0.000000	0.000000
0.185000	2.000000	1.733493	0.000000	0.000000	0.000000	28.584838	0.000000	0.000000	299.023490	0.000000	0.000000
0.186000	2.000000	1.766715	0.000000	0.000000	0.000000	28.861808	0.000000	0.000000	294.952612	0.000000	0.000000
0.187000	2.000000	1.799961	0.000000	0.000000	0.000000	29.124942	0.000000	0.000000	291.953241	0.000000	0.000000
0.188000	2.000000	1.832834	0.000000	0.000000	0.000000	29.333353	0.000000	0.000000	286.624061	0.000000	0.000000
0.189000	2.000000	1.865640	0.000000	0.000000	0.000000	29.535631	0.000000	0.000000	280.782140	0.000000	0.000000
0.190000	2.000000	1.899869	0.000000	0.000000	0.000000	29.786396	0.000000	0.000000	278.270881	0.000000	0.000000
0.191000	2.000000	1.935558	0.000000	0.000000	0.000000	30.043751	0.000000	0.000000	276.654422	0.000000	0.000000
0.192000	2.000000	1.970239	0.000000	0.000000	0.000000	30.235464	0.000000	0.000000	270.892151	0.000000	0.000000
0.193000	2.000000	2.003152	0.000000	0.000000	0.000000	30.404191	0.000000	0.000000	263.278925	0.000000	0.000000
0.194000	2.000000	2.036632	0.000000	0.000000	0.000000	30.632863	0.000000	0.000000	258.463861	0.000000	0.000000
0.195000	2.000000	2.071911	0.000000	0.000000	0.000000	30.893841	0.000000	0.000000	255.177476	0.000000	0.000000
0.196000	2.000000	2.108019	0.000000	0.000000	0.000000	31.129888	0.000000	0.000000	251.729562	0.000000	0.000000
0.197000	2.000000	2.143740	0.000000	0.000000	0.000000	31.341884	0.000000	0.000000	249.083451	0.000000	0.000000
0.198000	2.000000	2.177808	0.000000	0.000000	0.000000	31.523620	0.000000	0.000000	245.641470	0.000000	0.000000
0.199000	2.000000	2.210546	0.000000	0.000000	0.000000	31.682867	0.000000	0.000000	239.574590	0.000000	0.000000
0.200000	2.000000	2.244726	0.000000	0.000000	0.000000	31.876643	0.000000	0.000000	233.178585	0.000000	0.000000
0.201000	2.000000	2.280664	0.000000	0.000000	0.000000	32.087626	0.000000	0.000000	227.212403	0.000000	0.000000
0.202000	2.000000	2.314643	0.000000	0.000000	0.000000	32.216639	0.000000	0.000000	218.489910	0.000000	0.000000
0.203000	2.000000	2.349259	0.000000	0.000000	0.000000	32.352044	0.000000	0.000000	211.650705	0.000000	0.000000
0.204000	2.000000	2.397069	0.000000	0.000000	0.000000	32.816962	0.000000	0.000000	222.409624	0.000000	0.000000
0.205000	2.000000	2.454842	0.000000	0.000000	0.000000	33.527736	0.000000	0.000000	246.361308	0.000000	0.000000
0.206000	2.000000	2.494404	0.000000	0.000000	0.000000	33.792435	0.000000	0.000000	247.980792	0.000000	0.000000
0.207000	2.000000	2.509368	0.000000	0.000000	0.000000	33.454728	0.000000	0.000000	218.710495	0.000000	0.000000
0.208000	2.000000	2.529088	0.000000	0.000000	0.000000	33.233079	0.000000	0.000000	195.625547	0.000000	0.000000
0.209000	2.000000	2.567112	0.000000	0.000000	0.000000	33.464721	0.000000	0.000000	196.731778	0.000000	0.000000
0.210000	2.000000	2.609015	0.000000	0.000000	0.000000	33.792710	0.000000	0.000000	202.718025	0.000000	0.000000
0.211000	2.000000	2.646382	0.000000	0.000000	0.000000	33.984614	0.000000	0.000000	199.915145	0.000000	0.000000
0.212000	2.000000	2.683063	0.000000	0.000000	0.000000	34.125127	0.000000	0.000000	194.351251	0.000000	0.000000
0.213000	2.000000	2.720977	0.000000	0.000000	0.000000	34.287374	0.000000	0.000000	192.948097	0.000000	0.000000
0.214000	2.000000	2.757768	0.000000	0.000000	0.000000	34.430330	0.000000	0.000000	191.720876	0.000000	0.000000
0.215000	2.000000	2.792848	0.000000	0.000000	0.000000	34.532081	0.000000	0.000000	185.677028	0.000000	0.000000
0.216000	2.000000	2.828670	0.000000	0.000000	0.000000	34.649329	0.000000	0.000000	178.832782	0.000000	0.000000
0.217000	2.000000	2.866279	0.000000	0.000000	0.000000	34.816318	0.000000	0.000000	175.544308	0.000000	0.000000
0.218000	2.000000	2.904355	0.000000	0.000000	0.000000	34.996872	0.000000	0.000000	174.047034	0.000000	0.000000
0.219000	2.000000	2.941993	0.000000	0.000000	0.000000	35.141262	0.000000	0.000000	172.268660	0.000000	0.000000
0.220000	2.000000	2.979158	0.000000	0.000000	0.000000	35.239471	0.000000	0.000000	169.362092	0.000000	0.000000
0.221000	2.000000	3.016439	0.000000	0.000000	0.000000	35.332072	0.000000	0.000000	164.544236	0.000000	0.000000
0.222000	2.000000	3.055177	0.000000	0.000000	0.000000	35.468269	0.000000	0.000000	160.983027	0.000000	0.000000
0.223000	2.000000	3.095249	0.000000	0.000000	0.000000	35.639038	0.000000	0.000000	162.971405	0.000000	0.000000
0.224000	2.000000	3.134415	0.000000	0.000000	0.000000	35.785561	0.000000	0.000000	163.500796	0.000000	0.000000
0.225000	2.000000	3.171900	0.000000	0.000000	0.000000	35.891102	0.000000	0.000000	146.387641	0.000000	0.000000
0.226000	2.000000	3.209159	0.000000	0.000000	0.000000	35.991854	0.000000	0.000000	117.338916	0.000000	0.000000
0.227000	2.000000	3.246829	0.000000	0.000000	0.000000	36.100361	0.000000	0.000000	109.901265	0.000000	0.000000
0.228000	2.000000	3.284207	0.000000	0.000000	0.000000	36.201125	0.000000	0.000000	130.780797	0.000000	0.000000
0.229000	2.000000	3.321488	0.000000	0.000000	0.000000	36.308617	0.000000	0.000000	146.454192	0.000000	0.000000
0.230000	2.000000	3.360194	0.000000	0.000000	0.000000	36.452521	0.000000	0.000000	142.276199	0.000000	0.000000
0.231000	2.000000	3.400272	0.000000	0.000000	0.000000	36.595179	0.000000	0.000000	133.450910	0.000000	0.000000
0.232000	2.000000	3.439429	0.000000	0.000000	0.000000	36.679797	0.000000	0.000000	128.342003	0.000000	0.000000
0.233000	2.000000	3.476900	0.000000	0.000000	0.000000	36.747833	0.000000	0.000000	124.890739	0.000000	0.000000
0.234000	2.000000	3.514158	0.000000	0.000000	0.000000	36.853815	0.000000	0.000000	122.211491	0.000000	0.000000
0.235000	2.000000	3.551829	0.000000	0.000000	0.000000	36.956014	0.000000	0.000000	120.270680	0.000000	0.000000
0.236000	2.000000	3.589208	0.000000	0.000000	0.000000	37.007246	0.000000	0.000000	117.865036	0.000000	0.000000
0.237000	2.000000	3.626504	0.000000	0.000000	0.000000	37.036223	0.000000	0.000000	113.661617	0.000000	0.000000
0.238000	2.000000	3.665207	0.000000	0.000000	0.000000	37.108953	0.000000	0.000000	109.173108	0.000000	0.000000
0.239000	2.000000	3.705262	0.000000	0.000000	0.000000	37.254976	0.000000	0.000000	107.528768	0.000000	0.000000
0.240000	2.000000	3.744506	0.000000	0.000000	0.000000	37.413655	0.000000	0.000000	108.209204	0.000000	0.000000
0.241000	2.000000	3.782060	0.000000	0.000000	0.000000	37.495951	0.000000	0.000000	107.451444	0.000000	0.000000
0.242000	2.000000	3.818909	0.000000	0.000000	0.000000	37.518164	0.000000	0.000000	104.099636	0.000000	0.000000
0.243000	2.000000	3.856219	0.000000	0.000000	0.000000	37.599431	0.000000	0.000000	101.483896	0.000000	0.000000
0.244000	2.000000	3.895188	0.000000	0.000000	0.000000	37.705597	0.000000	0.000000	98.407571	0.000000	0.000000
0.245000	2.000000	3.935334	0.000000	0.000000	0.000000	37.518668	0.000000	0.000000	82.528935	0.000000	0.000000
0.246000	2.000000	3.974097	0.000000	0.000000	0.000000	37.055009	0.000000	0.000000	55.424148	0.000000	0.000000
0.247000	2.000000	4.011280	0.000000	0.000000	0.000000	36.996969	0.000000	0.000000	47.862634	0.000000	0.000000
0.248000	2.000000	4.049781	0.000000	0.000000	0.000000	37.571053	0.000000	0.000000	70.032929	0.000000	0.000000
0.249000	2.000000	4.089964	0.000000	0.000000	0.000000	38.070138	0.000000	0.000000	89.000606	0.000000	0.000000
0.250000	2.000000	4.128840	0.000000	0.000000	0.000000	38.090912	0.000000	0.000000	84.871227	0.000000	0.000000
0.251000	2.000000	4.166011	0.000000	0.000000	0.000000	37.975512	0.000000	0.000000	72.523366	0.000000	0.000000
0.252000	2.000000	4.204494	0.000000	0.000000	0.000000	38.002743	0.000000	0.000000	67.026878	0.000000	0.000000
0.253000	2.000000	4.244681	0.000000	0.000000	0.000000	38.088242	0.000000	0.000000	67.068818	0.000000	0.000000
0.254000	2.000000	4.283550	0.000000	0.000000	0.000000	38.111545	0.000000	0.000000	64.938701	0.000000	0.000000
0.255000	2.000000	4.320720	0.000000	0.000000	0.000000	38.120777	0.000000	0.000000	60.331506	0.000000	0.000000
0.256000	2.000000	4.359214	0.000000	0.000000	0.000000	38.204057	0.000000	0.000000	59.430599	0.000000	0.000000
0.257000	2.000000	4.399402	0.000000	0.000000	0.000000	38.310547	0.000000	0.000000	62.061910	0.000000	0.000000
0.258000	2.000000	4.438263	0.000000	0.000000	0.000000	38.341078	0.000000	0.000000	62.135933	0.000000	0.000000
0.259000	2.000000	4.475437	0.000000	0.000000	0.000000	38.319075	0.000000	0.000000	57.624818	0.000000	0.000000
0.260000	2.000000	4.513918	0.000000	0.000000	0.000000	38.339657	0.000000	0.000000	51.651465	0.000000	0.000000
0.261000	2.000000	4.554085	0.000000	0.000000	0.000000	38.412857	0.000000	0.000000	47.581040	0.000000	0.000000
0.262000	2.000000	4.593040	0.000000	0.000000	0.000000	38.453688	0.000000	0.000000	45.606538	0.000000	0.000000
0.263000	2.000000	4.630295	0.000000	0.000000	0.000000	38.417509	0.000000	0.000000	42.825915	0.000000	0.000000
0.264000	2.000000	4.668379	0.000000	0.000000	0.000000	38.369044	0.000000	0.000000	36.648254	0.000000	0.000000
0.265000	2.000000	4.708242	0.000000	0.000000	0.000000	38.386021	0.000000	0.000000	32.401101	0.000000	0.000000
0.266000	2.000000	4.748780	0.000000	0.000000	0.000000	38.460502	0.000000	0.000000	44.849195	0.000000	0.000000
0.267000	2.000000	4.788779	0.000000	0.000000	0.000000	38.527326	0.000000	0.000000	70.110352	0.000000	0.000000
0.268000	2.000000	4.827090	0.000000	0.000000	0.000000	38.542934	0.000000	0.000000	73.617402	0.000000	0.000000
0.269000	2.000000	4.864313	0.000000	0.000000	0.000000	38.539151	0.000000	0.000000	46.099927	0.000000	0.000000
0.270000	2.000000	4.902971	0.000000	0.000000	0.000000	38.572768	0.000000	0.000000	23.934767	0.000000	0.000000
0.271000	2.000000	4.943128	0.000000	0.000000	0.000000	38.608152	0.000000	0.000000	24.630463	0.000000	0.000000
0.272000	2.000000	4.982006	0.000000	0.000000	0.000000	38.578899	0.000000	0.000000	28.732733	0.000000	0.000000
0.273000	2.000000	5.019257	0.000000	0.000000	0.000000	38.532369	0.000000	0.000000	25.220260	0.000000	0.000000
0.274000	2.000000	5.057388	0.000000	0.000000	0.000000	38.548500	0.000000	0.000000	21.917043	0.000000	0.000000
0.275000	2.000000	5.097275	0.000000	0.000000	0.000000	38.612613	0.000000	0.000000	23.860374	0.000000	0.000000
0.276000	2.000000	5.137788	0.000000	0.000000	0.000000	38.681938	0.000000	0.000000	26.721968	0.000000	0.000000
0.277000	2.000000	5.177752	0.000000	0.000000	0.000000	38.744968	0.000000	0.000000	25.757673	0.000000	0.000000
0.278000	2.000000	5.216119	0.000000	0.000000	0.000000	38.771100	0.000000	0.000000	21.931114	0.000000	0.000000
0.279000	2.000000	5.253404	0.000000	0.000000	0.000000	38.736502	0.000000	0.000000	18.829747	0.000000	0.000000
0.280000	2.000000	5.291769	0.000000	0.000000	0.000000	38.695290	0.000000	0.000000	17.915036	0.000000	0.000000
0.281000	2.000000	5.331713	0.000000	0.000000	0.000000	38.712371	0.000000	0.000000	17.748283	0.000000	0.000000
0.282000	2.000000	5.371853	0.000000	0.000000	0.000000	38.775426	0.000000	0.000000	17.265180	0.000000	0.000000
0.283000	2.000000	5.411593	0.000000	0.000000	0.000000	38.845935	0.000000	0.000000	18.678421	0.000000	0.000000
0.284000	2.000000	5.451283	0.000000	0.000000	0.000000	38.903985	0.000000	0.000000	23.165528	0.000000	0.000000
0.285000	2.000000	5.491080	0.000000	0.000000	0.000000	38.924181	0.000000	0.000000	26.435079	0.000000	0.000000
0.286000	2.000000	5.530883	0.000000	0.000000	0.000000	38.915822	0.000000	0.000000	25.228616	0.000000	0.000000
0.287000	2.000000	5.570660	0.000000	0.000000	0.000000	38.940563	0.000000	0.000000	22.860057	0.000000	0.000000
0.288000	2.000000	5.610459	0.000000	0.000000	0.000000	39.004353	0.000000	0.000000	22.715558	0.000000	0.000000
0.289000	2.000000	5.650256	0.000000	0.000000	0.000000	39.035982	0.000000	0.000000	23.478444	0.000000	0.000000
0.290000	2.000000	5.689962	0.000000	0.000000	0.000000	39.024338	0.000000	0.000000	23.104111	0.000000	0.000000
0.291000	2.000000	5.729698	0.000000	0.000000	0.000000	39.045320	0.000000	0.000000	22.502480	0.000000	0.000000
0.292000	2.000000	5.769782	0.000000	0.000000	0.000000	39.116348	0.000000	0.000000	24.199789	0.000000	0.000000
0.293000	2.000000	5.809741	0.000000	0.000000	0.000000	39.152366	0.000000	0.000000	27.307928	0.000000	0.000000
0.294000	2.000000	5.848400	0.000000	0.000000	0.000000	39.115079	0.000000	0.000000	27.748108	0.000000	0.000000
0.295000	2.000000	5.887538	0.000000	0.000000	0.000000	39.121649	0.000000	0.000000	27.292848	0.000000	0.000000
0.296000	2.000000	5.931539	0.000000	0.000000	0.000000	39.288262	0.000000	0.000000	32.173747	0.000000	0.000000
0.297000	2.000000	5.973696	0.000000	0.000000	0.000000	39.377599	0.000000	0.000000	33.126712	0.000000	0.000000
0.298000	2.000000	5.997069	0.000000	0.000000	0.000000	38.967501	0.000000	0.000000	10.596806	0.000000	0.000000
0.299000	2.000000	6.012011	0.000000	0.000000	0.000000	38.384110	0.000000	0.000000	-18.428102	0.000000	0.000000
0.300000	2.000000	6.055053	0.000000	0.000000	0.000000	38.527230	0.000000	0.000000	-9.965354	0.000000	0.000000
0.301000	2.000000	6.120964	0.000000	0.000000	0.000000	39.196228	0.000000	0.000000	23.854163	0.000000	0.000000
0.302000	2.000000	6.163446	0.000000	0.000000	0.000000	39.252710	0.000000	0.000000	25.730438	0.000000	0.000000
0.303000	2.000000	6.178187	0.000000	0.000000	0.000000	38.662130	0.000000	0.000000	-5.395055	0.000000	0.000000
0.304000	2.000000	6.203006	0.000000	0.000000	0.000000	38.358800	0.000000	0.000000	-23.196887	0.000000	0.000000
0.305000	2.000000	6.247683	0.000000	0.000000	0.000000	38.519607	0.000000	0.000000	-18.303725	0.000000	0.000000
0.306000	2.000000	6.293205	0.000000	0.000000	0.000000	38.657620	0.000000	0.000000	-12.693359	0.000000	0.000000
0.307000	2.000000	6.332224	0.000000	0.000000	0.000000	38.620589	0.000000	0.000000	-14.058686	0.000000	0.000000
0.308000	2.000000	6.369867	0.000000	0.000000	0.000000	38.563117	0.000000	0.000000	-17.973616	0.000000	0.000000
0.309000	2.000000	6.409546	0.000000	0.000000	0.000000	38.596485	0.000000	0.000000	-19.422275	0.000000	0.000000
0.310000	2.000000	6.452328	0.000000	0.000000	0.000000	38.732091	0.000000	0.000000	-14.470975	0.000000	0.000000
0.311000	2.000000	6.495146	0.000000	0.000000	0.000000	38.833530	0.000000	0.000000	-9.086072	0.000000	0.000000
0.312000	2.000000	6.531701	0.000000	0.000000	0.000000	38.745672	0.000000	0.000000	-14.268956	0.000000	0.000000
0.313000	2.000000	6.569149	0.000000	0.000000	0.000000	38.710803	0.000000	0.000000	-19.311631	0.000000	0.000000
0.314000	2.000000	6.626151	0.000000	0.000000	0.000000	39.192556	0.000000	0.000000	1.913823	0.000000	0.000000
0.315000	2.000000	6.692640	0.000000	0.000000	0.000000	39.884180	0.000000	0.000000	36.623838	0.000000	0.000000
0.316000	2.000000	6.732892	0.000000	0.000000	0.000000	39.893081	0.000000	0.000000	36.734823	0.000000	0.000000
0.317000	2.000000	6.747875	0.000000	0.000000	0.000000	39.270420	0.000000	0.000000	-0.849637	0.000000	0.000000
0.318000	2.000000	6.772391	0.000000	0.000000	0.000000	38.893641	0.000000	0.000000	-23.045627	0.000000	0.000000
0.319000	2.000000	6.814774	0.000000	0.000000	0.000000	38.991579	0.000000	0.000000	1.146597	0.000000	0.000000
0.320000	2.000000	6.858253	0.000000	0.000000	0.000000	39.142652	0.000000	0.000000	36.121073	0.000000	0.000000
0.321000	2.000000	6.897226	0.000000	0.000000	0.000000	39.157483	0.000000	0.000000	30.012044	0.000000	0.000000
0.322000	2.000000	6.937013	0.000000	0.000000	0.000000	39.153665	0.000000	0.000000	-2.026778	0.000000	0.000000
0.323000	2.000000	6.979328	0.000000	0.000000	0.000000	39.206727	0.000000	0.000000	-2.189653	0.000000	0.000000
0.324000	2.000000	7.022264	0.000000	0.000000	0.000000	39.284681	0.000000	0.000000	29.645299	0.000000	0.000000
0.325000	2.000000	7.064325	0.000000	0.000000	0.000000	39.342486	0.000000	0.000000	46.842151	0.000000	0.000000
0.326000	2.000000	7.104601	0.000000	0.000000	0.000000	39.354178	0.000000	0.000000	39.741509	0.000000	0.000000
0.327000	2.000000	7.144068	0.000000	0.000000	0.000000	39.345967	0.000000	0.000000	32.778395	0.000000	0.000000
0.328000	2.000000	7.185207	0.000000	0.000000	0.000000	39.379187	0.000000	0.000000	36.123719	0.000000	0.000000
0.329000	2.000000	7.227585	0.000000	0.000000	0.000000	39.442115	0.000000	0.000000	41.857058	0.000000	0.000000
0.330000	2.000000	7.268317	0.000000	0.000000	0.000000	39.464884	0.000000	0.000000	41.352331	0.000000	0.000000
0.331000	2.000000	7.307699	0.000000	0.000000	0.000000	39.456999	0.000000	0.000000	34.519426	0.000000	0.000000
0.332000	2.000000	7.348720	0.000000	0.000000	0.000000	39.488356	0.000000	0.000000	31.182173	0.000000	0.000000
0.333000	2.000000	7.391118	0.000000	0.000000	0.000000	39.544789	0.000000	0.000000	38.053187	0.000000	0.000000
0.334000	2.000000	7.431899	0.000000	0.000000	0.000000	39.564841	0.000000	0.000000	40.668439	0.000000	0.000000
0.335000	2.000000	7.471289	0.000000	0.000000	0.000000	39.582665	0.000000	0.000000	18.576617	0.000000	0.000000
0.336000	2.000000	7.512193	0.000000	0.000000	0.000000	39.625730	0.000000	0.000000	-12.307144	0.000000	0.000000
0.337000	2.000000	7.554546	0.000000	0.000000	0.000000	39.585550	0.000000	0.000000	-14.644309	0.000000	0.000000
0.338000	2.000000	7.595782	0.000000	0.000000	0.000000	39.563075	0.000000	0.000000	13.935950	0.000000	0.000000
0.339000	2.000000	7.635335	0.000000	0.000000	0.000000	39.957687	0.000000	0.000000	50.668846	0.000000	0.000000
0.340000	2.000000	7.674400	0.000000	0.000000	0.000000	40.546050	0.000000	0.000000	74.022396	0.000000	0.000000
0.341000	2.000000	7.714130	0.000000	0.000000	0.000000	40.465285	0.000000	0.000000	62.982515	0.000000	0.000000
0.342000	2.000000	7.755496	0.000000	0.000000	0.000000	39.866647	0.000000	0.000000	33.769725	0.000000	0.000000
0.343000	2.000000	7.797759	0.000000	0.000000	0.000000	39.861281	0.000000	0.000000	33.695977	0.000000	0.000000
0.344000	2.000000	7.838860	0.000000	0.000000	0.000000	40.504212	0.000000	0.000000	61.784980	0.000000	0.000000
0.345000	2.000000	7.878427	0.000000	0.000000	0.000000	40.863932	0.000000	0.000000	75.202406	0.000000	0.000000
0.346000	2.000000	7.917515	0.000000	0.000000	0.000000	40.727610	0.000000	0.000000	65.958289	0.000000	0.000000
0.347000	2.000000	7.957248	0.000000	0.000000	0.000000	40.586430	0.000000	0.000000	58.678635	0.000000	0.000000
0.348000	2.000000	7.998659	0.000000	0.000000	0.000000	40.644737	0.000000	0.000000	61.846195	0.000000	0.000000
0.349000	2.000000	8.040932	0.000000	0.000000	0.000000	40.757678	0.000000	0.000000	65.642397	0.000000	0.000000
0.350000	2.000000	8.081886	0.000000	0.000000	0.000000	40.788787	0.000000	0.000000	64.127236	0.000000	0.000000
0.351000	2.000000	8.121404	0.000000	0.000000	0.000000	40.709172	0.000000	0.000000	59.251815	0.000000	0.000000
0.352000	2.000000	8.160983	0.000000	0.000000	0.000000	40.630178	0.000000	0.000000	55.865680	0.000000	0.000000
0.353000	2.000000	8.200866	0.000000	0.000000	0.000000	40.711341	0.000000	0.000000	58.237373	0.000000	0.000000
0.354000	2.000000	8.240344	0.000000	0.000000	0.000000	40.760841	0.000000	0.000000	57.907270	0.000000	0.000000
0.355000	2.000000	8.280004	0.000000	0.000000	0.000000	40.337877	0.000000	0.000000	36.811241	0.000000	0.000000
0.356000	2.000000	8.321334	0.000000	0.000000	0.000000	39.724263	0.000000	0.000000	6.742749	0.000000	0.000000
0.357000	2.000000	8.363627	0.000000	0.000000	0.000000	39.774041	0.000000	0.000000	7.062432	0.000000	0.000000
0.358000	2.000000	8.404583	0.000000	0.000000	0.000000	40.407514	0.000000	0.000000	39.141144	0.000000	0.000000
0.359000	2.000000	8.444087	0.000000	0.000000	0.000000	40.773057	0.000000	0.000000	57.618231	0.000000	0.000000
0.360000	2.000000	8.483665	0.000000	0.000000	0.000000	40.704660	0.000000	0.000000	35.570151	0.000000	0.000000
0.361000	2.000000	8.523548	0.000000	0.000000	0.000000	40.616969	0.000000	0.000000	3.377111	0.000000	0.000000
0.362000	2.000000	8.563022	0.000000	0.000000	0.000000	40.629184	0.000000	0.000000	7.804710	0.000000	0.000000
0.363000	2.000000	8.602696	0.000000	0.000000	0.000000	40.626404	0.000000	0.000000	36.178903	0.000000	0.000000
0.364000	2.000000	8.644050	0.000000	0.000000	0.000000	40.602975	0.000000	0.000000	35.318755	0.000000	0.000000
0.365000	2.000000	8.686340	0.000000	0.000000	0.000000	40.587214	0.000000	0.000000	3.952457	0.000000	0.000000
0.366000	2.000000	8.727270	0.000000	0.000000	0.000000	40.559652	0.000000	0.000000	-14.489495	0.000000	0.000000
0.367000	2.000000	8.766765	0.000000	0.000000	0.000000	40.540593	0.000000	0.000000	-8.905559	0.000000	0.000000
0.368000	2.000000	8.806348	0.000000	0.000000	0.000000	40.543430	0.000000	0.000000	-2.047615	0.000000	0.000000
0.369000	2.000000	8.846230	0.000000	0.000000	0.000000	40.512752	0.000000	0.000000	-6.285004	0.000000	0.000000
0.370000	2.000000	8.885707	0.000000	0.000000	0.000000	40.441993	0.000000	0.000000	-15.032580	0.000000	0.000000
0.371000	2.000000	8.925396	0.000000	0.000000	0.000000	40.416563	0.000000	0.000000	-17.724956	0.000000	0.000000
0.372000	2.000000	8.966740	0.000000	0.000000	0.000000	40.464428	0.000000	0.000000	-11.654509	0.000000	0.000000
0.373000	2.000000	9.009020	0.000000	0.000000	0.000000	40.495111	0.000000	0.000000	-6.431765	0.000000	0.000000
0.374000	2.000000	9.050056	0.000000	0.000000	0.000000	40.461905	0.000000	0.000000	-11.877865	0.000000	0.000000
0.375000	2.000000	9.089565	0.000000	0.000000	0.000000	40.430872	0.000000	0.000000	-15.712834	0.000000	0.000000
0.376000	2.000000	9.128660	0.000000	0.000000	0.000000	40.423695	0.000000	0.000000	4.086603	0.000000	0.000000
0.377000	2.000000	9.168459	0.000000	0.000000	0.000000	40.396742	0.000000	0.000000	32.022848	0.000000	0.000000
0.378000	2.000000	9.209923	0.000000	0.000000	0.000000	40.375052	0.000000	0.000000	28.619585	0.000000	0.000000
0.379000	2.000000	9.252174	0.000000	0.000000	0.000000	40.399794	0.000000	0.000000	-0.367635	0.000000	0.000000
0.380000	2.000000	9.293164	0.000000	0.000000	0.000000	40.434858	0.000000	0.000000	-16.104725	0.000000	0.000000
0.381000	2.000000	9.332670	0.000000	0.000000	0.000000	40.445633	0.000000	0.000000	-12.334602	0.000000	0.000000
0.382000	2.000000	9.371775	0.000000	0.000000	0.000000	40.430363	0.000000	0.000000	-8.885989	0.000000	0.000000
0.383000	2.000000	9.411585	0.000000	0.000000	0.000000	40.392399	0.000000	0.000000	-11.275476	0.000000	0.000000
0.384000	2.000000	9.453061	0.000000	0.000000	0.000000	40.373228	0.000000	0.000000	-12.055974	0.000000	0.000000
0.385000	2.000000	9.495309	0.000000	0.000000	0.000000	40.401183	0.000000	0.000000	-9.609134	0.000000	0.000000
0.386000	2.000000	9.536291	0.000000	0.000000	0.000000	40.435692	0.000000	0.000000	-7.215297	0.000000	0.000000
0.387000	2.000000	9.575789	0.000000	0.000000	0.000000	40.445696	0.000000	0.000000	-5.426495	0.000000	0.000000
0.388000	2.000000	9.614858	0.000000	0.000000	0.000000	40.429503	0.000000	0.000000	-5.289998	0.000000	0.000000
0.389000	2.000000	9.654676	0.000000	0.000000	0.000000	40.390679	0.000000	0.000000	-7.273847	0.000000	0.000000
0.390000	2.000000	9.696307	0.000000	0.000000	0.000000	40.375022	0.000000	0.000000	-6.558569	0.000000	0.000000
0.391000	2.000000	9.738565	0.000000	0.000000	0.000000	40.406812	0.000000	0.000000	-1.675320	0.000000	0.000000
0.392000	2.000000	9.779013	0.000000	0.000000	0.000000	40.429488	0.000000	0.000000	0.615487	0.000000	0.000000
0.393000	2.000000	9.818457	0.000000	0.000000	0.000000	40.426185	0.000000	0.000000	-1.821071	0.000000	0.000000
0.394000	2.000000	9.859612	0.000000	0.000000	0.000000	40.457239	0.000000	0.000000	-1.803446	0.000000	0.000000
0.395000	2.000000	9.901959	0.000000	0.000000	0.000000	40.527204	0.000000	0.000000	3.109472	0.000000	0.000000
0.396000	2.000000	9.942994	0.000000	0.000000	0.000000	40.560735	0.000000	0.000000	6.183934	0.000000	0.000000
0.397000	2.000000	9.982448	0.000000	0.000000	0.000000	40.514958	0.000000	0.000000	4.345834	0.000000	0.000000
0.398000	2.000000	10.021531	0.000000	0.000000	0.000000	40.436682	0.000000	0.000000	1.901907	0.000000	0.000000
0.399000	2.000000	10.061383	0.000000	0.000000	0.000000	40.409739	0.000000	0.000000	1.651761	0.000000	0.000000
0.400000	2.000000	10.102910	0.000000	0.000000	0.000000	40.459113	0.000000	0.000000	2.824744	0.000000	0.000000
0.401000	2.000000	10.145147	0.000000	0.000000	0.000000	40.523943	0.000000	0.000000	4.242134	0.000000	0.000000
0.402000	2.000000	10.186078	0.000000	0.000000	0.000000	40.549511	0.000000	0.000000	4.946566	0.000000	0.000000
0.403000	2.000000	10.225551	0.000000	0.000000	0.000000	40.549489	0.000000	0.000000	5.672651	0.000000	0.000000
0.404000	2.000000	10.264625	0.000000	0.000000	0.000000	40.534865	0.000000	0.000000	6.784072	0.000000	0.000000
0.405000	2.000000	10.304480	0.000000	0.000000	0.000000	40.498292	0.000000	0.000000	5.955403	0.000000	0.000000
0.406000	2.000000	10.346158	0.000000	0.000000	0.000000	40.483362	0.000000	0.000000	3.913285	0.000000	0.000000
0.407000	2.000000	10.388396	0.000000	0.000000	0.000000	40.515254	0.000000	0.000000	3.788648	0.000000	0.000000
0.408000	2.000000	10.428786	0.000000	0.000000	0.000000	40.537090	0.000000	0.000000	4.352086	0.000000	0.000000
0.409000	2.000000	10.468243	0.000000	0.000000	0.000000	40.534009	0.000000	0.000000	4.976461	0.000000	0.000000
0.410000	2.000000	10.509457	0.000000	0.000000	0.000000	40.566530	0.000000	0.000000	8.373872	0.000000	0.000000
0.411000	2.000000	10.551800	0.000000	0.000000	0.000000	40.636403	0.000000	0.000000	12.446718	0.000000	0.000000
0.412000	2.000000	10.592784	0.000000	0.000000	0.000000	40.668014	0.000000	0.000000	12.438189	0.000000	0.000000
0.413000	2.000000	10.632212	0.000000	0.000000	0.000000	40.621250	0.000000	0.000000	9.131513	0.000000	0.000000
0.414000	2.000000	10.671291	0.000000	0.000000	0.000000	40.543199	0.000000	0.000000	5.572088	0.000000	0.000000
0.415000	2.000000	10.711178	0.000000	0.000000	0.000000	40.515163	0.000000	0.000000	2.758280	0.000000	0.000000
0.416000	2.000000	10.752789	0.000000	0.000000	0.000000	40.566436	0.000000	0.000000	1.868155	0.000000	0.000000
0.417000	2.000000	10.795014	0.000000	0.000000	0.000000	40.642769	0.000000	0.000000	3.906426	0.000000	0.000000
0.418000	2.000000	10.835746	0.000000	0.000000	0.000000	40.665531	0.000000	0.000000	7.170171	0.000000	0.000000
0.419000	2.000000	10.875200	0.000000	0.000000	0.000000	40.616498	0.000000	0.000000	8.562634	0.000000	0.000000
0.420000	2.000000	10.914840	0.000000	0.000000	0.000000	40.552839	0.000000	0.000000	6.814289	0.000000	0.000000
0.421000	2.000000	10.954708	0.000000	0.000000	0.000000	40.525471	0.000000	0.000000	3.159879	0.000000	0.000000
0.422000	2.000000	10.994138	0.000000	0.000000	0.000000	40.523597	0.000000	0.000000	-0.016480	0.000000	0.000000
0.423000	2.000000	11.033921	0.000000	0.000000	0.000000	40.540137	0.000000	0.000000	-0.446382	0.000000	0.000000
0.424000	2.000000	11.075461	0.000000	0.000000	0.000000	40.582357	0.000000	0.000000	1.565140	0.000000	0.000000
0.425000	2.000000	11.117712	0.000000	0.000000	0.000000	40.601231	0.000000	0.000000	3.160290	0.000000	0.000000
0.426000	2.000000	11.158443	0.000000	0.000000	0.000000	40.564252	0.000000	0.000000	3.140960	0.000000	0.000000
0.427000	2.000000	11.197881	0.000000	0.000000	0.000000	40.526602	0.000000	0.000000	2.059032	0.000000	0.000000
0.428000	2.000000	11.237522	0.000000	0.000000	0.000000	40.530067	0.000000	0.000000	0.705362	0.000000	0.000000
0.429000	2.000000	11.277390	0.000000	0.000000	0.000000	40.549556	0.000000	0.000000	0.593624	0.000000	0.000000
0.430000	2.000000	11.316819	0.000000	0.000000	0.000000	40.540066	0.000000	0.000000	0.288467	0.000000	0.000000
0.431000	2.000000	11.356617	0.000000	0.000000	0.000000	40.495348	0.000000	0.000000	-3.389637	0.000000	0.000000
0.432000	2.000000	11.398170	0.000000	0.000000	0.000000	40.478177	0.000000	0.000000	-7.534544	0.000000	0.000000
0.433000	2.000000	11.440415	0.000000	0.000000	0.000000	40.521981	0.000000	0.000000	-6.953941	0.000000	0.000000
0.434000	2.000000	11.481159	0.000000	0.000000	0.000000	40.553705	0.000000	0.000000	-3.216432	0.000000	0.000000
0.435000	2.000000	11.520587	0.000000	0.000000	0.000000	40.511565	0.000000	0.000000	-1.506384	0.000000	0.000000
0.436000	2.000000	11.560090	0.000000	0.000000	0.000000	40.442204	0.000000	0.000000	-3.474236	0.000000	0.000000
0.437000	2.000000	11.599973	0.000000	0.000000	0.000000	40.414106	0.000000	0.000000	-7.253772	0.000000	0.000000
0.438000	2.000000	11.639938	0.000000	0.000000	0.000000	40.426584	0.000000	0.000000	-10.294548	0.000000	0.000000
0.439000	2.000000	11.679681	0.000000	0.000000	0.000000	40.442667	0.000000	0.000000	-10.612613	0.000000	0.000000
0.440000	2.000000	11.719020	0.000000	0.000000	0.000000	40.430169	0.000000	0.000000	-8.872777	0.000000	0.000000
0.441000	2.000000	11.758870	0.000000	0.000000	0.000000	40.389261	0.000000	0.000000	-7.789458	0.000000	0.000000
0.442000	2.000000	11.800478	0.000000	0.000000	0.000000	40.373919	0.000000	0.000000	-7.216760	0.000000	0.000000
0.443000	2.000000	11.842704	0.000000	0.000000	0.000000	40.405499	0.000000	0.000000	-5.623724	0.000000	0.000000
0.444000	2.000000	11.883402	0.000000	0.000000	0.000000	40.435376	0.000000	0.000000	-4.988645	0.000000	0.000000
0.445000	2.000000	11.922824	0.000000	0.000000	0.000000	40.443877	0.000000	0.000000	-6.594278	0.000000	0.000000
0.446000	2.000000	11.962365	0.000000	0.000000	0.000000	40.436213	0.000000	0.000000	-7.857979	0.000000	0.000000
0.447000	2.000000	12.002247	0.000000	0.000000	0.000000	40.392404	0.000000	0.000000	-8.183222	0.000000	0.000000
0.448000	2.000000	12.042103	0.000000	0.000000	0.000000	40.334316	0.000000	0.000000	-9.156463	0.000000	0.000000
0.449000	2.000000	12.081859	0.000000	0.000000	0.000000	40.318858	0.000000	0.000000	-10.057546	0.000000	0.000000
0.450000	2.000000	12.121595	0.000000	0.000000	0.000000	40.325665	0.000000	0.000000	-10.661478	0.000000	0.000000
0.451000	2.000000	12.161392	0.000000	0.000000	0.000000	40.291079	0.000000	0.000000	-11.856546	0.000000	0.000000
0.452000	2.000000	12.201296	0.000000	0.000000	0.000000	40.231607	0.000000	0.000000	-12.559077	0.000000	0.000000
0.453000	2.000000	12.241055	0.000000	0.000000	0.000000	40.201719	0.000000	0.000000	-13.164691	0.000000	0.000000
0.454000	2.000000	12.280406	0.000000	0.000000	0.000000	40.199858	0.000000	0.000000	-15.339169	0.000000	0.000000
0.455000	2.000000	12.320279	0.000000	0.000000	0.000000	40.219225	0.000000	0.000000	-15.927625	0.000000	0.000000
0.456000	2.000000	12.361920	0.000000	0.000000	0.000000	40.262007	0.000000	0.000000	-11.883740	0.000000	0.000000
0.457000	2.000000	12.404134	0.000000	0.000000	0.000000	40.276708	0.000000	0.000000	-7.880769	0.000000	0.000000
0.458000	2.000000	12.444796	0.000000	0.000000	0.000000	40.238598	0.000000	0.000000	-8.357535	0.000000	0.000000
0.459000	2.000000	12.484205	0.000000	0.000000	0.000000	40.206308	0.000000	0.000000	-10.489344	0.000000	0.000000
0.460000	2.000000	12.523728	0.000000	0.000000	0.000000	40.207999	0.000000	0.000000	-11.174629	0.000000	0.000000
0.461000	2.000000	12.563619	0.000000	0.000000	0.000000	40.214133	0.000000	0.000000	-10.287453	0.000000	0.000000
0.462000	2.000000	12.603581	0.000000	0.000000	0.000000	40.216423	0.000000	0.000000	-8.230355	0.000000	0.000000
0.463000	2.000000	12.643310	0.000000	0.000000	0.000000	40.223698	0.000000	0.000000	-7.153365	0.000000	0.000000
0.464000	2.000000	12.682640	0.000000	0.000000	0.000000	40.212661	0.000000	0.000000	-9.182737	0.000000	0.000000
0.465000	2.000000	12.722542	0.000000	0.000000	0.000000	40.172710	0.000000	0.000000	-12.507909	0.000000	0.000000
0.466000	2.000000	12.764225	0.000000	0.000000	0.000000	40.158870	0.000000	0.000000	-13.571736	0.000000	0.000000
0.467000	2.000000	12.806424	0.000000	0.000000	0.000000	40.194659	0.000000	0.000000	-11.502578	0.000000	0.000000
0.468000	2.000000	12.847015	0.000000	0.000000	0.000000	40.222763	0.000000	0.000000	-8.078146	0.000000	0.000000
0.469000	2.000000	12.886426	0.000000	0.000000	0.000000	40.217177	0.000000	0.000000	-5.578019	0.000000	0.000000
0.470000	2.000000	12.926102	0.000000	0.000000	0.000000	40.212490	0.000000	0.000000	-5.065169	0.000000	0.000000
0.471000	2.000000	12.965956	0.000000	0.000000	0.000000	40.222851	0.000000	0.000000	-4.895888	0.000000	0.000000
0.472000	2.000000	13.005376	0.000000	0.000000	0.000000	40.213633	0.000000	0.000000	-3.687922	0.000000	0.000000
0.473000	2.000000	13.045256	0.000000	0.000000	0.000000	40.172827	0.000000	0.000000	-2.799063	0.000000	0.000000
0.474000	2.000000	13.086879	0.000000	0.000000	0.000000	40.157661	0.000000	0.000000	-2.097975	0.000000	0.000000
0.475000	2.000000	13.129096	0.000000	0.000000	0.000000	40.193599	0.000000	0.000000	-0.298040	0.000000	0.000000
0.476000	2.000000	13.169900	0.000000	0.000000	0.000000	40.227153	0.000000	0.000000	0.377530	0.000000	0.000000
0.477000	2.000000	13.209231	0.000000	0.000000	0.000000	40.222956	0.000000	0.000000	-1.859562	0.000000	0.000000
0.478000	2.000000	13.248042	0.000000	0.000000	0.000000	40.196807	0.000000	0.000000	-3.804794	0.000000	0.000000
0.479000	2.000000	13.288175	0.000000	0.000000	0.000000	40.200919	0.000000	0.000000	-1.794239	0.000000	0.000000
0.480000	2.000000	13.331128	0.000000	0.000000	0.000000	40.279198	0.000000	0.000000	3.470978	0.000000	0.000000
0.481000	2.000000	13.372891	0.000000	0.000000	0.000000	40.338314	0.000000	0.000000	6.205458	0.000000	0.000000
0.482000	2.000000	13.409020	0.000000	0.000000	0.000000	40.247555	0.000000	0.000000	1.591540	0.000000	0.000000
0.483000	2.000000	13.449941	0.000000	0.000000	0.000000	40.230823	0.000000	0.000000	0.685711	0.000000	0.000000
0.484000	2.000000	13.508993	0.000000	0.000000	0.000000	40.641201	0.000000	0.000000	19.881075	0.000000	0.000000
0.485000	2.000000	13.572813	0.000000	0.000000	0.000000	41.205161	0.000000	0.000000	47.261874	0.000000	0.000000
0.486000	2.000000	13.620026	0.000000	0.000000	0.000000	41.395182	0.000000	0.000000	58.212981	0.000000	0.000000
0.487000	2.000000	13.655998	0.000000	0.000000	0.000000	41.308122	0.000000	0.000000	54.726275	0.000000	0.000000
0.488000	2.000000	13.695646	0.000000	0.000000	0.000000	41.302417	0.000000	0.000000	52.750403	0.000000	0.000000
0.489000	2.000000	13.738890	0.000000	0.000000	0.000000	41.385058	0.000000	0.000000	55.347372	0.000000	0.000000
0.490000	2.000000	13.779997	0.000000	0.000000	0.000000	41.418006	0.000000	0.000000	57.182325	0.000000	0.000000
0.491000	2.000000	13.819097	0.000000	0.000000	0.000000	41.402479	0.000000	0.000000	56.666170	0.000000	0.000000
0.492000	2.000000	13.858527	0.000000	0.000000	0.000000	41.393557	0.000000	0.000000	55.747921	0.000000	0.000000
0.493000	2.000000	13.898496	0.000000	0.000000	0.000000	41.395140	0.000000	0.000000	56.262237	0.000000	0.000000
0.494000	2.000000	13.938382	0.000000	0.000000	0.000000	41.398222	0.000000	0.000000	58.352127	0.000000	0.000000
0.495000	2.000000	13.978113	0.000000	0.000000	0.000000	41.407487	0.000000	0.000000	59.515514	0.000000	0.000000
0.496000	2.000000	14.017840	0.000000	0.000000	0.000000	41.403921	0.000000	0.000000	57.634363	0.000000	0.000000
0.497000	2.000000	14.057650	0.000000	0.000000	0.000000	41.359279	0.000000	0.000000	53.910759	0.000000	0.000000
0.498000	2.000000	14.097560	0.000000	0.000000	0.000000	41.303061	0.000000	0.000000	51.433570	0.000000	0.000000
0.499000	2.000000	14.137290	0.000000	0.000000	0.000000	41.280323	0.000000	0.000000	51.595978	0.000000	0.000000
0.500000	2.000000	14.176628	0.000000	0.000000	0.000000	41.278626	0.000000	0.000000	51.319364	0.000000	0.000000
0.501000	2.000000	14.216605	0.000000	0.000000	0.000000	41.289702	0.000000	0.000000	48.119243	0.000000	0.000000
0.502000	2.000000	14.258371	0.000000	0.000000	0.000000	41.335394	0.000000	0.000000	47.479979	0.000000	0.000000
0.503000	2.000000	14.300529	0.000000	0.000000	0.000000	41.388967	0.000000	0.000000	54.352942	0.000000	0.000000
0.504000	2.000000	14.341047	0.000000	0.000000	0.000000	41.408228	0.000000	0.000000	56.066906	0.000000	0.000000
0.505000	2.000000	14.380421	0.000000	0.000000	0.000000	41.409298	0.000000	0.000000	36.576059	0.000000	0.000000
0.506000	2.000000	14.419981	0.000000	0.000000	0.000000	41.400935	0.000000	0.000000	9.322585	0.000000	0.000000
0.507000	2.000000	14.459889	0.000000	0.000000	0.000000	41.357642	0.000000	0.000000	-1.787642	0.000000	0.000000
0.508000	2.000000	14.499843	0.000000	0.000000	0.000000	41.302900	0.000000	0.000000	-0.248657	0.000000	0.000000
0.509000	2.000000	14.539541	0.000000	0.000000	0.000000	41.281123	0.000000	0.000000	-1.014017	0.000000	0.000000
0.510000	2.000000	14.578865	0.000000	0.000000	0.000000	41.279008	0.000000	0.000000	-5.050009	0.000000	0.000000
0.511000	2.000000	14.618873	0.000000	0.000000	0.000000	41.287108	0.000000	0.000000	-6.233248	0.000000	0.000000
0.512000	2.000000	14.660670	0.000000	0.000000	0.000000	41.334491	0.000000	0.000000	-3.237515	0.000000	0.000000
0.513000	2.000000	14.702811	0.000000	0.000000	0.000000	41.400874	0.000000	0.000000	0.348385	0.000000	0.000000
0.514000	2.000000	14.743287	0.000000	0.000000	0.000000	41.415378	0.000000	0.000000	0.963719	0.000000	0.000000
0.515000	2.000000	14.782661	0.000000	0.000000	0.000000	41.360529	0.000000	0.000000	-1.794863	0.000000	0.000000
0.516000	2.000000	14.822269	0.000000	0.000000	0.000000	41.296900	0.000000	0.000000	-5.266060	0.000000	0.000000
0.517000	2.000000	14.862159	0.000000	0.000000	0.000000	41.274616	0.000000	0.000000	-6.157382	0.000000	0.000000
0.518000	2.000000	14.901960	0.000000	0.000000	0.000000	41.286072	0.000000	0.000000	-3.486029	0.000000	0.000000
0.519000	2.000000	14.941731	0.000000	0.000000	0.000000	41.309487	0.000000	0.000000	0.306007	0.000000	0.000000
0.520000	2.000000	14.981621	0.000000	0.000000	0.000000	41.303567	0.000000	0.000000	1.106883	0.000000	0.000000
0.521000	2.000000	15.021349	0.000000	0.000000	0.000000	41.224902	0.000000	0.000000	-2.558262	0.000000	0.000000
0.522000	2.000000	15.060689	0.000000	0.000000	0.000000	41.165817	0.000000	0.000000	-5.899321	0.000000	0.000000
0.523000	2.000000	15.100716	0.000000	0.000000	0.000000	41.260881	0.000000	0.000000	-3.548211	0.000000	0.000000
0.524000	2.000000	15.142538	0.000000	0.000000	0.000000	41.282845	0.000000	0.000000	-5.053440	0.000000	0.000000
0.525000	2.000000	15.184664	0.000000	0.000000	0.000000	40.870037	0.000000	0.000000	-25.628152	0.000000	0.000000
0.526000	2.000000	15.225107	0.000000	0.000000	0.000000	40.299838	0.000000	0.000000	-52.831457	0.000000	0.000000
0.527000	2.000000	15.264472	0.000000	0.000000	0.000000	40.108431	0.000000	0.000000	-61.547816	0.000000	0.000000
0.528000	2.000000	15.304081	0.000000	0.000000	0.000000	40.197152	0.000000	0.000000	-55.261433	0.000000	0.000000
0.529000	2.000000	15.343978	0.000000	0.000000	0.000000	40.203217	0.000000	0.000000	-52.365889	0.000000	0.000000
0.530000	2.000000	15.383808	0.000000	0.000000	0.000000	40.119958	0.000000	0.000000	-55.293574	0.000000	0.000000
0.531000	2.000000	15.423562	0.000000	0.000000	0.000000	40.086940	0.000000	0.000000	-56.765158	0.000000	0.000000
0.532000	2.000000	15.463331	0.000000	0.000000	0.000000	40.103279	0.000000	0.000000	-56.372796	0.000000	0.000000
0.533000	2.000000	15.503124	0.000000	0.000000	0.000000	40.112120	0.000000	0.000000	-58.208180	0.000000	0.000000
0.534000	2.000000	15.542920	0.000000	0.000000	0.000000	40.107901	0.000000	0.000000	-61.570139	0.000000	0.000000
0.535000	2.000000	15.582697	0.000000	0.000000	0.000000	40.105238	0.000000	0.000000	-62.387623	0.000000	0.000000
0.536000	2.000000	15.622447	0.000000	0.000000	0.000000	40.105721	0.000000	0.000000	-59.752761	0.000000	0.000000
0.537000	2.000000	15.662252	0.000000	0.000000	0.000000	40.107605	0.000000	0.000000	-56.633092	0.000000	0.000000
0.538000	2.000000	15.702156	0.000000	0.000000	0.000000	40.109896	0.000000	0.000000	-55.462851	0.000000	0.000000
0.539000	2.000000	15.741864	0.000000	0.000000	0.000000	40.104975	0.000000	0.000000	-56.242706	0.000000	0.000000
0.540000	2.000000	15.781199	0.000000	0.000000	0.000000	40.095349	0.000000	0.000000	-57.816080	0.000000	0.000000
0.541000	2.000000	15.821273	0.000000	0.000000	0.000000	40.113276	0.000000	0.000000	-56.680550	0.000000	0.000000
0.542000	2.000000	15.863139	0.000000	0.000000	0.000000	40.159358	0.000000	0.000000	-50.740215	0.000000	0.000000
0.543000	2.000000	15.905237	0.000000	0.000000	0.000000	40.167464	0.000000	0.000000	-47.540585	0.000000	0.000000
0.544000	2.000000	15.945625	0.000000	0.000000	0.000000	40.124294	0.000000	0.000000	-54.123196	0.000000	0.000000
0.545000	2.000000	15.984982	0.000000	0.000000	0.000000	40.095974	0.000000	0.000000	-56.517645	0.000000	0.000000
0.546000	2.000000	16.024603	0.000000	0.000000	0.000000	40.102008	0.000000	0.000000	-36.572797	0.000000	0.000000
0.547000	2.000000	16.064503	0.000000	0.000000	0.000000	40.110307	0.000000	0.000000	-9.025266	0.000000	0.000000
0.548000	2.000000	16.104338	0.000000	0.000000	0.000000	40.108531	0.000000	0.000000	0.004766	0.000000	0.000000
0.549000	2.000000	16.144085	0.000000	0.000000	0.000000	40.103478	0.000000	0.000000	-4.460642	0.000000	0.000000
0.550000	2.000000	16.183826	0.000000	0.000000	0.000000	40.104515	0.000000	0.000000	-4.700084	0.000000	0.000000
0.551000	2.000000	16.223641	0.000000	0.000000	0.000000	40.116473	0.000000	0.000000	-0.165943	0.000000	0.000000
0.552000	2.000000	16.263548	0.000000	0.000000	0.000000	40.114011	0.000000	0.000000	1.289110	0.000000	0.000000
0.553000	2.000000	16.303244	0.000000	0.000000	0.000000	40.062764	0.000000	0.000000	-1.929292	0.000000	0.000000
0.554000	2.000000	16.342578	0.000000	0.000000	0.000000	39.994300	0.000000	0.000000	-5.610467	0.000000	0.000000
0.555000	2.000000	16.382688	0.000000	0.000000	0.000000	39.985391	0.000000	0.000000	-5.833799	0.000000	0.000000
0.556000	2.000000	16.424588	0.000000	0.000000	0.000000	40.047014	0.000000	0.000000	-2.772557	0.000000	0.000000
0.557000	2.000000	16.466661	0.000000	0.000000	0.000000	40.107124	0.000000	0.000000	0.066801	0.000000	0.000000
0.558000	2.000000	16.507006	0.000000	0.000000	0.000000	40.118206	0.000000	0.000000	0.504798	0.000000	0.000000
0.559000	2.000000	16.546359	0.000000	0.000000	0.000000	40.107293	0.000000	0.000000	-0.123974	0.000000	0.000000
0.560000	2.000000	16.586002	0.000000	0.000000	0.000000	40.104170	0.000000	0.000000	-0.038356	0.000000	0.000000
0.561000	2.000000	16.625895	0.000000	0.000000	0.000000	40.104241	0.000000	0.000000	0.423418	0.000000	0.000000
0.562000	2.000000	16.665688	0.000000	0.000000	0.000000	40.105824	0.000000	0.000000	-0.354858	0.000000	0.000000
0.563000	2.000000	16.705464	0.000000	0.000000	0.000000	40.116472	0.000000	0.000000	-2.042161	0.000000	0.000000
0.564000	2.000000	16.745354	0.000000	0.000000	0.000000	40.113117	0.000000	0.000000	-2.587989	0.000000	0.000000
0.565000	2.000000	16.785055	0.000000	0.000000	0.000000	40.061394	0.000000	0.000000	-2.995232	0.000000	0.000000
0.566000	2.000000	16.824409	0.000000	0.000000	0.000000	39.993770	0.000000	0.000000	-4.866850	0.000000	0.000000
0.567000	2.000000	16.864535	0.000000	0.000000	0.000000	39.986056	0.000000	0.000000	-5.521541	0.000000	0.000000
0.568000	2.000000	16.906403	0.000000	0.000000	0.000000	40.047095	0.000000	0.000000	-3.010100	0.000000	0.000000
0.569000	2.000000	16.948503	0.000000	0.000000	0.000000	40.107841	0.000000	0.000000	-0.032833	0.000000	0.000000
0.570000	2.000000	16.989031	0.000000	0.000000	0.000000	40.123247	0.000000	0.000000	0.941361	0.000000	0.000000
0.571000	2.000000	17.028201	0.000000	0.000000	0.000000	40.107129	0.000000	0.000000	0.124475	0.000000	0.000000
0.572000	2.000000	17.067038	0.000000	0.000000	0.000000	40.084797	0.000000	0.000000	-1.508393	0.000000	0.000000
0.573000	2.000000	17.107610	0.000000	0.000000	0.000000	40.104371	0.000000	0.000000	-0.459063	0.000000	0.000000
0.574000	2.000000	17.150924	0.000000	0.000000	0.000000	40.190243	0.000000	0.000000	6.070393	0.000000	0.000000
0.575000	2.000000	17.191806	0.000000	0.000000	0.000000	40.216718	0.000000	0.000000	10.591340	0.000000	0.000000
0.576000	2.000000	17.227102	0.000000	0.000000	0.000000	40.107455	0.000000	0.000000	5.812596	0.000000	0.000000
0.577000	2.000000	17.270728	0.000000	0.000000	0.000000	40.201961	0.000000	0.000000	7.378455	0.000000	0.000000
0.578000	2.000000	17.333446	0.000000	0.000000	0.000000	40.760837	0.000000	0.000000	31.129200	0.000000	0.000000
0.579000	2.000000	17.390482	0.000000	0.000000	0.000000	41.178670	0.000000	0.000000	50.498280	0.000000	0.000000
0.580000	2.000000	17.417417	0.000000	0.000000	0.000000	40.867160	0.000000	0.000000	36.184177	0.000000	0.000000
0.581000	2.000000	17.435265	0.000000	0.000000	0.000000	40.343068	0.000000	0.000000	11.376101	0.000000	0.000000
0.582000	2.000000	17.469987	0.000000	0.000000	0.000000	40.212543	0.000000	0.000000	5.157231	0.000000	0.000000
0.583000	2.000000	17.514285	0.000000	0.000000	0.000000	40.271849	0.000000	0.000000	7.905986	0.000000	0.000000
0.584000	2.000000	17.555114	0.000000	0.000000	0.000000	40.240920	0.000000	0.000000	5.926088	0.000000	0.000000
0.585000	2.000000	17.593955	0.000000	0.000000	0.000000	40.203160	0.000000	0.000000	4.287765	0.000000	0.000000
0.586000	2.000000	17.635079	0.000000	0.000000	0.000000	40.246269	0.000000	0.000000	8.803586	0.000000	0.000000
0.587000	2.000000	17.677869	0.000000	0.000000	0.000000	40.323565	0.000000	0.000000	15.704520	0.000000	0.000000
0.588000	2.000000	17.720539	0.000000	0.000000	0.000000	40.391126	0.000000	0.000000	19.289051	0.000000	0.000000
0.589000	2.000000	17.761905	0.000000	0.000000	0.000000	40.428448	0.000000	0.000000	18.159689	0.000000	0.000000
0.590000	2.000000	17.801531	0.000000	0.000000	0.000000	40.425500	0.000000	0.000000	15.126612	0.000000	0.000000
0.591000	2.000000	17.841466	0.000000	0.000000	0.000000	40.430238	0.000000	0.000000	14.618618	0.000000	0.000000
0.592000	2.000000	17.883476	0.000000	0.000000	0.000000	40.483796	0.000000	0.000000	17.936533	0.000000	0.000000
0.593000	2.000000	17.925452	0.000000	0.000000	0.000000	40.534239	0.000000	0.000000	21.402002	0.000000	0.000000
0.594000	2.000000	17.965282	0.000000	0.000000	0.000000	40.537516	0.000000	0.000000	20.625972	0.000000	0.000000
0.595000	2.000000	18.005024	0.000000	0.000000	0.000000	40.547470	0.000000	0.000000	17.010818	0.000000	0.000000
0.596000	2.000000	18.046849	0.000000	0.000000	0.000000	40.589290	0.000000	0.000000	17.741522	0.000000	0.000000
0.597000	2.000000	18.089006	0.000000	0.000000	0.000000	40.595555	0.000000	0.000000	23.242851	0.000000	0.000000
0.598000	2.000000	18.129400	0.000000	0.000000	0.000000	40.554605	0.000000	0.000000	16.792553	0.000000	0.000000
0.599000	2.000000	18.168579	0.000000	0.000000	0.000000	40.526183	0.000000	0.000000	-11.174037	0.000000	0.000000
