LabVIEW Measurement	
Writer_Version	2
Reader_Version	2
Separator	Tab
Decimal_Separator	.
Multi_Headings	No
X_Columns	One
Time_Pref	Relative
Operator	MSE_SETUP10
Date	2025/02/17
Time	12:21:20.1482253074645996094
***End_of_Header***	
	
Channels	11											
Samples	600	600	600	600	600	600	600	600	600	600	600	
Date	1903/12/31	1903/12/31	1903/12/31	1903/12/31	1903/12/31	1903/12/31	1903/12/31	1903/12/31	1903/12/31	1903/12/31	1903/12/31	
Time	18:00:00	18:00:00	18:00:00	18:00:00	18:00:00	18:00:00	18:00:00	18:00:00	18:00:00	18:00:00	18:00:00	
X_Dimension	Time	Time	Time	Time	Time	Time	Time	Time	Time	Time	Time	
X0	0.0000000000000000E+0	0.0000000000000000E+0	0.0000000000000000E+0	0.0000000000000000E+0	0.0000000000000000E+0	0.0000000000000000E+0	0.0000000000000000E+0	0.0000000000000000E+0	0.0000000000000000E+0	0.0000000000000000E+0	0.0000000000000000E+0	
Delta_X	0.001000	0.001000	0.001000	0.001000	0.001000	0.001000	0.001000	0.001000	0.001000	0.001000	0.001000	
***End_of_Header***												
X_Value	Input Trajectory	Displacement 1	Displacement 2	Displacement 3	Control Effort	Velocity 1	Velocity 2	Velocity 3	Acceleration 1	Acceleration 2	Acceleration 3	Comment
0.000000	0.000000	0.000000	0.000000	0.000000	0.000000	-682.822575	0.000000	0.000000	-36204.125414	0.000000	0.000000
0.001000	0.000000	1.038929E-33	0.000000	0.000000	0.000000	-684.709287	0.000000	0.000000	-36296.500511	0.000000	0.000000
0.002000	0.000000	-9.268308E-36	0.000000	0.000000	0.000000	-686.596099	0.000000	0.000000	-36388.945771	0.000000	0.000000
0.003000	0.000000	-3.123651E-33	0.000000	0.000000	0.000000	-688.483078	0.000000	0.000000	-36479.336978	0.000000	0.000000
0.004000	0.000000	6.508502E-35	0.000000	0.000000	0.000000	-690.369685	0.000000	0.000000	-36568.698492	0.000000	0.000000
0.005000	0.000000	1.147599E-32	0.000000	0.000000	0.000000	-692.255670	0.000000	0.000000	-36658.495322	0.000000	0.000000
0.006000	0.000000	-3.636644E-34	0.000000	0.000000	0.000000	-694.143053	0.000000	0.000000	-36748.381060	0.000000	0.000000
0.007000	0.000000	-4.285384E-32	0.000000	0.000000	0.000000	-696.032748	0.000000	0.000000	-36837.885756	0.000000	0.000000
0.008000	0.000000	1.814098E-33	0.000000	0.000000	0.000000	-697.917189	0.000000	0.000000	-36928.063054	0.000000	0.000000
0.009000	0.000000	1.602101E-31	0.000000	0.000000	0.000000	-699.793043	0.000000	0.000000	-37019.927638	0.000000	0.000000
0.010000	0.000000	-8.486300E-33	0.000000	0.000000	0.000000	-701.688628	0.000000	0.000000	-37112.785264	0.000000	0.000000
0.011000	0.000000	-5.989842E-31	0.000000	0.000000	0.000000	-703.627712	0.000000	0.000000	-37205.635866	0.000000	0.000000
0.012000	0.000000	3.811071E-32	0.000000	0.000000	0.000000	-705.569768	0.000000	0.000000	-37297.633020	0.000000	0.000000
0.013000	0.000000	2.239403E-30	0.000000	0.000000	0.000000	-707.469481	0.000000	0.000000	-37388.085910	0.000000	0.000000
0.014000	0.000000	-1.663919E-31	0.000000	0.000000	0.000000	-709.345411	0.000000	0.000000	-37477.424215	0.000000	0.000000
0.015000	0.000000	-8.372169E-30	0.000000	0.000000	0.000000	-711.228018	0.000000	0.000000	-37566.603863	0.000000	0.000000
0.016000	0.000000	7.116274E-31	0.000000	0.000000	0.000000	-713.118314	0.000000	0.000000	-37657.072747	0.000000	0.000000
0.017000	0.000000	3.129914E-29	0.000000	0.000000	0.000000	-715.008916	0.000000	0.000000	-37749.612360	0.000000	0.000000
0.018000	0.000000	-2.995878E-30	0.000000	0.000000	0.000000	-716.892400	0.000000	0.000000	-37841.921388	0.000000	0.000000
0.019000	0.000000	-1.170080E-28	0.000000	0.000000	0.000000	-718.767967	0.000000	0.000000	-37931.896579	0.000000	0.000000
0.020000	0.000000	1.245636E-29	0.000000	0.000000	0.000000	-720.664468	0.000000	0.000000	-38021.548666	0.000000	0.000000
0.021000	0.000000	4.374090E-28	0.000000	0.000000	0.000000	-722.604415	0.000000	0.000000	-1894.373360	0.000000	0.000000
0.022000	0.000000	-5.127240E-29	0.000000	0.000000	0.000000	-724.545729	0.000000	0.000000	-1896.973388	0.000000	0.000000
0.023000	0.000000	-1.635115E-27	0.000000	0.000000	0.000000	-726.443730	0.000000	0.000000	-1897.506227	0.000000	0.000000
0.024000	0.000000	2.092968E-28	0.000000	0.000000	0.000000	-728.320482	0.000000	0.000000	-1897.019251	0.000000	0.000000
0.025000	0.000000	6.112203E-27	0.000000	0.000000	0.000000	-730.207001	0.000000	0.000000	-1897.015053	0.000000	0.000000
0.026000	0.000000	-8.484100E-28	0.000000	0.000000	0.000000	-732.093987	0.000000	0.000000	-1897.062741	0.000000	0.000000
0.027000	0.000000	-2.284736E-26	0.000000	0.000000	0.000000	-733.970660	0.000000	0.000000	-1896.552709	0.000000	0.000000
0.028000	0.000000	3.418710E-27	0.000000	0.000000	0.000000	-735.866711	0.000000	0.000000	-1896.855410	0.000000	0.000000
0.029000	0.000000	8.540098E-26	0.000000	0.000000	0.000000	-737.806783	0.000000	0.000000	-1899.504474	0.000000	0.000000
0.030000	0.000000	-1.370528E-26	0.000000	0.000000	0.000000	-739.747976	0.000000	0.000000	-1902.615895	0.000000	0.000000
0.031000	0.000000	-3.192114E-25	0.000000	0.000000	0.000000	-741.645524	0.000000	0.000000	-1902.709321	0.000000	0.000000
0.032000	0.000000	5.469781E-26	0.000000	0.000000	0.000000	-743.522177	0.000000	0.000000	-1899.736410	0.000000	0.000000
0.033000	0.000000	1.193116E-24	0.000000	0.000000	0.000000	-745.408744	0.000000	0.000000	-1897.094064	0.000000	0.000000
0.034000	0.000000	-2.174418E-25	0.000000	0.000000	0.000000	-747.295686	0.000000	0.000000	-1896.485969	0.000000	0.000000
0.035000	0.000000	-4.459393E-24	0.000000	0.000000	0.000000	-749.172621	0.000000	0.000000	-1896.533800	0.000000	0.000000
0.036000	0.000000	8.613938E-25	0.000000	0.000000	0.000000	-751.068942	0.000000	0.000000	-1897.186859	0.000000	0.000000
0.037000	0.000000	1.666700E-23	0.000000	0.000000	0.000000	-753.008440	0.000000	0.000000	-1899.529830	0.000000	0.000000
0.038000	0.000000	-3.401801E-24	0.000000	0.000000	0.000000	-754.950211	0.000000	0.000000	-1901.966411	0.000000	0.000000
0.039000	0.000000	-6.229138E-23	0.000000	0.000000	0.000000	-756.850894	0.000000	0.000000	-1902.785461	0.000000	0.000000
0.040000	0.000000	1.339684E-23	0.000000	0.000000	0.000000	-758.723871	0.000000	0.000000	-1902.662127	0.000000	0.000000
0.041000	0.000000	2.328022E-22	0.000000	0.000000	0.000000	5.678103E-21	0.000000	0.000000	34317.355604	0.000000	0.000000
0.042000	0.000000	-5.262596E-23	0.000000	0.000000	0.000000	-1.283560E-21	0.000000	0.000000	34409.734063	0.000000	0.000000
0.043000	0.000000	-8.700314E-22	0.000000	0.000000	0.000000	-2.122028E-20	0.000000	0.000000	34502.177549	0.000000	0.000000
0.044000	0.000000	2.062542E-22	0.000000	0.000000	0.000000	5.030591E-21	0.000000	0.000000	34592.558566	0.000000	0.000000
0.045000	0.000000	3.251408E-21	0.000000	0.000000	0.000000	7.930262E-20	0.000000	0.000000	34681.927736	0.000000	0.000000
0.046000	0.000000	-8.066753E-22	0.000000	0.000000	0.000000	-1.967501E-20	0.000000	0.000000	34771.761952	0.000000	0.000000
0.047000	0.000000	-1.215057E-20	0.000000	0.000000	0.000000	-2.963553E-19	0.000000	0.000000	34861.618442	0.000000	0.000000
0.048000	0.000000	3.148938E-21	0.000000	0.000000	0.000000	7.680337E-20	0.000000	0.000000	34950.983815	0.000000	0.000000
0.049000	0.000000	4.540570E-20	0.000000	0.000000	0.000000	1.107456E-18	0.000000	0.000000	35041.271965	0.000000	0.000000
0.050000	0.000000	-1.227061E-20	0.000000	0.000000	0.000000	-2.992832E-19	0.000000	0.000000	35133.656312	0.000000	0.000000
0.051000	0.000000	-1.696730E-19	0.000000	0.000000	0.000000	-4.138367E-18	0.000000	0.000000	35226.094112	0.000000	0.000000
0.052000	0.000000	4.773801E-20	0.000000	0.000000	0.000000	1.164342E-18	0.000000	0.000000	35316.453504	0.000000	0.000000
0.053000	0.000000	6.340215E-19	0.000000	0.000000	0.000000	1.546394E-17	0.000000	0.000000	35405.817943	0.000000	0.000000
0.054000	0.000000	-1.854432E-19	0.000000	0.000000	0.000000	-4.523004E-18	0.000000	0.000000	35495.654454	0.000000	0.000000
0.055000	0.000000	-2.369102E-18	0.000000	0.000000	0.000000	-5.778297E-17	0.000000	0.000000	35585.508875	0.000000	0.000000
0.056000	0.000000	7.193708E-19	0.000000	0.000000	0.000000	1.754563E-17	0.000000	0.000000	35674.886715	0.000000	0.000000
0.057000	0.000000	8.852217E-18	0.000000	0.000000	0.000000	2.159077E-16	0.000000	0.000000	35765.187731	0.000000	0.000000
0.058000	0.000000	-2.786968E-18	0.000000	0.000000	0.000000	-6.797484E-17	0.000000	0.000000	35857.544761	0.000000	0.000000
0.059000	0.000000	-3.307570E-17	0.000000	0.000000	0.000000	-8.067243E-16	0.000000	0.000000	35950.010026	0.000000	0.000000
0.060000	0.000000	1.078416E-17	0.000000	0.000000	0.000000	2.630282E-16	0.000000	0.000000	36040.518786	0.000000	0.000000
0.061000	0.000000	1.235818E-16	0.000000	0.000000	0.000000	3.014190E-15	0.000000	0.000000	36129.708164	0.000000	0.000000
0.062000	0.000000	-4.168206E-17	0.000000	0.000000	0.000000	-1.016636E-15	0.000000	0.000000	-4.841149E-14	0.000000	0.000000
0.063000	0.000000	-4.617306E-16	0.000000	0.000000	0.000000	-1.126172E-14	0.000000	0.000000	-5.362724E-13	0.000000	0.000000
0.064000	0.000000	1.609354E-16	0.000000	0.000000	0.000000	3.925255E-15	0.000000	0.000000	1.869179E-13	0.000000	0.000000
0.065000	0.000000	1.725088E-15	0.000000	0.000000	0.000000	4.207532E-14	0.000000	0.000000	2.003586E-12	0.000000	0.000000
0.066000	0.000000	-6.207571E-16	0.000000	0.000000	0.000000	-1.514042E-14	0.000000	0.000000	-7.209760E-13	0.000000	0.000000
0.067000	0.000000	-6.444994E-15	0.000000	0.000000	0.000000	-1.571950E-13	0.000000	0.000000	-7.485474E-12	0.000000	0.000000
0.068000	0.000000	2.392129E-15	0.000000	0.000000	0.000000	5.834460E-14	0.000000	0.000000	2.778328E-12	0.000000	0.000000
0.069000	0.000000	2.407810E-14	0.000000	0.000000	0.000000	5.872707E-13	0.000000	0.000000	2.796527E-11	0.000000	0.000000
0.070000	0.000000	-9.210079E-15	0.000000	0.000000	0.000000	-2.246361E-13	0.000000	0.000000	-1.069701E-11	0.000000	0.000000
0.071000	0.000000	-8.995192E-14	0.000000	0.000000	0.000000	-2.193949E-12	0.000000	0.000000	-1.044738E-10	0.000000	0.000000
0.072000	0.000000	3.543068E-14	0.000000	0.000000	0.000000	8.641629E-13	0.000000	0.000000	4.115081E-11	0.000000	0.000000
0.073000	0.000000	3.360370E-13	0.000000	0.000000	0.000000	8.196025E-12	0.000000	0.000000	3.902868E-10	0.000000	0.000000
0.074000	0.000000	-1.361922E-13	0.000000	0.000000	0.000000	-3.321761E-12	0.000000	0.000000	-1.581798E-10	0.000000	0.000000
0.075000	0.000000	-1.255314E-12	0.000000	0.000000	0.000000	-3.061741E-11	0.000000	0.000000	-1.457972E-9	0.000000	0.000000
0.076000	0.000000	5.231181E-13	0.000000	0.000000	0.000000	1.275898E-11	0.000000	0.000000	6.075732E-10	0.000000	0.000000
0.077000	0.000000	4.689277E-12	0.000000	0.000000	0.000000	1.143726E-10	0.000000	0.000000	5.446314E-9	0.000000	0.000000
0.078000	0.000000	-2.007883E-12	0.000000	0.000000	0.000000	-4.897276E-11	0.000000	0.000000	-2.332046E-9	0.000000	0.000000
0.079000	0.000000	-1.751653E-11	0.000000	0.000000	0.000000	-4.272323E-10	0.000000	0.000000	-2.034439E-8	0.000000	0.000000
0.080000	0.000000	7.701647E-12	0.000000	0.000000	0.000000	1.878450E-10	0.000000	0.000000	8.945040E-9	0.000000	0.000000
0.081000	0.000000	6.543022E-11	0.000000	0.000000	0.000000	1.595859E-9	0.000000	0.000000	7.599328E-8	0.000000	0.000000
0.082000	0.000000	-2.952224E-11	0.000000	0.000000	0.000000	-7.200547E-10	0.000000	0.000000	-3.428846E-8	0.000000	0.000000
0.083000	0.000000	-2.443978E-10	0.000000	0.000000	0.000000	-5.960921E-9	0.000000	0.000000	-2.838533E-7	0.000000	0.000000
0.084000	0.000000	1.130964E-10	0.000000	0.000000	0.000000	2.758450E-9	0.000000	0.000000	1.313553E-7	0.000000	0.000000
0.085000	0.000000	9.128605E-10	0.000000	0.000000	0.000000	2.226489E-8	0.000000	0.000000	1.060233E-6	0.000000	0.000000
0.086000	0.000000	-4.330065E-10	0.000000	0.000000	0.000000	-1.056113E-8	0.000000	0.000000	-5.029132E-7	0.000000	0.000000
0.087000	0.000000	-3.409572E-9	0.000000	0.000000	0.000000	-8.316030E-8	0.000000	0.000000	-3.960014E-6	0.000000	0.000000
0.088000	0.000000	1.656904E-9	0.000000	0.000000	0.000000	4.041229E-8	0.000000	0.000000	1.924402E-6	0.000000	0.000000
0.089000	0.000000	1.273455E-8	0.000000	0.000000	0.000000	3.105989E-7	0.000000	0.000000	1.479042E-5	0.000000	0.000000
0.090000	0.000000	-6.336772E-9	0.000000	0.000000	0.000000	-1.545554E-7	0.000000	0.000000	-7.359809E-6	0.000000	0.000000
0.091000	0.000000	-4.756153E-8	0.000000	0.000000	0.000000	-1.160037E-6	0.000000	0.000000	-5.523987E-5	0.000000	0.000000
0.092000	0.000000	2.422237E-8	0.000000	0.000000	0.000000	5.907896E-7	0.000000	0.000000	2.813294E-5	0.000000	0.000000
0.093000	0.000000	1.776300E-7	0.000000	0.000000	0.000000	4.332438E-6	0.000000	0.000000	0.000206	0.000000	0.000000
0.094000	0.000000	-9.254489E-8	0.000000	0.000000	0.000000	-2.257192E-6	0.000000	0.000000	-0.000107	0.000000	0.000000
0.095000	0.000000	-6.633837E-7	0.000000	0.000000	0.000000	-1.618009E-5	0.000000	0.000000	-0.000770	0.000000	0.000000
0.096000	0.000000	3.534142E-7	0.000000	0.000000	0.000000	8.619859E-6	0.000000	0.000000	0.000410	0.000000	0.000000
0.097000	0.000000	2.477431E-6	0.000000	0.000000	0.000000	6.042515E-5	0.000000	0.000000	0.002877	0.000000	0.000000
0.098000	0.000000	-1.349023E-6	0.000000	0.000000	0.000000	-3.290301E-5	0.000000	0.000000	-0.001567	0.000000	0.000000
0.099000	0.000000	-9.251807E-6	0.000000	0.000000	0.000000	-0.000226	0.000000	0.000000	-0.010745	0.000000	0.000000
0.100000	2.000000	5.147147E-6	0.000000	0.000000	0.000000	0.000126	0.000000	0.000000	0.005978	0.000000	0.000000
0.101000	2.000000	3.454933E-5	0.000000	0.000000	0.000000	0.000843	0.000000	0.000000	0.040127	0.000000	0.000000
0.102000	2.000000	-1.963055E-5	0.000000	0.000000	0.000000	-0.000479	0.000000	0.000000	-0.022800	0.000000	0.000000
0.103000	2.000000	-0.000129	0.000000	0.000000	0.000000	-0.003147	0.000000	0.000000	-0.149843	0.000000	0.000000
0.104000	2.000000	7.772548E-5	0.000000	0.000000	0.000000	0.001896	0.000000	0.000000	0.090274	0.000000	0.000000
0.105000	2.000000	0.001377	0.000000	0.000000	0.000000	0.033593	0.000000	0.000000	1.599657	0.000000	0.000000
0.106000	2.000000	0.005394	0.000000	0.000000	0.000000	0.131555	0.000000	0.000000	6.264522	0.000000	0.000000
0.107000	2.000000	0.012304	0.000000	0.000000	0.000000	0.300110	0.000000	0.000000	14.290936	0.000000	0.000000
0.108000	2.000000	0.018549	0.000000	0.000000	0.000000	0.452424	0.000000	0.000000	21.543992	0.000000	0.000000
0.109000	2.000000	0.022408	0.000000	0.000000	0.000000	0.546548	0.000000	0.000000	26.026092	0.000000	0.000000
0.110000	2.000000	0.027784	0.000000	0.000000	0.000000	0.677670	0.000000	0.000000	32.269970	0.000000	0.000000
0.111000	2.000000	0.036800	0.000000	0.000000	0.000000	0.897552	0.000000	0.000000	42.740591	0.000000	0.000000
0.112000	2.000000	0.045524	0.000000	0.000000	0.000000	1.110344	0.000000	0.000000	52.873566	0.000000	0.000000
0.113000	2.000000	0.051719	0.000000	0.000000	0.000000	1.261427	0.000000	0.000000	60.067933	0.000000	0.000000
0.114000	2.000000	0.059055	0.000000	0.000000	0.000000	1.440359	0.000000	0.000000	68.588302	0.000000	0.000000
0.115000	2.000000	0.069886	0.000000	0.000000	0.000000	1.704529	0.000000	0.000000	81.168145	0.000000	0.000000
0.116000	2.000000	0.081626	0.000000	0.000000	0.000000	1.990888	0.000000	0.000000	94.804972	0.000000	0.000000
0.117000	2.000000	0.092460	0.000000	0.000000	0.000000	2.255129	0.000000	0.000000	107.386689	0.000000	0.000000
0.118000	2.000000	0.103884	0.000000	0.000000	0.000000	2.533749	0.000000	0.000000	120.651840	0.000000	0.000000
0.119000	2.000000	0.116958	0.000000	0.000000	0.000000	2.852627	0.000000	0.000000	135.840968	0.000000	0.000000
0.120000	2.000000	0.130731	0.000000	0.000000	0.000000	3.188572	0.000000	0.000000	151.847497	0.000000	0.000000
0.121000	2.000000	0.144219	0.000000	0.000000	0.000000	3.517544	0.000000	0.000000	167.496119	0.000000	0.000000
0.122000	2.000000	0.156977	0.000000	0.000000	0.000000	3.828707	0.000000	0.000000	182.279260	0.000000	0.000000
0.123000	2.000000	0.169518	0.000000	0.000000	0.000000	4.134582	0.000000	0.000000	196.907636	0.000000	0.000000
0.124000	2.000000	0.184302	0.000000	0.000000	0.000000	4.495163	0.000000	0.000000	214.205232	0.000000	0.000000
0.125000	2.000000	0.202148	0.000000	0.000000	0.000000	4.930445	0.000000	0.000000	234.692833	0.000000	0.000000
0.126000	2.000000	0.219723	0.000000	0.000000	0.000000	5.359088	0.000000	0.000000	253.595033	0.000000	0.000000
0.127000	2.000000	0.235097	0.000000	0.000000	0.000000	5.734064	0.000000	0.000000	266.786144	0.000000	0.000000
0.128000	2.000000	0.250585	0.000000	0.000000	0.000000	6.111820	0.000000	0.000000	276.748090	0.000000	0.000000
0.129000	2.000000	0.267940	0.000000	0.000000	0.000000	6.535129	0.000000	0.000000	289.652629	0.000000	0.000000
0.130000	2.000000	0.286519	0.000000	0.000000	0.000000	6.988271	0.000000	0.000000	306.748694	0.000000	0.000000
0.131000	2.000000	0.305928	0.000000	0.000000	0.000000	7.461659	0.000000	0.000000	323.047098	0.000000	0.000000
0.132000	2.000000	0.326966	0.000000	0.000000	0.000000	7.974775	0.000000	0.000000	337.010618	0.000000	0.000000
0.133000	2.000000	0.349451	0.000000	0.000000	0.000000	8.523188	0.000000	0.000000	352.992562	0.000000	0.000000
0.134000	2.000000	0.370821	0.000000	0.000000	0.000000	9.044414	0.000000	0.000000	370.618399	0.000000	0.000000
0.135000	2.000000	0.390229	0.000000	0.000000	0.000000	9.517791	0.000000	0.000000	384.639621	0.000000	0.000000
0.136000	2.000000	0.411033	0.000000	0.000000	0.000000	10.025203	0.000000	0.000000	396.222559	0.000000	0.000000
0.137000	2.000000	0.435126	0.000000	0.000000	0.000000	10.612833	0.000000	0.000000	410.568776	0.000000	0.000000
0.138000	2.000000	0.460288	0.000000	0.000000	0.000000	11.226487	0.000000	0.000000	427.207542	0.000000	0.000000
0.139000	2.000000	0.484736	0.000000	0.000000	0.000000	11.822862	0.000000	0.000000	442.338728	0.000000	0.000000
0.140000	2.000000	0.508641	0.000000	0.000000	0.000000	12.406105	0.000000	0.000000	454.927518	0.000000	0.000000
0.141000	2.000000	0.532625	0.000000	0.000000	0.000000	12.990730	0.000000	0.000000	466.769424	0.000000	0.000000
0.142000	2.000000	0.557730	0.000000	0.000000	0.000000	13.602333	0.000000	0.000000	480.228038	0.000000	0.000000
0.143000	2.000000	0.584259	0.000000	0.000000	0.000000	14.250706	0.000000	0.000000	496.285642	0.000000	0.000000
0.144000	2.000000	0.610928	0.000000	0.000000	0.000000	14.903833	0.000000	0.000000	512.821484	0.000000	0.000000
0.145000	2.000000	0.637183	0.000000	0.000000	0.000000	15.539142	0.000000	0.000000	525.903769	0.000000	0.000000
0.146000	2.000000	0.664302	0.000000	0.000000	0.000000	16.168887	0.000000	0.000000	535.163905	0.000000	0.000000
0.147000	2.000000	0.692941	0.000000	0.000000	0.000000	16.769433	0.000000	0.000000	543.349733	0.000000	0.000000
0.148000	2.000000	0.722090	0.000000	0.000000	0.000000	17.311850	0.000000	0.000000	551.323154	0.000000	0.000000
0.149000	2.000000	0.750924	0.000000	0.000000	0.000000	17.862806	0.000000	0.000000	559.570801	0.000000	0.000000
0.150000	2.000000	0.779359	0.000000	0.000000	0.000000	18.462215	0.000000	0.000000	567.956486	0.000000	0.000000
0.151000	2.000000	0.807779	0.000000	0.000000	0.000000	19.024255	0.000000	0.000000	573.142105	0.000000	0.000000
0.152000	2.000000	0.837301	0.000000	0.000000	0.000000	19.524416	0.000000	0.000000	574.417000	0.000000	0.000000
0.153000	2.000000	0.868263	0.000000	0.000000	0.000000	20.066811	0.000000	0.000000	575.811221	0.000000	0.000000
0.154000	2.000000	0.899352	0.000000	0.000000	0.000000	20.673979	0.000000	0.000000	578.609122	0.000000	0.000000
0.155000	2.000000	0.930029	0.000000	0.000000	0.000000	21.243265	0.000000	0.000000	580.897680	0.000000	0.000000
0.156000	2.000000	0.961593	0.000000	0.000000	0.000000	21.748959	0.000000	0.000000	582.436588	0.000000	0.000000
0.157000	2.000000	0.994672	0.000000	0.000000	0.000000	22.269414	0.000000	0.000000	583.057680	0.000000	0.000000
0.158000	2.000000	1.028237	0.000000	0.000000	0.000000	22.823833	0.000000	0.000000	581.476215	0.000000	0.000000
0.159000	2.000000	1.061478	0.000000	0.000000	0.000000	23.355967	0.000000	0.000000	577.594285	0.000000	0.000000
0.160000	2.000000	1.094345	0.000000	0.000000	0.000000	23.838717	0.000000	0.000000	572.183547	0.000000	0.000000
0.161000	2.000000	1.127219	0.000000	0.000000	0.000000	24.304583	0.000000	0.000000	566.594181	0.000000	0.000000
0.162000	2.000000	1.161123	0.000000	0.000000	0.000000	24.802517	0.000000	0.000000	562.466068	0.000000	0.000000
0.163000	2.000000	1.196425	0.000000	0.000000	0.000000	25.352386	0.000000	0.000000	559.526318	0.000000	0.000000
0.164000	2.000000	1.232173	0.000000	0.000000	0.000000	25.918430	0.000000	0.000000	555.605906	0.000000	0.000000
0.165000	2.000000	1.267627	0.000000	0.000000	0.000000	26.422558	0.000000	0.000000	548.510732	0.000000	0.000000
0.166000	2.000000	1.302690	0.000000	0.000000	0.000000	26.842493	0.000000	0.000000	538.254787	0.000000	0.000000
0.167000	2.000000	1.337755	0.000000	0.000000	0.000000	27.269078	0.000000	0.000000	528.580504	0.000000	0.000000
0.168000	2.000000	1.373949	0.000000	0.000000	0.000000	27.776879	0.000000	0.000000	524.164124	0.000000	0.000000
0.169000	2.000000	1.411565	0.000000	0.000000	0.000000	28.316588	0.000000	0.000000	524.035114	0.000000	0.000000
0.170000	2.000000	1.449270	0.000000	0.000000	0.000000	28.812909	0.000000	0.000000	521.433464	0.000000	0.000000
0.171000	2.000000	1.486581	0.000000	0.000000	0.000000	29.269810	0.000000	0.000000	514.647378	0.000000	0.000000
0.172000	2.000000	1.524818	0.000000	0.000000	0.000000	29.729030	0.000000	0.000000	509.751206	0.000000	0.000000
0.173000	2.000000	1.564557	0.000000	0.000000	0.000000	30.185154	0.000000	0.000000	507.654202	0.000000	0.000000
0.174000	2.000000	1.604750	0.000000	0.000000	0.000000	30.617053	0.000000	0.000000	502.392469	0.000000	0.000000
0.175000	2.000000	1.644610	0.000000	0.000000	0.000000	31.068033	0.000000	0.000000	494.954948	0.000000	0.000000
0.176000	2.000000	1.684101	0.000000	0.000000	0.000000	31.557840	0.000000	0.000000	491.170223	0.000000	0.000000
0.177000	2.000000	1.723621	0.000000	0.000000	0.000000	32.014348	0.000000	0.000000	488.828026	0.000000	0.000000
0.178000	2.000000	1.764190	0.000000	0.000000	0.000000	32.416174	0.000000	0.000000	483.179068	0.000000	0.000000
0.179000	2.000000	1.806142	0.000000	0.000000	0.000000	32.825686	0.000000	0.000000	476.278720	0.000000	0.000000
0.180000	2.000000	1.848539	0.000000	0.000000	0.000000	33.263489	0.000000	0.000000	471.786742	0.000000	0.000000
0.181000	2.000000	1.890639	0.000000	0.000000	0.000000	33.707262	0.000000	0.000000	469.930739	0.000000	0.000000
0.182000	2.000000	1.932248	0.000000	0.000000	0.000000	34.137143	0.000000	0.000000	468.217137	0.000000	0.000000
0.183000	2.000000	1.973861	0.000000	0.000000	0.000000	34.539766	0.000000	0.000000	463.678526	0.000000	0.000000
0.184000	2.000000	2.017014	0.000000	0.000000	0.000000	34.945239	0.000000	0.000000	456.802566	0.000000	0.000000
0.185000	2.000000	2.061642	0.000000	0.000000	0.000000	35.383266	0.000000	0.000000	450.706482	0.000000	0.000000
0.186000	2.000000	2.104876	0.000000	0.000000	0.000000	35.797391	0.000000	0.000000	446.420591	0.000000	0.000000
0.187000	2.000000	2.146260	0.000000	0.000000	0.000000	36.145316	0.000000	0.000000	442.991562	0.000000	0.000000
0.188000	2.000000	2.189720	0.000000	0.000000	0.000000	36.506817	0.000000	0.000000	439.892357	0.000000	0.000000
0.189000	2.000000	2.236465	0.000000	0.000000	0.000000	36.935979	0.000000	0.000000	436.147590	0.000000	0.000000
0.190000	2.000000	2.282625	0.000000	0.000000	0.000000	37.358543	0.000000	0.000000	430.569282	0.000000	0.000000
0.191000	2.000000	2.326569	0.000000	0.000000	0.000000	37.736814	0.000000	0.000000	424.947857	0.000000	0.000000
0.192000	2.000000	2.371043	0.000000	0.000000	0.000000	38.128405	0.000000	0.000000	421.837835	0.000000	0.000000
0.193000	2.000000	2.417449	0.000000	0.000000	0.000000	38.540215	0.000000	0.000000	419.580229	0.000000	0.000000
0.194000	2.000000	2.464390	0.000000	0.000000	0.000000	38.929915	0.000000	0.000000	416.417203	0.000000	0.000000
0.195000	2.000000	2.510869	0.000000	0.000000	0.000000	39.305310	0.000000	0.000000	413.726542	0.000000	0.000000
0.196000	2.000000	2.556941	0.000000	0.000000	0.000000	39.680794	0.000000	0.000000	410.131458	0.000000	0.000000
0.197000	2.000000	2.603102	0.000000	0.000000	0.000000	40.036795	0.000000	0.000000	403.759802	0.000000	0.000000
0.198000	2.000000	2.650387	0.000000	0.000000	0.000000	40.383275	0.000000	0.000000	398.520349	0.000000	0.000000
0.199000	2.000000	2.699032	0.000000	0.000000	0.000000	40.751085	0.000000	0.000000	396.900503	0.000000	0.000000
0.200000	2.000000	2.747956	0.000000	0.000000	0.000000	41.133592	0.000000	0.000000	395.614543	0.000000	0.000000
0.201000	2.000000	2.796557	0.000000	0.000000	0.000000	41.517373	0.000000	0.000000	393.042081	0.000000	0.000000
0.202000	2.000000	2.845157	0.000000	0.000000	0.000000	41.900917	0.000000	0.000000	390.174045	0.000000	0.000000
0.203000	2.000000	2.893850	0.000000	0.000000	0.000000	42.261643	0.000000	0.000000	386.880963	0.000000	0.000000
0.204000	2.000000	2.942276	0.000000	0.000000	0.000000	42.581733	0.000000	0.000000	382.950781	0.000000	0.000000
0.205000	2.000000	2.990653	0.000000	0.000000	0.000000	42.889747	0.000000	0.000000	378.309864	0.000000	0.000000
0.206000	2.000000	3.040125	0.000000	0.000000	0.000000	43.231659	0.000000	0.000000	373.733032	0.000000	0.000000
0.207000	2.000000	3.090987	0.000000	0.000000	0.000000	43.616977	0.000000	0.000000	372.361283	0.000000	0.000000
0.208000	2.000000	3.142148	0.000000	0.000000	0.000000	44.009590	0.000000	0.000000	374.489232	0.000000	0.000000
0.209000	2.000000	3.192979	0.000000	0.000000	0.000000	44.366600	0.000000	0.000000	374.275376	0.000000	0.000000
0.210000	2.000000	3.243712	0.000000	0.000000	0.000000	44.686516	0.000000	0.000000	369.073188	0.000000	0.000000
0.211000	2.000000	3.294532	0.000000	0.000000	0.000000	45.006394	0.000000	0.000000	364.183416	0.000000	0.000000
0.212000	2.000000	3.345451	0.000000	0.000000	0.000000	45.338280	0.000000	0.000000	361.974573	0.000000	0.000000
0.213000	2.000000	3.396350	0.000000	0.000000	0.000000	45.647114	0.000000	0.000000	358.033786	0.000000	0.000000
0.214000	2.000000	3.446949	0.000000	0.000000	0.000000	45.912008	0.000000	0.000000	351.037780	0.000000	0.000000
0.215000	2.000000	3.497544	0.000000	0.000000	0.000000	46.165715	0.000000	0.000000	344.561874	0.000000	0.000000
0.216000	2.000000	3.549267	0.000000	0.000000	0.000000	46.455039	0.000000	0.000000	340.463276	0.000000	0.000000
0.217000	2.000000	3.602361	0.000000	0.000000	0.000000	46.786837	0.000000	0.000000	338.383037	0.000000	0.000000
0.218000	2.000000	3.655700	0.000000	0.000000	0.000000	47.123886	0.000000	0.000000	337.480500	0.000000	0.000000
0.219000	2.000000	3.708711	0.000000	0.000000	0.000000	47.427339	0.000000	0.000000	335.431611	0.000000	0.000000
0.220000	2.000000	3.761754	0.000000	0.000000	0.000000	47.697871	0.000000	0.000000	330.799338	0.000000	0.000000
0.221000	2.000000	3.814887	0.000000	0.000000	0.000000	47.959700	0.000000	0.000000	325.052775	0.000000	0.000000
0.222000	2.000000	3.867643	0.000000	0.000000	0.000000	48.219607	0.000000	0.000000	319.153993	0.000000	0.000000
0.223000	2.000000	3.920377	0.000000	0.000000	0.000000	48.490941	0.000000	0.000000	313.810676	0.000000	0.000000
0.224000	2.000000	3.974614	0.000000	0.000000	0.000000	48.798869	0.000000	0.000000	311.296470	0.000000	0.000000
0.225000	2.000000	4.030216	0.000000	0.000000	0.000000	49.102482	0.000000	0.000000	310.511891	0.000000	0.000000
0.226000	2.000000	4.084642	0.000000	0.000000	0.000000	49.341474	0.000000	0.000000	307.225127	0.000000	0.000000
0.227000	2.000000	4.137386	0.000000	0.000000	0.000000	49.573417	0.000000	0.000000	301.988440	0.000000	0.000000
0.228000	2.000000	4.190953	0.000000	0.000000	0.000000	49.870562	0.000000	0.000000	297.789725	0.000000	0.000000
0.229000	2.000000	4.246294	0.000000	0.000000	0.000000	50.160346	0.000000	0.000000	292.893161	0.000000	0.000000
0.230000	2.000000	4.301944	0.000000	0.000000	0.000000	50.377529	0.000000	0.000000	286.234724	0.000000	0.000000
0.231000	2.000000	4.357155	0.000000	0.000000	0.000000	50.598312	0.000000	0.000000	281.514097	0.000000	0.000000
0.232000	2.000000	4.412385	0.000000	0.000000	0.000000	50.873569	0.000000	0.000000	279.389287	0.000000	0.000000
0.233000	2.000000	4.467727	0.000000	0.000000	0.000000	51.138610	0.000000	0.000000	276.206206	0.000000	0.000000
0.234000	2.000000	4.522690	0.000000	0.000000	0.000000	51.347333	0.000000	0.000000	271.439016	0.000000	0.000000
0.235000	2.000000	4.577648	0.000000	0.000000	0.000000	51.542891	0.000000	0.000000	268.137276	0.000000	0.000000
0.236000	2.000000	4.634136	0.000000	0.000000	0.000000	51.786979	0.000000	0.000000	267.679270	0.000000	0.000000
0.237000	2.000000	4.691950	0.000000	0.000000	0.000000	52.073392	0.000000	0.000000	267.540612	0.000000	0.000000
0.238000	2.000000	4.748543	0.000000	0.000000	0.000000	52.327840	0.000000	0.000000	263.857259	0.000000	0.000000
0.239000	2.000000	4.803487	0.000000	0.000000	0.000000	52.514631	0.000000	0.000000	256.702166	0.000000	0.000000
0.240000	2.000000	4.859302	0.000000	0.000000	0.000000	52.689524	0.000000	0.000000	250.580256	0.000000	0.000000
0.241000	2.000000	4.916876	0.000000	0.000000	0.000000	52.900502	0.000000	0.000000	247.744356	0.000000	0.000000
0.242000	2.000000	4.974729	0.000000	0.000000	0.000000	53.126130	0.000000	0.000000	246.020474	0.000000	0.000000
0.243000	2.000000	5.032145	0.000000	0.000000	0.000000	53.341180	0.000000	0.000000	243.884466	0.000000	0.000000
0.244000	2.000000	5.089590	0.000000	0.000000	0.000000	53.554626	0.000000	0.000000	241.127842	0.000000	0.000000
0.245000	2.000000	5.147139	0.000000	0.000000	0.000000	53.777143	0.000000	0.000000	237.060645	0.000000	0.000000
0.246000	2.000000	5.204303	0.000000	0.000000	0.000000	53.991452	0.000000	0.000000	232.808087	0.000000	0.000000
0.247000	2.000000	5.261486	0.000000	0.000000	0.000000	54.179555	0.000000	0.000000	230.384787	0.000000	0.000000
0.248000	2.000000	5.320224	0.000000	0.000000	0.000000	54.371654	0.000000	0.000000	228.487474	0.000000	0.000000
0.249000	2.000000	5.380250	0.000000	0.000000	0.000000	54.587861	0.000000	0.000000	224.633294	0.000000	0.000000
0.250000	2.000000	5.439011	0.000000	0.000000	0.000000	54.781258	0.000000	0.000000	220.043437	0.000000	0.000000
0.251000	2.000000	5.496158	0.000000	0.000000	0.000000	54.937702	0.000000	0.000000	217.151057	0.000000	0.000000
0.252000	2.000000	5.554215	0.000000	0.000000	0.000000	55.114219	0.000000	0.000000	215.043211	0.000000	0.000000
0.253000	2.000000	5.614014	0.000000	0.000000	0.000000	55.330798	0.000000	0.000000	212.248972	0.000000	0.000000
0.254000	2.000000	5.674099	0.000000	0.000000	0.000000	55.554851	0.000000	0.000000	210.297187	0.000000	0.000000
0.255000	2.000000	5.733746	0.000000	0.000000	0.000000	55.775515	0.000000	0.000000	210.865798	0.000000	0.000000
0.256000	2.000000	5.793289	0.000000	0.000000	0.000000	55.993785	0.000000	0.000000	211.947345	0.000000	0.000000
0.257000	2.000000	5.852956	0.000000	0.000000	0.000000	56.187523	0.000000	0.000000	209.549708	0.000000	0.000000
0.258000	2.000000	5.912751	0.000000	0.000000	0.000000	56.350978	0.000000	0.000000	203.694591	0.000000	0.000000
0.259000	2.000000	5.972495	0.000000	0.000000	0.000000	56.507187	0.000000	0.000000	199.016542	0.000000	0.000000
0.260000	2.000000	6.031821	0.000000	0.000000	0.000000	56.661243	0.000000	0.000000	197.457706	0.000000	0.000000
0.261000	2.000000	6.091238	0.000000	0.000000	0.000000	56.816668	0.000000	0.000000	196.530649	0.000000	0.000000
0.262000	2.000000	6.152242	0.000000	0.000000	0.000000	57.008666	0.000000	0.000000	195.626831	0.000000	0.000000
0.263000	2.000000	6.214477	0.000000	0.000000	0.000000	57.239852	0.000000	0.000000	195.891525	0.000000	0.000000
0.264000	2.000000	6.275398	0.000000	0.000000	0.000000	57.439554	0.000000	0.000000	195.160645	0.000000	0.000000
0.265000	2.000000	6.334751	0.000000	0.000000	0.000000	57.564304	0.000000	0.000000	190.937040	0.000000	0.000000
0.266000	2.000000	6.395043	0.000000	0.000000	0.000000	57.678716	0.000000	0.000000	185.789214	0.000000	0.000000
0.267000	2.000000	6.457061	0.000000	0.000000	0.000000	57.863871	0.000000	0.000000	184.400912	0.000000	0.000000
0.268000	2.000000	6.519428	0.000000	0.000000	0.000000	58.098594	0.000000	0.000000	186.620897	0.000000	0.000000
0.269000	2.000000	6.581336	0.000000	0.000000	0.000000	58.302021	0.000000	0.000000	187.160367	0.000000	0.000000
0.270000	2.000000	6.642790	0.000000	0.000000	0.000000	58.451127	0.000000	0.000000	183.965044	0.000000	0.000000
0.271000	2.000000	6.704458	0.000000	0.000000	0.000000	58.597891	0.000000	0.000000	181.744438	0.000000	0.000000
0.272000	2.000000	6.767645	0.000000	0.000000	0.000000	58.792437	0.000000	0.000000	183.558826	0.000000	0.000000
0.273000	2.000000	6.832026	0.000000	0.000000	0.000000	59.015642	0.000000	0.000000	185.782021	0.000000	0.000000
0.274000	2.000000	6.895440	0.000000	0.000000	0.000000	59.212524	0.000000	0.000000	184.844095	0.000000	0.000000
0.275000	2.000000	6.957220	0.000000	0.000000	0.000000	59.378786	0.000000	0.000000	182.092103	0.000000	0.000000
0.276000	2.000000	7.018481	0.000000	0.000000	0.000000	59.532512	0.000000	0.000000	178.904616	0.000000	0.000000
0.277000	2.000000	7.080235	0.000000	0.000000	0.000000	59.660965	0.000000	0.000000	174.627627	0.000000	0.000000
0.278000	2.000000	7.143246	0.000000	0.000000	0.000000	59.787697	0.000000	0.000000	171.436853	0.000000	0.000000
0.279000	2.000000	7.207444	0.000000	0.000000	0.000000	59.973199	0.000000	0.000000	172.486703	0.000000	0.000000
0.280000	2.000000	7.271874	0.000000	0.000000	0.000000	60.204563	0.000000	0.000000	176.065510	0.000000	0.000000
0.281000	2.000000	7.335985	0.000000	0.000000	0.000000	60.406887	0.000000	0.000000	178.363996	0.000000	0.000000
0.282000	2.000000	7.399744	0.000000	0.000000	0.000000	60.557749	0.000000	0.000000	178.146748	0.000000	0.000000
0.283000	2.000000	7.463678	0.000000	0.000000	0.000000	60.706086	0.000000	0.000000	176.067604	0.000000	0.000000
0.284000	2.000000	7.528853	0.000000	0.000000	0.000000	60.895309	0.000000	0.000000	174.069374	0.000000	0.000000
0.285000	2.000000	7.595289	0.000000	0.000000	0.000000	61.114628	0.000000	0.000000	175.003551	0.000000	0.000000
0.286000	2.000000	7.661824	0.000000	0.000000	0.000000	61.333788	0.000000	0.000000	179.499233	0.000000	0.000000
0.287000	2.000000	7.726375	0.000000	0.000000	0.000000	61.513953	0.000000	0.000000	182.630328	0.000000	0.000000
0.288000	2.000000	7.786367	0.000000	0.000000	0.000000	61.582461	0.000000	0.000000	177.075705	0.000000	0.000000
0.289000	2.000000	7.849941	0.000000	0.000000	0.000000	61.700398	0.000000	0.000000	171.514490	0.000000	0.000000
0.290000	2.000000	7.935555	0.000000	0.000000	0.000000	62.324515	0.000000	0.000000	191.547317	0.000000	0.000000
0.291000	2.000000	8.037008	0.000000	0.000000	0.000000	63.365775	0.000000	0.000000	234.030880	0.000000	0.000000
0.292000	2.000000	8.122838	0.000000	0.000000	0.000000	64.065381	0.000000	0.000000	260.356659	0.000000	0.000000
0.293000	2.000000	8.186562	0.000000	0.000000	0.000000	64.203585	0.000000	0.000000	257.673703	0.000000	0.000000
0.294000	2.000000	8.248258	0.000000	0.000000	0.000000	64.249858	0.000000	0.000000	249.248416	0.000000	0.000000
0.295000	2.000000	8.315451	0.000000	0.000000	0.000000	64.423235	0.000000	0.000000	248.129098	0.000000	0.000000
0.296000	2.000000	8.381718	0.000000	0.000000	0.000000	64.584705	0.000000	0.000000	247.900926	0.000000	0.000000
0.297000	2.000000	8.445328	0.000000	0.000000	0.000000	64.683872	0.000000	0.000000	245.302847	0.000000	0.000000
0.298000	2.000000	8.509865	0.000000	0.000000	0.000000	64.802676	0.000000	0.000000	244.843361	0.000000	0.000000
0.299000	2.000000	8.576398	0.000000	0.000000	0.000000	64.967006	0.000000	0.000000	246.633776	0.000000	0.000000
0.300000	2.000000	8.643252	0.000000	0.000000	0.000000	65.140429	0.000000	0.000000	246.058585	0.000000	0.000000
0.301000	2.000000	8.709548	0.000000	0.000000	0.000000	65.310405	0.000000	0.000000	243.135345	0.000000	0.000000
0.302000	2.000000	8.775356	0.000000	0.000000	0.000000	65.466289	0.000000	0.000000	240.923897	0.000000	0.000000
0.303000	2.000000	8.841478	0.000000	0.000000	0.000000	65.591122	0.000000	0.000000	239.684410	0.000000	0.000000
0.304000	2.000000	8.909312	0.000000	0.000000	0.000000	65.727686	0.000000	0.000000	239.123823	0.000000	0.000000
0.305000	2.000000	8.978179	0.000000	0.000000	0.000000	65.921470	0.000000	0.000000	239.341015	0.000000	0.000000
0.306000	2.000000	9.045465	0.000000	0.000000	0.000000	66.114995	0.000000	0.000000	238.112690	0.000000	0.000000
0.307000	2.000000	9.111380	0.000000	0.000000	0.000000	66.252114	0.000000	0.000000	234.205982	0.000000	0.000000
0.308000	2.000000	9.178819	0.000000	0.000000	0.000000	66.384342	0.000000	0.000000	231.923265	0.000000	0.000000
0.309000	2.000000	9.247728	0.000000	0.000000	0.000000	66.543892	0.000000	0.000000	236.258621	0.000000	0.000000
0.310000	2.000000	9.315219	0.000000	0.000000	0.000000	66.680089	0.000000	0.000000	237.128168	0.000000	0.000000
0.311000	2.000000	9.381177	0.000000	0.000000	0.000000	66.789912	0.000000	0.000000	212.637969	0.000000	0.000000
0.312000	2.000000	9.448156	0.000000	0.000000	0.000000	66.919466	0.000000	0.000000	169.223384	0.000000	0.000000
0.313000	2.000000	9.516853	0.000000	0.000000	0.000000	67.053851	0.000000	0.000000	142.308080	0.000000	0.000000
0.314000	2.000000	9.586100	0.000000	0.000000	0.000000	67.172525	0.000000	0.000000	141.378122	0.000000	0.000000
0.315000	2.000000	9.654724	0.000000	0.000000	0.000000	67.299622	0.000000	0.000000	145.226830	0.000000	0.000000
0.316000	2.000000	9.721707	0.000000	0.000000	0.000000	67.426503	0.000000	0.000000	143.012789	0.000000	0.000000
0.317000	2.000000	9.787727	0.000000	0.000000	0.000000	67.542583	0.000000	0.000000	140.851337	0.000000	0.000000
0.318000	2.000000	9.854953	0.000000	0.000000	0.000000	67.676037	0.000000	0.000000	142.484060	0.000000	0.000000
0.319000	2.000000	9.923687	0.000000	0.000000	0.000000	67.815649	0.000000	0.000000	143.474924	0.000000	0.000000
0.320000	2.000000	9.992509	0.000000	0.000000	0.000000	67.928415	0.000000	0.000000	141.019482	0.000000	0.000000
0.321000	2.000000	10.060956	0.000000	0.000000	0.000000	68.026405	0.000000	0.000000	137.427424	0.000000	0.000000
0.322000	2.000000	10.129481	0.000000	0.000000	0.000000	68.134064	0.000000	0.000000	134.459936	0.000000	0.000000
0.323000	2.000000	10.198055	0.000000	0.000000	0.000000	68.251497	0.000000	0.000000	132.628976	0.000000	0.000000
0.324000	2.000000	10.266233	0.000000	0.000000	0.000000	68.354992	0.000000	0.000000	131.612874	0.000000	0.000000
0.325000	2.000000	10.334594	0.000000	0.000000	0.000000	68.432700	0.000000	0.000000	128.810180	0.000000	0.000000
0.326000	2.000000	10.404551	0.000000	0.000000	0.000000	68.518582	0.000000	0.000000	123.672007	0.000000	0.000000
0.327000	2.000000	10.475572	0.000000	0.000000	0.000000	68.628003	0.000000	0.000000	119.667052	0.000000	0.000000
0.328000	2.000000	10.545453	0.000000	0.000000	0.000000	68.758009	0.000000	0.000000	119.328369	0.000000	0.000000
0.329000	2.000000	10.613764	0.000000	0.000000	0.000000	68.960901	0.000000	0.000000	122.693282	0.000000	0.000000
0.330000	2.000000	10.681685	0.000000	0.000000	0.000000	69.066937	0.000000	0.000000	120.145016	0.000000	0.000000
0.331000	2.000000	10.750163	0.000000	0.000000	0.000000	68.648954	0.000000	0.000000	93.755480	0.000000	0.000000
0.332000	2.000000	10.819852	0.000000	0.000000	0.000000	67.874243	0.000000	0.000000	51.634779	0.000000	0.000000
0.333000	2.000000	10.890709	0.000000	0.000000	0.000000	67.509047	0.000000	0.000000	28.075261	0.000000	0.000000
0.334000	2.000000	10.962072	0.000000	0.000000	0.000000	67.695374	0.000000	0.000000	30.548724	0.000000	0.000000
0.335000	2.000000	11.032900	0.000000	0.000000	0.000000	67.918105	0.000000	0.000000	35.503799	0.000000	0.000000
0.336000	2.000000	11.101966	0.000000	0.000000	0.000000	67.963764	0.000000	0.000000	31.625815	0.000000	0.000000
0.337000	2.000000	11.170161	0.000000	0.000000	0.000000	68.010784	0.000000	0.000000	27.822882	0.000000	0.000000
0.338000	2.000000	11.240022	0.000000	0.000000	0.000000	68.163257	0.000000	0.000000	29.555919	0.000000	0.000000
0.339000	2.000000	11.311123	0.000000	0.000000	0.000000	68.323361	0.000000	0.000000	30.824932	0.000000	0.000000
0.340000	2.000000	11.380657	0.000000	0.000000	0.000000	68.396546	0.000000	0.000000	27.661721	0.000000	0.000000
0.341000	2.000000	11.448810	0.000000	0.000000	0.000000	68.428222	0.000000	0.000000	23.800325	0.000000	0.000000
0.342000	2.000000	11.518212	0.000000	0.000000	0.000000	68.503999	0.000000	0.000000	22.742558	0.000000	0.000000
0.343000	2.000000	11.589211	0.000000	0.000000	0.000000	68.630622	0.000000	0.000000	23.645637	0.000000	0.000000
0.344000	2.000000	11.660255	0.000000	0.000000	0.000000	68.750647	0.000000	0.000000	23.769044	0.000000	0.000000
0.345000	2.000000	11.730900	0.000000	0.000000	0.000000	68.819225	0.000000	0.000000	22.106294	0.000000	0.000000
0.346000	2.000000	11.801635	0.000000	0.000000	0.000000	68.864799	0.000000	0.000000	20.576184	0.000000	0.000000
0.347000	2.000000	11.872413	0.000000	0.000000	0.000000	68.949934	0.000000	0.000000	20.540584	0.000000	0.000000
0.348000	2.000000	11.942790	0.000000	0.000000	0.000000	69.058772	0.000000	0.000000	20.512813	0.000000	0.000000
0.349000	2.000000	12.013399	0.000000	0.000000	0.000000	69.136097	0.000000	0.000000	18.004167	0.000000	0.000000
0.350000	2.000000	12.085632	0.000000	0.000000	0.000000	69.217175	0.000000	0.000000	12.203557	0.000000	0.000000
0.351000	2.000000	12.158856	0.000000	0.000000	0.000000	69.356994	0.000000	0.000000	13.812241	0.000000	0.000000
0.352000	2.000000	12.230909	0.000000	0.000000	0.000000	69.505672	0.000000	0.000000	40.796066	0.000000	0.000000
0.353000	2.000000	12.301402	0.000000	0.000000	0.000000	69.591372	0.000000	0.000000	81.768083	0.000000	0.000000
0.354000	2.000000	12.371400	0.000000	0.000000	0.000000	69.623092	0.000000	0.000000	100.668802	0.000000	0.000000
0.355000	2.000000	12.442087	0.000000	0.000000	0.000000	69.658214	0.000000	0.000000	93.468587	0.000000	0.000000
0.356000	2.000000	12.514567	0.000000	0.000000	0.000000	69.752267	0.000000	0.000000	87.341030	0.000000	0.000000
0.357000	2.000000	12.587806	0.000000	0.000000	0.000000	69.904845	0.000000	0.000000	92.432430	0.000000	0.000000
0.358000	2.000000	12.659294	0.000000	0.000000	0.000000	70.038218	0.000000	0.000000	96.544483	0.000000	0.000000
0.359000	2.000000	12.729652	0.000000	0.000000	0.000000	70.114608	0.000000	0.000000	92.921470	0.000000	0.000000
0.360000	2.000000	12.801731	0.000000	0.000000	0.000000	70.196185	0.000000	0.000000	89.182086	0.000000	0.000000
0.361000	2.000000	12.875050	0.000000	0.000000	0.000000	70.305882	0.000000	0.000000	90.920796	0.000000	0.000000
0.362000	2.000000	12.946732	0.000000	0.000000	0.000000	70.384768	0.000000	0.000000	93.168840	0.000000	0.000000
0.363000	2.000000	13.017091	0.000000	0.000000	0.000000	70.429504	0.000000	0.000000	91.690709	0.000000	0.000000
0.364000	2.000000	13.088765	0.000000	0.000000	0.000000	70.505123	0.000000	0.000000	89.261926	0.000000	0.000000
0.365000	2.000000	13.162003	0.000000	0.000000	0.000000	70.628529	0.000000	0.000000	89.422921	0.000000	0.000000
0.366000	2.000000	13.235274	0.000000	0.000000	0.000000	70.748306	0.000000	0.000000	91.861019	0.000000	0.000000
0.367000	2.000000	13.308132	0.000000	0.000000	0.000000	70.819036	0.000000	0.000000	93.058900	0.000000	0.000000
0.368000	2.000000	13.380954	0.000000	0.000000	0.000000	70.862969	0.000000	0.000000	91.096906	0.000000	0.000000
0.369000	2.000000	13.453907	0.000000	0.000000	0.000000	70.937909	0.000000	0.000000	89.482684	0.000000	0.000000
0.370000	2.000000	13.526971	0.000000	0.000000	0.000000	71.053832	0.000000	0.000000	91.320742	0.000000	0.000000
0.371000	2.000000	13.599922	0.000000	0.000000	0.000000	71.176520	0.000000	0.000000	93.302149	0.000000	0.000000
0.372000	2.000000	13.672465	0.000000	0.000000	0.000000	71.275680	0.000000	0.000000	91.365989	0.000000	0.000000
0.373000	2.000000	13.745333	0.000000	0.000000	0.000000	71.353209	0.000000	0.000000	87.977976	0.000000	0.000000
0.374000	2.000000	13.819858	0.000000	0.000000	0.000000	71.442650	0.000000	0.000000	88.156052	0.000000	0.000000
0.375000	2.000000	13.895283	0.000000	0.000000	0.000000	71.541740	0.000000	0.000000	91.364195	0.000000	0.000000
0.376000	2.000000	13.969470	0.000000	0.000000	0.000000	71.623664	0.000000	0.000000	93.592857	0.000000	0.000000
0.377000	2.000000	14.042133	0.000000	0.000000	0.000000	71.711387	0.000000	0.000000	93.291462	0.000000	0.000000
0.378000	2.000000	14.114345	0.000000	0.000000	0.000000	71.809388	0.000000	0.000000	90.692543	0.000000	0.000000
0.379000	2.000000	14.187296	0.000000	0.000000	0.000000	71.884730	0.000000	0.000000	87.929155	0.000000	0.000000
0.380000	2.000000	14.262059	0.000000	0.000000	0.000000	71.974046	0.000000	0.000000	88.544658	0.000000	0.000000
0.381000	2.000000	14.337482	0.000000	0.000000	0.000000	72.117687	0.000000	0.000000	91.500122	0.000000	0.000000
0.382000	2.000000	14.411092	0.000000	0.000000	0.000000	72.250801	0.000000	0.000000	92.615155	0.000000	0.000000
0.383000	2.000000	14.483678	0.000000	0.000000	0.000000	72.328434	0.000000	0.000000	92.555550	0.000000	0.000000
0.384000	2.000000	14.558053	0.000000	0.000000	0.000000	72.410783	0.000000	0.000000	94.346613	0.000000	0.000000
0.385000	2.000000	14.633568	0.000000	0.000000	0.000000	72.519841	0.000000	0.000000	95.938989	0.000000	0.000000
0.386000	2.000000	14.707401	0.000000	0.000000	0.000000	72.597577	0.000000	0.000000	93.764212	0.000000	0.000000
0.387000	2.000000	14.779978	0.000000	0.000000	0.000000	72.642515	0.000000	0.000000	90.200435	0.000000	0.000000
0.388000	2.000000	14.853818	0.000000	0.000000	0.000000	72.717202	0.000000	0.000000	90.388834	0.000000	0.000000
0.389000	2.000000	14.929282	0.000000	0.000000	0.000000	72.841274	0.000000	0.000000	94.204985	0.000000	0.000000
0.390000	2.000000	15.005224	0.000000	0.000000	0.000000	72.971339	0.000000	0.000000	96.830037	0.000000	0.000000
0.391000	2.000000	15.080330	0.000000	0.000000	0.000000	73.041412	0.000000	0.000000	94.646652	0.000000	0.000000
0.392000	2.000000	15.153570	0.000000	0.000000	0.000000	73.041814	0.000000	0.000000	88.823492	0.000000	0.000000
0.393000	2.000000	15.228582	0.000000	0.000000	0.000000	73.113959	0.000000	0.000000	87.537060	0.000000	0.000000
0.394000	2.000000	15.310577	0.000000	0.000000	0.000000	73.394519	0.000000	0.000000	97.205203	0.000000	0.000000
0.395000	2.000000	15.386252	0.000000	0.000000	0.000000	73.532983	0.000000	0.000000	99.539678	0.000000	0.000000
0.396000	2.000000	15.433146	0.000000	0.000000	0.000000	72.952665	0.000000	0.000000	67.186921	0.000000	0.000000
0.397000	2.000000	15.466136	0.000000	0.000000	0.000000	71.989487	0.000000	0.000000	17.420120	0.000000	0.000000
0.398000	2.000000	15.521642	0.000000	0.000000	0.000000	71.556979	0.000000	0.000000	-7.352792	0.000000	0.000000
0.399000	2.000000	15.599721	0.000000	0.000000	0.000000	71.717724	0.000000	0.000000	-4.364971	0.000000	0.000000
0.400000	2.000000	15.678046	0.000000	0.000000	0.000000	71.912061	0.000000	0.000000	1.301450	0.000000	0.000000
0.401000	2.000000	15.752031	0.000000	0.000000	0.000000	71.958550	0.000000	0.000000	-0.737929	0.000000	0.000000
0.402000	2.000000	15.828185	0.000000	0.000000	0.000000	72.027674	0.000000	0.000000	-4.286335	0.000000	0.000000
0.403000	2.000000	15.906128	0.000000	0.000000	0.000000	72.180400	0.000000	0.000000	-3.352404	0.000000	0.000000
0.404000	2.000000	15.981510	0.000000	0.000000	0.000000	72.302897	0.000000	0.000000	-1.216086	0.000000	0.000000
0.405000	2.000000	16.056217	0.000000	0.000000	0.000000	72.376869	0.000000	0.000000	-1.614909	0.000000	0.000000
0.406000	2.000000	16.135201	0.000000	0.000000	0.000000	72.517034	0.000000	0.000000	-0.133676	0.000000	0.000000
0.407000	2.000000	16.212986	0.000000	0.000000	0.000000	72.627106	0.000000	0.000000	1.406132	0.000000	0.000000
0.408000	2.000000	16.280033	0.000000	0.000000	0.000000	72.485394	0.000000	0.000000	-7.481960	0.000000	0.000000
0.409000	2.000000	16.354711	0.000000	0.000000	0.000000	72.530664	0.000000	0.000000	-8.882739	0.000000	0.000000
0.410000	2.000000	16.467243	0.000000	0.000000	0.000000	73.495989	0.000000	0.000000	31.176923	0.000000	0.000000
0.411000	2.000000	16.586992	0.000000	0.000000	0.000000	74.634660	0.000000	0.000000	79.205736	0.000000	0.000000
0.412000	2.000000	16.652922	0.000000	0.000000	0.000000	74.463402	0.000000	0.000000	67.713788	0.000000	0.000000
0.413000	2.000000	16.682540	0.000000	0.000000	0.000000	73.416449	0.000000	0.000000	17.839775	0.000000	0.000000
0.414000	2.000000	16.736379	0.000000	0.000000	0.000000	72.952348	0.000000	0.000000	-7.695731	0.000000	0.000000
0.415000	2.000000	16.818500	0.000000	0.000000	0.000000	73.137615	0.000000	0.000000	-12.233496	0.000000	0.000000
0.416000	2.000000	16.900474	0.000000	0.000000	0.000000	73.297331	0.000000	0.000000	-11.221510	0.000000	0.000000
0.417000	2.000000	16.976221	0.000000	0.000000	0.000000	73.335394	0.000000	0.000000	18.225170	0.000000	0.000000
0.418000	2.000000	17.052737	0.000000	0.000000	0.000000	73.429363	0.000000	0.000000	68.565520	0.000000	0.000000
0.419000	2.000000	17.130514	0.000000	0.000000	0.000000	73.565084	0.000000	0.000000	95.624057	0.000000	0.000000
0.420000	2.000000	17.206442	0.000000	0.000000	0.000000	73.637718	0.000000	0.000000	91.428273	0.000000	0.000000
0.421000	2.000000	17.281219	0.000000	0.000000	0.000000	73.638055	0.000000	0.000000	82.190194	0.000000	0.000000
0.422000	2.000000	17.357542	0.000000	0.000000	0.000000	73.659992	0.000000	0.000000	81.021066	0.000000	0.000000
0.423000	2.000000	17.435271	0.000000	0.000000	0.000000	73.760445	0.000000	0.000000	82.512878	0.000000	0.000000
0.424000	2.000000	17.512760	0.000000	0.000000	0.000000	73.880042	0.000000	0.000000	80.935313	0.000000	0.000000
0.425000	2.000000	17.590026	0.000000	0.000000	0.000000	73.950559	0.000000	0.000000	78.460096	0.000000	0.000000
0.426000	2.000000	17.667873	0.000000	0.000000	0.000000	74.007448	0.000000	0.000000	77.646615	0.000000	0.000000
0.427000	2.000000	17.745217	0.000000	0.000000	0.000000	74.093079	0.000000	0.000000	75.049759	0.000000	0.000000
0.428000	2.000000	17.820280	0.000000	0.000000	0.000000	74.153695	0.000000	0.000000	72.694741	0.000000	0.000000
0.429000	2.000000	17.895217	0.000000	0.000000	0.000000	74.180471	0.000000	0.000000	80.717945	0.000000	0.000000
0.430000	2.000000	17.973817	0.000000	0.000000	0.000000	74.256968	0.000000	0.000000	82.204916	0.000000	0.000000
0.431000	2.000000	18.053943	0.000000	0.000000	0.000000	74.358994	0.000000	0.000000	41.095444	0.000000	0.000000
0.432000	2.000000	18.130717	0.000000	0.000000	0.000000	74.399699	0.000000	0.000000	-11.188609	0.000000	0.000000
0.433000	2.000000	18.205175	0.000000	0.000000	0.000000	74.429389	0.000000	0.000000	-1.619649	0.000000	0.000000
0.434000	2.000000	18.281268	0.000000	0.000000	0.000000	74.455755	0.000000	0.000000	49.490740	0.000000	0.000000
0.435000	2.000000	18.359099	0.000000	0.000000	0.000000	74.354174	0.000000	0.000000	66.753596	0.000000	0.000000
0.436000	2.000000	18.436790	0.000000	0.000000	0.000000	74.403352	0.000000	0.000000	60.273185	0.000000	0.000000
0.437000	2.000000	18.514020	0.000000	0.000000	0.000000	75.143265	0.000000	0.000000	87.901619	0.000000	0.000000
0.438000	2.000000	18.591288	0.000000	0.000000	0.000000	76.223221	0.000000	0.000000	137.515593	0.000000	0.000000
0.439000	2.000000	18.668680	0.000000	0.000000	0.000000	76.757037	0.000000	0.000000	158.460681	0.000000	0.000000
0.440000	2.000000	18.746062	0.000000	0.000000	0.000000	76.740015	0.000000	0.000000	151.187190	0.000000	0.000000
0.441000	2.000000	18.823410	0.000000	0.000000	0.000000	76.716189	0.000000	0.000000	146.593874	0.000000	0.000000
0.442000	2.000000	18.900761	0.000000	0.000000	0.000000	76.798277	0.000000	0.000000	150.486778	0.000000	0.000000
0.443000	2.000000	18.978121	0.000000	0.000000	0.000000	76.827703	0.000000	0.000000	150.843396	0.000000	0.000000
0.444000	2.000000	19.055481	0.000000	0.000000	0.000000	76.813482	0.000000	0.000000	145.382727	0.000000	0.000000
0.445000	2.000000	19.132838	0.000000	0.000000	0.000000	76.861653	0.000000	0.000000	141.981509	0.000000	0.000000
0.446000	2.000000	19.210192	0.000000	0.000000	0.000000	76.926212	0.000000	0.000000	141.697771	0.000000	0.000000
0.447000	2.000000	19.287550	0.000000	0.000000	0.000000	76.886559	0.000000	0.000000	137.100516	0.000000	0.000000
0.448000	2.000000	19.364919	0.000000	0.000000	0.000000	76.876417	0.000000	0.000000	132.539874	0.000000	0.000000
0.449000	2.000000	19.442274	0.000000	0.000000	0.000000	77.127837	0.000000	0.000000	141.625805	0.000000	0.000000
0.450000	2.000000	19.519590	0.000000	0.000000	0.000000	77.192173	0.000000	0.000000	143.414404	0.000000	0.000000
0.451000	2.000000	19.596956	0.000000	0.000000	0.000000	76.334454	0.000000	0.000000	98.927946	0.000000	0.000000
0.452000	2.000000	19.674468	0.000000	0.000000	0.000000	75.304284	0.000000	0.000000	45.013826	0.000000	0.000000
0.453000	2.000000	19.751795	0.000000	0.000000	0.000000	75.582271	0.000000	0.000000	56.312973	0.000000	0.000000
0.454000	2.000000	19.828573	0.000000	0.000000	0.000000	76.732524	0.000000	0.000000	109.673098	0.000000	0.000000
0.455000	2.000000	19.906050	0.000000	0.000000	0.000000	77.309049	0.000000	0.000000	135.871176	0.000000	0.000000
0.456000	2.000000	19.985816	0.000000	0.000000	0.000000	77.251617	0.000000	0.000000	137.973494	0.000000	0.000000
0.457000	2.000000	20.065485	0.000000	0.000000	0.000000	77.195389	0.000000	0.000000	132.954162	0.000000	0.000000
0.458000	2.000000	20.141412	0.000000	0.000000	0.000000	77.199765	0.000000	0.000000	97.928584	0.000000	0.000000
0.459000	2.000000	20.216066	0.000000	0.000000	0.000000	77.154387	0.000000	0.000000	44.341243	0.000000	0.000000
0.460000	2.000000	20.294212	0.000000	0.000000	0.000000	77.163362	0.000000	0.000000	19.348790	0.000000	0.000000
0.461000	2.000000	20.374468	0.000000	0.000000	0.000000	77.268928	0.000000	0.000000	25.186329	0.000000	0.000000
0.462000	2.000000	20.452930	0.000000	0.000000	0.000000	77.358801	0.000000	0.000000	30.600545	0.000000	0.000000
0.463000	2.000000	20.529793	0.000000	0.000000	0.000000	77.371981	0.000000	0.000000	27.319247	0.000000	0.000000
0.464000	2.000000	20.607004	0.000000	0.000000	0.000000	77.359353	0.000000	0.000000	25.316640	0.000000	0.000000
0.465000	2.000000	20.684458	0.000000	0.000000	0.000000	77.358486	0.000000	0.000000	25.952581	0.000000	0.000000
0.466000	2.000000	20.761309	0.000000	0.000000	0.000000	77.348376	0.000000	0.000000	23.177248	0.000000	0.000000
0.467000	2.000000	20.838786	0.000000	0.000000	0.000000	77.339318	0.000000	0.000000	19.671744	0.000000	0.000000
0.468000	2.000000	20.918576	0.000000	0.000000	0.000000	77.398992	0.000000	0.000000	24.401576	0.000000	0.000000
0.469000	2.000000	20.998205	0.000000	0.000000	0.000000	77.510377	0.000000	0.000000	30.188610	0.000000	0.000000
0.470000	2.000000	21.074034	0.000000	0.000000	0.000000	77.532124	0.000000	0.000000	19.251725	0.000000	0.000000
0.471000	2.000000	21.148725	0.000000	0.000000	0.000000	77.436772	0.000000	0.000000	11.647538	0.000000	0.000000
0.472000	2.000000	21.227057	0.000000	0.000000	0.000000	77.393018	0.000000	0.000000	50.407806	0.000000	0.000000
0.473000	2.000000	21.307280	0.000000	0.000000	0.000000	77.477133	0.000000	0.000000	103.468971	0.000000	0.000000
0.474000	2.000000	21.385293	0.000000	0.000000	0.000000	77.563853	0.000000	0.000000	94.361030	0.000000	0.000000
0.475000	2.000000	21.462267	0.000000	0.000000	0.000000	77.585357	0.000000	0.000000	40.611093	0.000000	0.000000
0.476000	2.000000	21.541257	0.000000	0.000000	0.000000	77.613616	0.000000	0.000000	14.503165	0.000000	0.000000
0.477000	2.000000	21.621158	0.000000	0.000000	0.000000	77.667521	0.000000	0.000000	19.804959	0.000000	0.000000
0.478000	2.000000	21.699369	0.000000	0.000000	0.000000	77.691436	0.000000	0.000000	23.621239	0.000000	0.000000
0.479000	2.000000	21.776310	0.000000	0.000000	0.000000	77.683449	0.000000	0.000000	23.032544	0.000000	0.000000
0.480000	2.000000	21.853549	0.000000	0.000000	0.000000	77.679723	0.000000	0.000000	25.015998	0.000000	0.000000
0.481000	2.000000	21.930983	0.000000	0.000000	0.000000	77.681003	0.000000	0.000000	24.649594	0.000000	0.000000
0.482000	2.000000	22.007971	0.000000	0.000000	0.000000	77.672230	0.000000	0.000000	19.204867	0.000000	0.000000
0.483000	2.000000	22.085446	0.000000	0.000000	0.000000	77.675246	0.000000	0.000000	15.068825	0.000000	0.000000
0.484000	2.000000	22.164689	0.000000	0.000000	0.000000	77.721164	0.000000	0.000000	16.627752	0.000000	0.000000
0.485000	2.000000	22.244464	0.000000	0.000000	0.000000	77.780073	0.000000	0.000000	20.034323	0.000000	0.000000
0.486000	2.000000	22.322734	0.000000	0.000000	0.000000	77.802348	0.000000	0.000000	21.136298	0.000000	0.000000
0.487000	2.000000	22.399649	0.000000	0.000000	0.000000	77.791635	0.000000	0.000000	21.107615	0.000000	0.000000
0.488000	2.000000	22.476326	0.000000	0.000000	0.000000	77.775018	0.000000	0.000000	20.747614	0.000000	0.000000
0.489000	2.000000	22.553966	0.000000	0.000000	0.000000	77.781648	0.000000	0.000000	18.221710	0.000000	0.000000
0.490000	2.000000	22.633447	0.000000	0.000000	0.000000	77.833479	0.000000	0.000000	15.385818	0.000000	0.000000
0.491000	2.000000	22.713121	0.000000	0.000000	0.000000	77.890996	0.000000	0.000000	17.089139	0.000000	0.000000
0.492000	2.000000	22.790793	0.000000	0.000000	0.000000	77.898464	0.000000	0.000000	21.985368	0.000000	0.000000
0.493000	2.000000	22.867930	0.000000	0.000000	0.000000	77.889317	0.000000	0.000000	23.633267	0.000000	0.000000
0.494000	2.000000	22.947021	0.000000	0.000000	0.000000	77.932329	0.000000	0.000000	21.676043	0.000000	0.000000
0.495000	2.000000	23.026880	0.000000	0.000000	0.000000	78.007488	0.000000	0.000000	21.125461	0.000000	0.000000
0.496000	2.000000	23.105157	0.000000	0.000000	0.000000	78.026994	0.000000	0.000000	21.030356	0.000000	0.000000
0.497000	2.000000	23.182037	0.000000	0.000000	0.000000	77.956610	0.000000	0.000000	16.333086	0.000000	0.000000
0.498000	2.000000	23.258747	0.000000	0.000000	0.000000	77.884446	0.000000	0.000000	10.329729	0.000000	0.000000
0.499000	2.000000	23.336404	0.000000	0.000000	0.000000	77.926649	0.000000	0.000000	11.200628	0.000000	0.000000
0.500000	2.000000	23.415764	0.000000	0.000000	0.000000	78.041411	0.000000	0.000000	17.045817	0.000000	0.000000
0.501000	2.000000	23.495481	0.000000	0.000000	0.000000	78.079744	0.000000	0.000000	19.048625	0.000000	0.000000
0.502000	2.000000	23.573675	0.000000	0.000000	0.000000	78.029441	0.000000	0.000000	16.592264	0.000000	0.000000
0.503000	2.000000	23.650583	0.000000	0.000000	0.000000	77.991538	0.000000	0.000000	15.205144	0.000000	0.000000
0.504000	2.000000	23.727304	0.000000	0.000000	0.000000	77.988071	0.000000	0.000000	14.896411	0.000000	0.000000
0.505000	2.000000	23.804971	0.000000	0.000000	0.000000	77.999191	0.000000	0.000000	13.239351	0.000000	0.000000
0.506000	2.000000	23.884381	0.000000	0.000000	0.000000	78.046912	0.000000	0.000000	12.706587	0.000000	0.000000
0.507000	2.000000	23.964074	0.000000	0.000000	0.000000	78.116212	0.000000	0.000000	14.945900	0.000000	0.000000
0.508000	2.000000	24.042099	0.000000	0.000000	0.000000	78.129607	0.000000	0.000000	16.093886	0.000000	0.000000
0.509000	2.000000	24.119071	0.000000	0.000000	0.000000	78.060875	0.000000	0.000000	13.612237	0.000000	0.000000
0.510000	2.000000	24.196363	0.000000	0.000000	0.000000	78.003845	0.000000	0.000000	10.580794	0.000000	0.000000
0.511000	2.000000	24.273770	0.000000	0.000000	0.000000	78.042337	0.000000	0.000000	9.945586	0.000000	0.000000
0.512000	2.000000	24.350731	0.000000	0.000000	0.000000	78.097703	0.000000	0.000000	9.843206	0.000000	0.000000
0.513000	2.000000	24.428281	0.000000	0.000000	0.000000	78.078636	0.000000	0.000000	8.579602	0.000000	0.000000
0.514000	2.000000	24.507640	0.000000	0.000000	0.000000	78.057558	0.000000	0.000000	8.011462	0.000000	0.000000
0.515000	2.000000	24.587362	0.000000	0.000000	0.000000	78.099226	0.000000	0.000000	7.947442	0.000000	0.000000
0.516000	2.000000	24.665409	0.000000	0.000000	0.000000	78.125404	0.000000	0.000000	5.615077	0.000000	0.000000
0.517000	2.000000	24.742352	0.000000	0.000000	0.000000	78.075505	0.000000	0.000000	2.310015	0.000000	0.000000
0.518000	2.000000	24.819535	0.000000	0.000000	0.000000	78.009196	0.000000	0.000000	2.504079	0.000000	0.000000
0.519000	2.000000	24.897000	0.000000	0.000000	0.000000	77.991001	0.000000	0.000000	5.074057	0.000000	0.000000
0.520000	2.000000	24.974374	0.000000	0.000000	0.000000	78.001560	0.000000	0.000000	3.567206	0.000000	0.000000
0.521000	2.000000	25.051719	0.000000	0.000000	0.000000	78.004138	0.000000	0.000000	-1.774881	0.000000	0.000000
0.522000	2.000000	25.129183	0.000000	0.000000	0.000000	78.004887	0.000000	0.000000	-3.564618	0.000000	0.000000
0.523000	2.000000	25.206483	0.000000	0.000000	0.000000	78.012480	0.000000	0.000000	-0.807668	0.000000	0.000000
0.524000	2.000000	25.283396	0.000000	0.000000	0.000000	77.998794	0.000000	0.000000	0.345524	0.000000	0.000000
0.525000	2.000000	25.361002	0.000000	0.000000	0.000000	77.958862	0.000000	0.000000	-1.390884	0.000000	0.000000
0.526000	2.000000	25.440403	0.000000	0.000000	0.000000	77.949723	0.000000	0.000000	-2.355611	0.000000	0.000000
0.527000	2.000000	25.520100	0.000000	0.000000	0.000000	77.984530	0.000000	0.000000	-2.970579	0.000000	0.000000
0.528000	2.000000	25.598109	0.000000	0.000000	0.000000	78.011236	0.000000	0.000000	-4.998882	0.000000	0.000000
0.529000	2.000000	25.675048	0.000000	0.000000	0.000000	78.017606	0.000000	0.000000	-5.333393	0.000000	0.000000
0.530000	2.000000	25.752232	0.000000	0.000000	0.000000	78.006485	0.000000	0.000000	-2.590030	0.000000	0.000000
0.531000	2.000000	25.829702	0.000000	0.000000	0.000000	77.957450	0.000000	0.000000	-2.209260	0.000000	0.000000
0.532000	2.000000	25.907106	0.000000	0.000000	0.000000	77.902066	0.000000	0.000000	-6.679559	0.000000	0.000000
0.533000	2.000000	25.984433	0.000000	0.000000	0.000000	77.893670	0.000000	0.000000	-9.715872	0.000000	0.000000
0.534000	2.000000	26.061778	0.000000	0.000000	0.000000	77.898740	0.000000	0.000000	-8.566481	0.000000	0.000000
0.535000	2.000000	26.139144	0.000000	0.000000	0.000000	77.856670	0.000000	0.000000	-9.566077	0.000000	0.000000
0.536000	2.000000	26.216505	0.000000	0.000000	0.000000	77.795718	0.000000	0.000000	-14.452749	0.000000	0.000000
0.537000	2.000000	26.293860	0.000000	0.000000	0.000000	77.773240	0.000000	0.000000	-16.769734	0.000000	0.000000
0.538000	2.000000	26.371217	0.000000	0.000000	0.000000	77.784864	0.000000	0.000000	-13.840030	0.000000	0.000000
0.539000	2.000000	26.448575	0.000000	0.000000	0.000000	77.800676	0.000000	0.000000	-9.929535	0.000000	0.000000
0.540000	2.000000	26.525933	0.000000	0.000000	0.000000	77.793372	0.000000	0.000000	-9.410881	0.000000	0.000000
0.541000	2.000000	26.603290	0.000000	0.000000	0.000000	77.744530	0.000000	0.000000	-12.239508	0.000000	0.000000
0.542000	2.000000	26.680647	0.000000	0.000000	0.000000	77.686980	0.000000	0.000000	-15.102768	0.000000	0.000000
0.543000	2.000000	26.758005	0.000000	0.000000	0.000000	77.666582	0.000000	0.000000	-16.109763	0.000000	0.000000
0.544000	2.000000	26.835363	0.000000	0.000000	0.000000	77.677549	0.000000	0.000000	-15.949081	0.000000	0.000000
0.545000	2.000000	26.912720	0.000000	0.000000	0.000000	77.693080	0.000000	0.000000	-14.557795	0.000000	0.000000
0.546000	2.000000	26.990078	0.000000	0.000000	0.000000	77.685529	0.000000	0.000000	-13.015866	0.000000	0.000000
0.547000	2.000000	27.067435	0.000000	0.000000	0.000000	77.635469	0.000000	0.000000	-14.964441	0.000000	0.000000
0.548000	2.000000	27.144793	0.000000	0.000000	0.000000	77.578501	0.000000	0.000000	-19.334708	0.000000	0.000000
0.549000	2.000000	27.222150	0.000000	0.000000	0.000000	77.562214	0.000000	0.000000	-21.382004	0.000000	0.000000
0.550000	2.000000	27.299508	0.000000	0.000000	0.000000	77.571617	0.000000	0.000000	-21.237572	0.000000	0.000000
0.551000	2.000000	27.376865	0.000000	0.000000	0.000000	77.573225	0.000000	0.000000	-20.631439	0.000000	0.000000
0.552000	2.000000	27.454223	0.000000	0.000000	0.000000	77.572012	0.000000	0.000000	-18.354222	0.000000	0.000000
0.553000	2.000000	27.531580	0.000000	0.000000	0.000000	77.581692	0.000000	0.000000	-15.255919	0.000000	0.000000
0.554000	2.000000	27.608938	0.000000	0.000000	0.000000	77.577005	0.000000	0.000000	-15.079257	0.000000	0.000000
0.555000	2.000000	27.686295	0.000000	0.000000	0.000000	77.528189	0.000000	0.000000	-17.645280	0.000000	0.000000
0.556000	2.000000	27.763653	0.000000	0.000000	0.000000	77.470517	0.000000	0.000000	-18.388227	0.000000	0.000000
0.557000	2.000000	27.841010	0.000000	0.000000	0.000000	77.453697	0.000000	0.000000	-16.286724	0.000000	0.000000
0.558000	2.000000	27.918369	0.000000	0.000000	0.000000	77.463806	0.000000	0.000000	-14.734937	0.000000	0.000000
0.559000	2.000000	27.995726	0.000000	0.000000	0.000000	77.468059	0.000000	0.000000	-15.085970	0.000000	0.000000
0.560000	2.000000	28.073081	0.000000	0.000000	0.000000	77.465393	0.000000	0.000000	-15.965842	0.000000	0.000000
0.561000	2.000000	28.150440	0.000000	0.000000	0.000000	77.465031	0.000000	0.000000	-15.635313	0.000000	0.000000
0.562000	2.000000	28.227806	0.000000	0.000000	0.000000	77.465551	0.000000	0.000000	-13.284753	0.000000	0.000000
0.563000	2.000000	28.305157	0.000000	0.000000	0.000000	77.462781	0.000000	0.000000	-10.676141	0.000000	0.000000
0.564000	2.000000	28.382482	0.000000	0.000000	0.000000	77.463404	0.000000	0.000000	-9.675176	0.000000	0.000000
0.565000	2.000000	28.459865	0.000000	0.000000	0.000000	77.474846	0.000000	0.000000	-9.652496	0.000000	0.000000
0.566000	2.000000	28.537343	0.000000	0.000000	0.000000	77.471724	0.000000	0.000000	-10.540765	0.000000	0.000000
0.567000	2.000000	28.614605	0.000000	0.000000	0.000000	77.419566	0.000000	0.000000	-12.664887	0.000000	0.000000
0.568000	2.000000	28.691515	0.000000	0.000000	0.000000	77.351589	0.000000	0.000000	-13.518120	0.000000	0.000000
0.569000	2.000000	28.769234	0.000000	0.000000	0.000000	77.344495	0.000000	0.000000	-11.143116	0.000000	0.000000
0.570000	2.000000	28.848736	0.000000	0.000000	0.000000	77.407041	0.000000	0.000000	-7.389166	0.000000	0.000000
0.571000	2.000000	28.928360	0.000000	0.000000	0.000000	77.466546	0.000000	0.000000	-5.003371	0.000000	0.000000
0.572000	2.000000	29.006249	0.000000	0.000000	0.000000	77.476742	0.000000	0.000000	-4.594397	0.000000	0.000000
0.573000	2.000000	29.083162	0.000000	0.000000	0.000000	77.464784	0.000000	0.000000	-5.106099	0.000000	0.000000
0.574000	2.000000	29.160349	0.000000	0.000000	0.000000	77.461360	0.000000	0.000000	-5.730091	0.000000	0.000000
0.575000	2.000000	29.237851	0.000000	0.000000	0.000000	77.465183	0.000000	0.000000	-5.324845	0.000000	0.000000
0.576000	2.000000	29.315366	0.000000	0.000000	0.000000	77.468819	0.000000	0.000000	-2.827159	0.000000	0.000000
0.577000	2.000000	29.392588	0.000000	0.000000	0.000000	77.465455	0.000000	0.000000	-0.241073	0.000000	0.000000
0.578000	2.000000	29.469487	0.000000	0.000000	0.000000	77.454306	0.000000	0.000000	0.029011	0.000000	0.000000
0.579000	2.000000	29.547243	0.000000	0.000000	0.000000	77.464059	0.000000	0.000000	0.012033	0.000000	0.000000
0.580000	2.000000	29.626781	0.000000	0.000000	0.000000	77.517223	0.000000	0.000000	2.341170	0.000000	0.000000
0.581000	2.000000	29.706375	0.000000	0.000000	0.000000	77.571762	0.000000	0.000000	5.065184	0.000000	0.000000
0.582000	2.000000	29.784193	0.000000	0.000000	0.000000	77.582998	0.000000	0.000000	5.617510	0.000000	0.000000
0.583000	2.000000	29.861140	0.000000	0.000000	0.000000	77.572983	0.000000	0.000000	5.115853	0.000000	0.000000
0.584000	2.000000	29.938487	0.000000	0.000000	0.000000	77.572732	0.000000	0.000000	5.235751	0.000000	0.000000
0.585000	2.000000	30.015853	0.000000	0.000000	0.000000	77.572949	0.000000	0.000000	5.216451	0.000000	0.000000
0.586000	2.000000	30.092797	0.000000	0.000000	0.000000	77.562853	0.000000	0.000000	4.190797	0.000000	0.000000
0.587000	2.000000	30.170535	0.000000	0.000000	0.000000	77.572136	0.000000	0.000000	4.781484	0.000000	0.000000
0.588000	2.000000	30.250078	0.000000	0.000000	0.000000	77.625438	0.000000	0.000000	9.803410	0.000000	0.000000
0.589000	2.000000	30.329667	0.000000	0.000000	0.000000	77.679863	0.000000	0.000000	15.632085	0.000000	0.000000
0.590000	2.000000	30.407466	0.000000	0.000000	0.000000	77.690641	0.000000	0.000000	16.483129	0.000000	0.000000
0.591000	2.000000	30.484409	0.000000	0.000000	0.000000	77.680525	0.000000	0.000000	13.023053	0.000000	0.000000
0.592000	2.000000	30.561758	0.000000	0.000000	0.000000	77.680323	0.000000	0.000000	10.179863	0.000000	0.000000
0.593000	2.000000	30.639123	0.000000	0.000000	0.000000	77.680497	0.000000	0.000000	9.702626	0.000000	0.000000
0.594000	2.000000	30.716077	0.000000	0.000000	0.000000	77.670663	0.000000	0.000000	9.803766	0.000000	0.000000
0.595000	2.000000	30.793827	0.000000	0.000000	0.000000	77.680214	0.000000	0.000000	10.421633	0.000000	0.000000
0.596000	2.000000	30.873346	0.000000	0.000000	0.000000	77.732944	0.000000	0.000000	12.750487	0.000000	0.000000
0.597000	2.000000	30.952959	0.000000	0.000000	0.000000	77.787949	0.000000	0.000000	15.196698	0.000000	0.000000
0.598000	2.000000	31.030887	0.000000	0.000000	0.000000	77.801861	0.000000	0.000000	16.019363	0.000000	0.000000
0.599000	2.000000	31.107679	0.000000	0.000000	0.000000	77.788054	0.000000	0.000000	15.892776	0.000000	0.000000
