LabVIEW Measurement	
Writer_Version	2
Reader_Version	2
Separator	Tab
Decimal_Separator	.
Multi_Headings	No
X_Columns	One
Time_Pref	Relative
Operator	MSE_SETUP10
Date	2025/02/17
Time	12:21:20.1482253074645996094
***End_of_Header***	
	
Channels	11											
Samples	600	600	600	600	600	600	600	600	600	600	600	
Date	1903/12/31	1903/12/31	1903/12/31	1903/12/31	1903/12/31	1903/12/31	1903/12/31	1903/12/31	1903/12/31	1903/12/31	1903/12/31	
Time	18:00:00	18:00:00	18:00:00	18:00:00	18:00:00	18:00:00	18:00:00	18:00:00	18:00:00	18:00:00	18:00:00	
X_Dimension	Time	Time	Time	Time	Time	Time	Time	Time	Time	Time	Time	
X0	0.0000000000000000E+0	0.0000000000000000E+0	0.0000000000000000E+0	0.0000000000000000E+0	0.0000000000000000E+0	0.0000000000000000E+0	0.0000000000000000E+0	0.0000000000000000E+0	0.0000000000000000E+0	0.0000000000000000E+0	0.0000000000000000E+0	
Delta_X	0.001000	0.001000	0.001000	0.001000	0.001000	0.001000	0.001000	0.001000	0.001000	0.001000	0.001000	
***End_of_Header***												
X_Value	Input Trajectory	Displacement 1	Displacement 2	Displacement 3	Control Effort	Velocity 1	Velocity 2	Velocity 3	Acceleration 1	Acceleration 2	Acceleration 3	Comment
0.000000	0.000000	0.000000	0.000000	0.000000	0.000000	-95.483579	-0.107638	-1.427453E-9	-4220.894955	-10.199564	0.130478
0.001000	0.000000	0.000565	1.012188E-37	-3.777534E-37	0.000000	-95.308325	-0.107583	2.130387E-8	-4216.158029	-10.767839	0.517695
0.002000	0.000000	-5.044469E-6	-9.029749E-40	3.369946E-39	0.000000	-95.160314	-0.107625	3.989090E-9	-4210.148518	-10.382463	0.008861
0.003000	0.000000	-0.002260	-3.043250E-37	1.135756E-36	0.000000	-95.053522	-0.107836	-7.438381E-8	-4200.371042	-10.157514	-2.479986
0.004000	0.000000	-0.004422	6.340977E-39	-2.366484E-38	0.000000	-94.944583	-0.107673	-1.387069E-8	-4192.377322	-9.770080	-5.070758
0.005000	0.000000	-0.004814	1.118060E-36	-4.172656E-36	0.000000	-94.792437	-0.106884	2.768487E-7	-4189.200903	-10.113298	-5.646788
0.006000	0.000000	-0.004410	-3.543039E-38	1.322280E-37	0.000000	-94.620859	-0.107503	4.896609E-8	-4185.379033	-12.529428	-5.138655
0.007000	0.000000	-0.004417	-4.175081E-36	1.558161E-35	0.000000	-94.459284	-0.110447	-1.035288E-6	-4177.575225	-15.342716	-4.986113
0.008000	0.000000	-0.004409	1.767405E-37	-6.596041E-37	0.000000	-94.297383	-0.108104	-1.724873E-7	-4169.285325	-15.935948	-5.122398
0.009000	0.000000	-0.003997	1.560864E-35	-5.825221E-35	0.000000	-94.125626	-0.097118	3.872723E-6	-4163.526432	-14.918818	-5.162624
0.010000	0.000000	-0.004436	-8.267868E-37	3.085609E-36	0.000000	-93.974601	-0.105992	6.052826E-7	-4159.372057	-15.154497	-5.126207
0.011000	0.000000	-0.006659	-5.835667E-35	2.177900E-34	0.000000	-93.867005	-0.158574	-1.448675E-5	-4154.872001	-17.791041	-5.116221
0.012000	0.000000	-0.008854	3.712976E-36	-1.385701E-35	0.000000	-93.758882	-0.213642	-2.114588E-6	-4148.478561	-20.462929	-5.125443
0.013000	0.000000	-0.009266	2.181762E-34	-8.142443E-34	0.000000	-93.607552	-0.225591	5.418944E-5	-4140.942826	-20.996298	-5.125597
0.014000	0.000000	-0.008817	-1.621091E-35	6.049990E-35	0.000000	-93.434608	-0.215580	7.349706E-6	-4135.831599	-20.506459	-5.125195
0.015000	0.000000	-0.008709	-8.156675E-34	3.044111E-33	0.000000	-93.268962	-0.215132	-0.000203	-4133.303802	-20.494662	-5.134446
0.016000	0.000000	-0.008829	6.933106E-35	-2.587469E-34	0.000000	-93.111239	-0.215524	-2.539422E-5	-4128.899504	-20.516751	-5.126710
0.017000	0.000000	-0.008858	3.049353E-33	-1.138033E-32	0.000000	-92.954935	-0.205504	0.000758	-4121.104491	-20.037095	-5.089599
0.018000	0.000000	-0.008825	-2.918767E-34	1.089298E-33	0.000000	-92.788387	-0.214083	8.713074E-5	-4112.855402	-20.444873	-5.121361
0.019000	0.000000	-0.008818	-1.139963E-32	4.254399E-32	0.000000	-92.608885	-0.266646	-0.002836	-4106.316143	-22.948413	-5.260482
0.020000	0.000000	-0.008826	1.213574E-33	-4.529118E-33	0.000000	-92.462657	-0.321729	-0.000296	-4102.653377	-25.570969	-5.139626
0.021000	0.000000	-0.008828	4.261504E-32	-1.590414E-31	0.000000	-92.378821	-0.333966	0.010607	147.845615	-10.777507	0.505076
0.022000	0.000000	-0.008826	-4.995268E-33	1.864259E-32	0.000000	-92.249856	-0.323190	0.000999	145.641410	-10.267005	0.047559
0.023000	0.000000	-0.008826	-1.593029E-31	5.945261E-31	0.000000	-91.982471	-0.319949	-0.052011	151.325827	-10.110650	-2.476721
0.024000	0.000000	-0.008826	2.039097E-32	-7.610009E-32	0.000000	-91.711069	-0.322840	-0.106703	159.164400	-10.238261	-5.081112
0.025000	0.000000	-0.008826	5.954880E-31	-2.222390E-30	0.000000	-91.578341	-0.323698	-0.118600	160.297251	-10.286907	-5.647642
0.026000	0.000000	-0.008826	-8.265725E-32	3.084809E-31	0.000000	-91.492994	-0.322923	-0.107854	157.116299	-10.287552	-5.135899
0.027000	0.000000	-0.008826	-2.225928E-30	8.307273E-30	0.000000	-91.339511	-0.322695	-0.104703	156.254656	-10.247270	-4.985849
0.028000	0.000000	-0.008826	3.330714E-31	-1.243039E-30	0.000000	-91.170292	-0.322903	-0.107586	156.618639	-10.116956	-5.123082
0.029000	0.000000	-0.008826	8.320282E-30	-3.105170E-29	0.000000	-91.056063	-0.322964	-0.108420	154.348599	-10.231405	-5.162856
0.030000	0.000000	-0.008826	-1.335252E-30	4.983224E-30	0.000000	-90.954154	-0.322908	-0.107647	151.022476	-10.751912	-5.126222
0.031000	0.000000	-0.008826	-3.109952E-29	1.160649E-28	0.000000	-90.808302	-0.322892	-0.107426	150.776133	-10.328577	-5.115546
0.032000	0.000000	-0.008826	5.328992E-30	-1.988806E-29	0.000000	-90.631659	-0.322907	-0.107633	154.064083	-7.825373	-5.124705
0.033000	0.000000	-0.008826	1.162406E-28	-4.338157E-28	0.000000	-90.455127	-0.322911	-0.107692	157.321693	-5.203272	-5.128080
0.034000	0.000000	-0.008826	-2.118450E-29	7.906159E-29	0.000000	-90.307565	-0.322907	-0.107636	157.142244	-4.634106	-5.128111
0.035000	0.000000	-0.008826	-4.344612E-28	1.621430E-27	0.000000	-90.202439	-0.322906	-0.107621	153.912784	-5.110749	-5.125143
0.036000	0.000000	-0.008826	8.392221E-29	-3.132018E-28	0.000000	-90.091957	-0.322907	-0.107636	151.285952	-5.132147	-5.115852
0.037000	0.000000	-0.008826	1.623801E-27	-6.060104E-27	0.000000	-89.933336	-0.322907	-0.107640	151.328710	-5.113511	-5.124494
0.038000	0.000000	-0.008826	-3.314241E-28	1.236891E-27	0.000000	-89.768641	-0.322907	-0.107636	151.728281	-5.590624	-5.161612
0.039000	0.000000	-0.008826	-6.068804E-27	2.264908E-26	0.000000	-89.646282	-0.322907	-0.107634	149.624030	-5.182109	-5.129593
0.040000	0.000000	-0.008826	1.305202E-27	-4.871077E-27	0.000000	-89.552881	-0.322907	-0.107636	145.524025	-2.679119	-4.990470
0.041000	0.000000	-0.008825	2.268100E-26	-8.464662E-26	0.000000	-0.215256	5.531952E-25	-2.064552E-24	4392.733368	15.320439	0.014118
0.042000	0.000000	-0.008826	-5.127141E-27	1.913474E-26	0.000000	-0.229066	-1.250522E-25	4.667010E-25	4388.083548	15.903146	-0.505076
0.043000	0.000000	-0.008828	-8.476374E-26	3.163424E-25	0.000000	-0.215206	-2.067408E-24	7.715669E-24	4382.602357	15.390009	-0.047560
0.044000	0.000000	-0.008826	2.009454E-26	-7.499381E-26	0.000000	-0.160134	4.901107E-25	-1.829117E-24	4372.492253	15.235656	2.476721
0.045000	0.000000	-0.008817	3.167719E-25	-1.182208E-24	0.000000	-0.107202	7.726143E-24	-2.883434E-23	4362.088912	15.373322	5.081115
0.046000	0.000000	-0.008828	-7.859120E-26	2.933062E-25	0.000000	-0.097915	-1.916859E-24	7.153810E-24	4356.210755	15.414206	5.647643
0.047000	0.000000	-0.008859	-1.183782E-24	4.417933E-24	0.000000	-0.108507	-2.887273E-23	1.077545E-22	4351.642274	15.377274	5.135885
0.048000	0.000000	-0.008818	3.067887E-25	-1.144950E-24	0.000000	-0.107332	7.482650E-24	-2.792562E-23	4344.389503	15.366446	4.985847
0.049000	0.000000	-0.008703	4.423699E-24	-1.650946E-23	0.000000	-0.104713	1.078951E-22	-4.026698E-22	4336.456164	15.376353	5.123132
0.050000	0.000000	-0.008860	-1.195477E-24	4.461581E-24	0.000000	-0.118602	-2.915799E-23	1.088190E-22	4330.355259	15.379221	5.162864
0.051000	0.000000	-0.009288	-1.653058E-23	6.169293E-23	0.000000	-0.118333	-4.031848E-22	1.504706E-21	4325.515262	15.376563	5.126038
0.052000	0.000000	-0.008696	4.650926E-24	-1.735749E-23	0.000000	-0.049672	1.134372E-22	-4.233533E-22	4321.839522	15.375804	5.115517
0.053000	0.000000	-0.006389	6.177022E-23	-2.305295E-22	0.000000	0.060119	1.506591E-21	-5.622671E-21	4318.656121	15.376517	5.125395
0.054000	0.000000	-0.004297	-1.806700E-23	6.742693E-23	0.000000	0.121205	-4.406585E-22	1.644559E-21	4313.158634	15.376718	5.128181
0.055000	0.000000	-0.003997	-2.308123E-22	8.614027E-22	0.000000	0.117581	-5.629568E-21	2.100982E-20	4305.959310	15.376527	5.125531
0.056000	0.000000	-0.004445	7.008547E-23	-2.615624E-22	0.000000	0.103980	1.709402E-21	-6.379571E-21	4300.305674	15.376473	5.124793
0.057000	0.000000	-0.004524	8.624367E-22	-3.218656E-21	0.000000	0.104986	2.103504E-20	-7.850381E-20	4295.092519	15.376525	5.125504
0.058000	0.000000	-0.004404	-2.715234E-22	1.013339E-21	0.000000	0.108620	-6.622522E-21	2.471558E-20	4287.712214	15.376539	5.125703
0.059000	0.000000	-0.004383	-3.222435E-21	1.202629E-20	0.000000	0.108342	-7.859598E-20	2.933240E-19	4279.856315	15.376525	5.125509
0.060000	0.000000	-0.004416	1.050658E-21	-3.921107E-21	0.000000	0.107370	2.562580E-20	-9.563676E-20	4273.983448	15.376520	5.125444
0.061000	0.000000	-0.004421	1.204009E-20	-4.493420E-20	0.000000	0.107448	2.936607E-19	-1.095956E-18	4269.539435	15.376525	5.125508
0.062000	0.000000	-0.004412	-4.060919E-21	1.515555E-20	0.000000	0.107707	-9.904681E-20	3.696476E-19	15.379191	-4.716541E-18	1.760236E-17
0.063000	0.000000	-0.004411	-4.498460E-20	1.678847E-19	0.000000	0.107686	-1.097185E-18	4.094749E-18	16.035821	-5.224691E-17	1.949880E-16
0.064000	0.000000	-0.004413	1.567931E-20	-5.851595E-20	0.000000	0.107616	3.824221E-19	-1.427218E-18	15.372501	1.821068E-17	-6.796314E-17
0.065000	0.000000	-0.004414	1.680686E-19	-6.272401E-19	0.000000	0.107622	4.099233E-18	-1.529854E-17	12.750304	1.952016E-16	-7.285018E-16
0.066000	0.000000	-0.004413	-6.047793E-20	2.257066E-19	0.000000	0.107641	-1.475071E-18	5.505039E-18	10.230616	-7.024186E-17	2.621461E-16
0.067000	0.000000	-0.004413	-6.279104E-19	2.343392E-18	0.000000	0.107639	-1.531489E-17	5.715591E-17	9.788300	-7.292803E-16	2.721710E-15
0.068000	0.000000	-0.004413	2.330557E-19	-8.697753E-19	0.000000	0.107634	5.684285E-18	-2.121403E-17	10.292425	2.706816E-16	-1.010197E-15
0.069000	0.000000	-0.004413	2.345835E-18	-8.754770E-18	0.000000	0.107635	5.721548E-17	-2.135310E-16	10.236504	2.724546E-15	-1.016814E-14
0.070000	0.000000	-0.004413	-8.973018E-19	3.348774E-18	0.000000	0.107636	-2.188541E-17	8.167743E-17	10.111856	-1.042168E-15	3.889420E-15
0.071000	0.000000	-0.004413	-8.763662E-18	3.270642E-17	0.000000	0.107636	-2.137478E-16	7.977175E-16	10.773249	-1.017847E-14	3.798654E-14
0.072000	0.000000	-0.004413	3.451872E-18	-1.288255E-17	0.000000	0.107636	8.419199E-17	-3.142086E-16	10.760419	4.009162E-15	-1.496239E-14
0.073000	0.000000	-0.004413	3.273877E-17	-1.221827E-16	0.000000	0.107636	7.985065E-16	-2.980065E-15	7.490856	3.802411E-14	-1.419079E-13
0.074000	0.000000	-0.004413	-1.326867E-17	4.951934E-17	0.000000	0.107636	-3.236262E-16	1.207789E-15	2.262675	-1.541084E-14	5.751401E-14
0.075000	0.000000	-0.004413	-1.223003E-16	4.564307E-16	0.000000	0.107636	-2.982934E-15	1.113246E-14	-0.646143	-1.420444E-13	5.301169E-13
0.076000	0.000000	-0.004413	5.096534E-17	-1.902052E-16	0.000000	0.107636	1.243057E-15	-4.639150E-15	-0.473568	5.919346E-14	-2.209129E-13
0.077000	0.000000	-0.004413	4.568579E-16	-1.705016E-15	0.000000	0.107636	1.114287E-14	-4.158575E-14	0.174071	5.306130E-13	-1.980274E-12
0.078000	0.000000	-0.004413	-1.956202E-16	7.300641E-16	0.000000	0.107635	-4.771224E-15	1.780644E-14	0.126123	-2.272021E-13	8.479295E-13
0.079000	0.000000	-0.004413	-1.706566E-15	6.368989E-15	0.000000	0.107636	-4.162357E-14	1.553412E-13	-0.046881	-1.982074E-12	7.397198E-12
0.080000	0.000000	-0.004413	7.503412E-16	-2.800310E-15	0.000000	0.107640	1.830100E-14	-6.830025E-14	-0.033419	8.714801E-13	-3.252407E-12
0.081000	0.000000	-0.004413	6.374610E-15	-2.379036E-14	0.000000	0.107635	1.554783E-13	-5.802526E-13	0.012588	7.403726E-12	-2.763107E-11
0.082000	0.000000	-0.004413	-2.876236E-15	1.073425E-14	0.000000	0.107620	-7.015210E-14	2.618111E-13	0.008220	-3.340590E-12	1.246725E-11
0.083000	0.000000	-0.004413	-2.381071E-14	8.886275E-14	0.000000	0.107639	-5.807491E-13	2.167384E-12	-0.003235	-2.765471E-11	1.032088E-10
0.084000	0.000000	-0.004413	1.101854E-14	-4.112174E-14	0.000000	0.107693	2.687449E-13	-1.002969E-12	0.000365	1.279743E-11	-4.776063E-11
0.085000	0.000000	-0.004413	8.893641E-14	-3.319150E-13	0.000000	0.107622	2.169181E-12	-8.095489E-12	0.000264	1.032943E-10	-3.854994E-10
0.086000	0.000000	-0.004413	-4.218612E-14	1.574407E-13	0.000000	0.107420	-1.028930E-12	3.840017E-12	-0.009644	-4.899685E-11	1.828587E-10
0.087000	0.000000	-0.004413	-3.321812E-13	1.239717E-12	0.000000	0.107689	-8.101982E-12	3.023699E-11	0.002303	-3.858086E-10	1.439857E-9
0.088000	0.000000	-0.004413	1.614256E-13	-6.024483E-13	0.000000	0.108442	3.937210E-12	-1.469386E-11	0.038244	1.874869E-10	-6.997104E-10
0.089000	0.000000	-0.004413	1.240678E-12	-4.630270E-12	0.000000	0.107427	3.026043E-11	-1.129334E-10	-0.009888	1.440973E-9	-5.377780E-9
0.090000	0.000000	-0.004413	-6.173668E-13	2.304043E-12	0.000000	0.104621	-1.505773E-11	5.619617E-11	-0.143504	-7.170373E-10	2.676018E-9
0.091000	0.000000	-0.004413	-4.633733E-12	1.729332E-11	0.000000	0.108450	-1.130179E-10	4.217883E-10	0.038773	-5.381803E-9	2.008515E-8
0.092000	0.000000	-0.004413	2.359891E-12	-8.807228E-12	0.000000	0.118900	5.755831E-11	-2.148104E-10	0.536405	2.740882E-9	-1.022911E-8
0.093000	0.000000	-0.004413	1.730579E-11	-6.458605E-11	0.000000	0.104458	4.220924E-10	-1.575270E-9	-0.151329	2.009963E-8	-7.501282E-8
0.094000	0.000000	-0.004413	-9.016285E-12	3.364922E-11	0.000000	0.048191	-2.199094E-10	8.207126E-10	-2.830684	-1.047191E-8	3.908170E-8
0.095000	0.000000	-0.004413	-6.463087E-11	2.412056E-10	0.000000	-0.002841	-1.576363E-9	5.883063E-9	-5.260789	-7.506487E-8	2.801458E-7
0.096000	0.000000	-0.004413	3.443176E-11	-1.285010E-10	0.000000	-0.010155	8.397989E-10	-3.134171E-9	-5.609095	3.999057E-8	-1.492468E-7
0.097000	0.000000	-0.004413	2.413664E-10	-9.007912E-10	0.000000	0.000789	5.886985E-9	-2.197052E-8	-5.087934	2.803326E-7	-1.046215E-6
0.098000	0.000000	-0.004413	-1.314301E-10	4.905034E-10	0.000000	0.002713	-3.205611E-9	1.196350E-8	-4.996334	-1.526487E-7	5.696923E-7
0.099000	0.000000	-0.004413	-9.013672E-10	3.363946E-9	0.000000	-0.000227	-2.198456E-8	8.204747E-8	-5.136266	-1.046884E-6	3.907022E-6
0.100000	0.000000	-0.004413	5.014663E-10	-1.871497E-9	0.000000	-0.000720	1.223089E-8	-4.564627E-8	-5.159808	5.824252E-7	-2.173639E-6
0.101000	0.320351	-0.004412	3.366006E-9	-1.256210E-8	0.000000	9.493271E-5	8.209770E-8	-3.063926E-7	-5.121185	3.909413E-6	-1.459012E-5
0.102000	0.639386	-0.004414	-1.912528E-9	7.137647E-9	0.000000	0.000174	-4.664702E-8	1.740890E-7	-5.117178	-2.221294E-6	8.289978E-6
0.103000	0.955793	-0.004418	-1.256944E-8	4.690978E-8	0.000000	-0.000146	-3.065718E-7	1.144141E-6	-5.131746	-1.459865E-5	5.448289E-5
0.104000	1.268273	-0.004410	7.291204E-9	-2.721113E-8	0.000000	2.352553E-5	1.778342E-7	-6.636861E-7	-5.124554	8.468325E-6	-3.160420E-5
0.105000	1.575541	-0.004393	4.693592E-8	-1.751672E-7	0.000000	0.000489	1.144779E-6	-4.272370E-6	-5.104955	5.451325E-5	-0.000203
0.106000	1.876335	-0.004425	-2.778579E-8	1.036979E-7	0.000000	-0.000273	-6.777023E-7	2.529218E-6	-5.137864	-3.227164E-5	0.000120
0.107000	2.169419	-0.004487	-1.752599E-7	6.540787E-7	0.000000	-0.001812	-4.274633E-6	1.595314E-5	-5.201493	-0.000204	0.000760
0.108000	2.453588	-0.004368	1.058484E-7	-3.950315E-7	0.000000	0.001090	2.581669E-6	-9.634914E-6	-5.076172	0.000123	-0.000459
0.109000	2.727675	-0.004136	6.544071E-7	-2.442279E-6	0.000000	0.006760	1.596115E-5	-5.956779E-5	-4.842028	0.000760	-0.002837
0.110000	2.990553	-0.004584	-4.030786E-7	1.504309E-6	0.000000	-0.004162	-9.831185E-6	3.669046E-5	-5.313766	-0.000468	0.001747
0.111000	3.241142	-0.005448	-2.443438E-6	9.119031E-6	0.000000	-0.025239	-5.959605E-5	0.000222	-6.183798	-0.002838	0.010591
0.112000	3.478413	-0.003752	1.534420E-6	-5.726530E-6	0.000000	0.016113	3.742488E-5	-0.000140	-4.397025	0.001782	-0.006651
0.113000	3.701390	0.002230	9.123103E-6	-3.404787E-5	0.000000	0.162021	0.000223	-0.000830	2.053339	0.010596	-0.039545
0.114000	3.909157	0.010439	-5.839196E-6	2.179216E-5	0.000000	0.362249	-0.000142	0.000532	12.275780	-0.006782	0.025310
0.115000	4.100861	0.019101	-3.406213E-5	0.000127	0.000000	0.573512	-0.000831	0.003101	25.015261	-0.039561	0.147644
0.116000	4.275714	0.028323	2.221370E-5	-8.290263E-5	0.000000	0.798442	0.000542	-0.002022	38.156314	0.025800	-0.096287
0.117000	4.432997	0.038685	0.000127	-0.000475	0.000000	1.051166	0.003102	-0.011576	50.539126	0.147702	-0.551230
0.118000	4.572063	0.051236	-8.447976E-5	0.000319	0.000000	1.357286	-0.002060	0.007793	64.595065	-0.098118	0.371081
0.119000	4.692342	0.066351	-0.000475	0.002722	0.000000	1.725963	-0.011580	0.066389	82.059535	-0.551430	3.161381
0.120000	4.793339	0.082747	0.000326	0.004647	0.000000	2.125849	0.007942	0.113335	101.241721	0.378187	5.396912
0.121000	4.874640	0.099797	0.002731	0.004789	0.000000	2.541698	0.066598	0.116800	121.067539	3.171316	5.561897
0.122000	4.935909	0.118852	0.004650	0.004350	0.000000	3.006471	0.113412	0.106088	143.160750	5.400559	5.051822
0.123000	4.976896	0.140600	0.004787	0.004313	0.000000	3.536905	0.116767	0.105189	168.415754	5.560324	5.008992
0.124000	4.997431	0.163668	0.004349	0.004430	0.000000	4.099550	0.106068	0.108056	195.223639	5.050854	5.145461
0.125000	4.997431	0.187360	0.004313	0.004440	0.000000	4.677400	0.105198	0.108289	222.732190	5.009428	5.156641
0.126000	4.976896	0.213054	0.004431	0.004408	0.000000	5.304081	0.108061	0.107522	252.551983	5.145710	5.120284
0.127000	4.935909	0.241445	0.004440	0.004406	0.000000	5.996546	0.108285	0.107462	285.562834	5.156478	5.117098
0.128000	4.874640	0.271153	0.004408	0.004414	0.000000	6.721114	0.107521	0.107666	320.139314	5.120252	5.126212
0.129000	4.793339	0.301486	0.004406	0.004415	0.000000	7.460957	0.107466	0.107681	355.231770	5.117312	5.128130
0.130000	4.692342	0.333822	0.004414	0.004413	0.000000	8.249636	0.107664	0.107628	392.517936	5.126092	5.127985
0.131000	4.572063	0.368847	0.004414	0.004413	0.000000	9.103900	0.107666	0.107627	433.717279	5.127437	5.123370
0.132000	4.432997	0.405213	0.004413	0.004413	0.000000	9.990876	0.107639	0.107635	476.957819	5.128503	5.114875
0.133000	4.275714	0.442226	0.004415	0.004413	0.000000	10.893639	0.107682	0.107623	517.977457	5.125929	5.131569
0.134000	4.100861	0.481120	0.004411	0.004414	0.000000	11.842273	0.107593	0.107647	556.202490	5.112891	5.165594
0.135000	3.909157	0.522637	0.004404	0.004415	0.000000	12.854874	0.107420	0.107693	594.886908	5.122023	5.102949
0.136000	3.701390	0.565979	0.004420	0.004411	0.000000	13.912003	0.107805	0.107590	635.166235	5.173124	4.975706
0.137000	3.478413	0.610200	0.004447	0.004404	0.000000	14.990551	0.108452	0.107417	675.814752	5.138574	5.211381
0.138000	3.241142	0.654444	0.004387	0.004420	0.000000	16.069676	0.106992	0.107808	715.167133	4.947153	5.684953
0.139000	2.990553	0.698442	0.004288	0.004447	0.000000	17.142815	0.104586	0.108453	751.691872	5.078422	4.793334
0.140000	2.727675	0.743102	0.004513	0.004386	0.000000	18.232087	0.110077	0.106981	786.005908	5.793208	1.932969
0.141000	2.453588	0.789141	0.004880	0.004288	0.000000	19.354984	0.119017	0.104586	820.434982	5.289296	-0.416623
0.142000	2.169419	0.836599	0.004026	0.004515	0.000000	20.512453	0.098199	0.110116	855.750212	1.504838	-0.318259
0.143000	1.876335	0.885172	0.001623	0.004880	0.000000	21.697215	0.039585	0.119017	890.035464	-3.515583	0.615665
0.144000	1.575541	0.934040	-0.000298	0.004020	0.000000	22.889217	-0.007268	0.098046	921.538679	-5.906434	-0.340149
0.145000	1.268273	0.982672	-0.000486	0.001615	0.000000	24.075167	-0.011864	0.039379	951.219843	-5.615789	-3.270303
0.146000	0.955793	1.031245	0.000180	-0.000301	0.000000	25.259464	0.004386	-0.007346	980.098287	-4.800594	-5.506409
0.147000	0.639386	1.079888	0.000571	-0.000485	0.000000	26.446665	0.013926	-0.011836	1006.789706	-4.482608	-5.683686
0.148000	0.320351	1.128477	-0.000433	0.000182	0.000000	27.633285	-0.010550	0.004433	1030.320906	-5.658825	-4.906134
0.149000	6.123234E-16	1.177020	-0.002873	0.000571	0.000000	28.814347	-0.070070	0.013941	1052.058696	-8.456712	-4.463109
0.150000	0.000000	1.225841	-0.004688	-0.000440	0.000000	29.999428	-0.114362	-0.010670	1073.260542	-10.563240	-5.635774
0.151000	0.000000	1.274774	-0.004770	-0.002884	0.000000	31.203840	-0.116337	-0.070368	1093.057321	-10.666687	-8.475993
0.152000	0.000000	1.322637	-0.004331	-0.004689	0.000000	32.392307	-0.105578	-0.114583	1108.971730	-10.154501	-10.581473
0.153000	0.000000	1.369033	-0.004286	-0.004760	0.000000	33.482568	-0.104575	-0.115949	1118.652029	-10.105438	-10.646849
0.154000	0.000000	1.415295	-0.004463	-0.004338	0.000000	34.464998	-0.109087	-0.104985	1122.445651	-10.322349	-10.124223
0.155000	0.000000	1.461975	-0.004565	-0.004321	0.000000	35.403311	-0.111206	-0.105911	1121.954194	-10.418989	-10.169454
0.156000	0.000000	1.507770	-0.004293	-0.004433	0.000000	36.309007	-0.103865	-0.111229	1116.863487	-10.061209	-10.424856
0.157000	0.000000	1.552049	-0.003931	-0.004438	0.000000	37.164044	-0.096420	-0.106216	1107.240084	-9.724974	-10.181235
0.158000	0.000000	1.595840	-0.004860	-0.004408	0.000000	37.979390	-0.121648	-0.095927	1094.706577	-10.957130	-9.683031
0.159000	0.000000	1.639955	-0.007307	-0.004406	0.000000	38.749246	-0.176152	-0.115268	1079.979503	-13.483037	-10.622663
0.160000	0.000000	1.684450	-0.009118	-0.004415	0.000000	39.465812	-0.210806	-0.174061	1062.999847	-15.018689	-13.453019
0.161000	0.000000	1.728939	-0.009173	-0.004415	0.000000	40.151027	-0.231679	-0.221014	1043.759055	-16.274096	-15.618816
0.162000	0.000000	1.772378	-0.008747	-0.004413	0.000000	40.794669	-0.279945	-0.224426	1020.937410	-18.998202	-15.667232
0.163000	0.000000	1.814411	-0.008734	-0.004413	0.000000	41.355103	-0.326424	-0.213712	992.507151	-20.220177	-15.420407
0.164000	0.000000	1.856077	-0.008847	-0.004413	0.000000	41.840910	-0.332558	-0.212827	959.223565	-17.721088	-15.802107
0.165000	0.000000	1.898063	-0.008851	-0.004413	0.000000	42.302297	-0.321942	-0.215695	924.432391	-14.984441	-14.940020
0.166000	0.000000	1.940130	-0.008820	-0.004413	0.000000	42.750489	-0.320329	-0.215924	889.301045	-14.688808	-12.157296
0.167000	0.000000	1.980981	-0.008820	-0.004413	0.000000	43.120171	-0.323172	-0.215157	850.509873	-15.597967	-9.895751
0.168000	0.000000	2.017646	-0.008828	-0.004413	0.000000	43.321972	-0.323595	-0.215097	803.586047	-16.072429	-9.679131
0.169000	0.000000	2.053595	-0.008828	-0.004413	0.000000	43.474197	-0.322835	-0.215302	754.329127	-14.870728	-10.463575
0.170000	0.000000	2.103945	-0.008826	-0.004413	0.000000	43.962402	-0.322727	-0.215317	721.335955	-12.031299	-10.917040
0.171000	0.000000	2.167209	-0.008826	-0.004413	0.000000	44.716759	-0.322924	-0.215264	700.825278	-9.931519	-9.742551
0.172000	0.000000	2.210598	-0.008826	-0.004413	0.000000	44.920764	-0.322940	-0.215263	653.186865	-9.838282	-6.899782
0.173000	0.000000	2.225927	-0.008826	-0.004413	0.000000	44.407666	-0.322913	-0.215270	572.159960	-10.349296	-4.794619
0.174000	0.000000	2.253619	-0.008826	-0.004413	0.000000	44.180306	-0.322953	-0.215259	509.416096	-10.398918	-4.729044
0.175000	0.000000	2.310889	-0.008826	-0.004413	0.000000	44.628520	-0.322864	-0.215283	483.977233	-10.179823	-5.252253
0.176000	0.000000	2.366126	-0.008826	-0.004413	0.000000	44.963148	-0.322692	-0.215329	455.230336	-10.070770	-5.210363
0.177000	0.000000	2.401679	-0.008826	-0.004413	0.000000	44.773182	-0.323077	-0.215226	403.055941	-10.438637	-4.952259
0.178000	0.000000	2.432391	-0.008826	-0.004413	0.000000	44.443694	-0.323723	-0.215053	346.649988	-10.823960	-5.182721
0.179000	0.000000	2.467966	-0.008826	-0.004413	0.000000	44.232253	-0.322262	-0.215444	297.755386	-9.553055	-5.691304
0.180000	0.000000	2.503839	-0.008826	-0.004413	0.000000	44.034065	-0.319859	-0.216088	251.658068	-6.843200	-4.800972
0.181000	0.000000	2.537011	-0.008826	-0.004413	0.000000	43.753873	-0.325353	-0.214616	204.193391	-5.454623	-1.931219
0.182000	0.000000	2.569502	-0.008826	-0.004413	0.000000	43.423417	-0.334284	-0.212223	155.828102	-4.885950	0.418624
0.183000	0.000000	2.602669	-0.008825	-0.004413	0.000000	43.074884	-0.313454	-0.217755	108.581647	-1.595658	0.317666
0.184000	0.000000	2.635948	-0.008827	-0.004413	0.000000	42.701845	-0.254874	-0.226649	64.130569	3.407156	-0.616060
0.185000	0.000000	2.669031	-0.008829	-0.004413	0.000000	42.316867	-0.208065	-0.205671	22.664603	5.928244	0.340760
0.186000	0.000000	2.702346	-0.008823	-0.004414	0.000000	41.943269	-0.203339	-0.147027	-17.096600	5.647766	3.269884
0.187000	0.000000	2.735761	-0.008817	-0.004415	0.000000	41.573559	-0.219425	-0.100328	-56.044261	4.804937	5.504567
0.188000	0.000000	2.768121	-0.008837	-0.004411	0.000000	41.176413	-0.229458	-0.095755	-92.559917	4.462564	5.685779
0.189000	0.000000	2.799065	-0.008862	-0.004407	0.000000	40.746035	-0.205586	-0.111927	-122.663666	5.619468	4.912887
0.190000	0.000000	2.829673	-0.008786	-0.004420	0.000000	40.308610	-0.144219	-0.121746	-150.742223	8.505533	4.455072
0.191000	0.000000	2.860612	-0.008693	-0.004437	0.000000	39.872474	-0.097685	-0.097494	-194.758454	10.716276	5.610625
0.192000	0.000000	2.891659	-0.008979	-0.004385	0.000000	39.436226	-0.102644	-0.036630	-251.453942	10.489520	8.506362
0.193000	0.000000	2.922620	-0.009322	-0.004323	0.000000	39.023983	-0.121716	0.008917	-280.799119	9.582106	10.675238
0.194000	0.000000	2.953481	-0.008232	-0.004517	0.000000	38.645086	-0.096236	0.005907	-274.408557	10.794150	10.532239
0.195000	0.000000	2.984356	-0.005694	-0.004748	0.000000	38.269782	-0.030013	-0.009992	-281.453553	13.949514	9.774618
0.196000	0.000000	3.015523	-0.004182	-0.004000	0.000000	37.891412	0.009356	0.007828	-320.814670	15.820000	10.624342
0.197000	0.000000	3.046721	-0.004427	-0.001869	0.000000	37.535387	-0.003290	0.062540	-353.702912	15.209629	13.231849
0.198000	0.000000	3.076825	-0.004086	0.000963	0.000000	37.189669	-0.003769	0.131714	-361.119658	15.205136	16.520942
0.199000	0.000000	3.105537	-0.001946	0.003513	0.000000	36.821888	0.071081	0.193176	-362.943146	18.800195	19.439455
0.200000	0.000000	3.133962	0.000997	0.004501	0.000000	36.439213	0.202529	0.217246	-371.097111	24.990038	20.604267
0.201000	0.000000	3.162718	0.003543	0.004143	0.000000	36.055333	0.308796	0.208708	-379.939604	29.935941	20.228409
0.202000	0.000000	3.191479	0.004493	0.004980	0.000000	35.671701	0.333317	0.229142	-384.865335	31.365268	21.131341
0.203000	0.000000	3.220143	0.004133	0.007550	0.000000	35.311345	0.314145	0.291770	-386.289142	30.877542	23.999670
0.204000	0.000000	3.249074	0.004993	0.009038	0.000000	34.991773	0.334781	0.328066	-384.910058	30.868351	25.991471
0.205000	0.000000	3.278054	0.007571	0.008697	0.000000	34.682368	0.400460	0.319759	-381.879847	31.206396	26.019447
0.206000	0.000000	3.305941	0.009024	0.009325	0.000000	34.338485	0.435972	0.335068	-379.922948	30.668429	25.749489
0.207000	0.000000	3.332436	0.008653	0.011796	0.000000	33.958677	0.426172	0.395349	-380.218634	29.976679	25.827439
0.208000	0.000000	3.358632	0.009385	0.013659	0.000000	33.601244	0.444009	0.440770	-379.634055	31.592122	25.766583
0.209000	0.000000	3.385159	0.011964	0.013699	0.000000	33.353962	0.507116	0.441759	-372.497657	35.074942	25.595922
0.210000	0.000000	3.411783	0.013458	0.012977	0.000000	33.126549	0.543560	0.424156	-362.832679	35.673616	25.527732
0.211000	0.000000	3.438320	0.013105	0.012683	0.000000	32.545749	0.534884	0.416968	-369.660045	32.338261	25.653025
0.212000	0.000000	3.464760	0.013766	0.013896	0.000000	31.647592	0.551014	0.446551	-391.661078	30.890451	25.906878
0.213000	0.000000	3.491221	0.016267	0.016380	0.000000	31.234691	0.612032	0.507137	-390.549308	34.032188	25.893676
0.214000	0.000000	3.517973	0.018037	0.018002	0.000000	31.513303	0.655192	0.546701	-357.651398	36.995628	25.608775
0.215000	0.000000	3.544729	0.017982	0.017952	0.000000	31.490496	0.653860	0.545493	-340.694769	35.718846	25.694608
0.216000	0.000000	3.570386	0.017549	0.017558	0.000000	30.719431	0.643286	0.535881	-359.540494	32.061864	25.993964
0.217000	0.000000	3.594673	0.017564	0.017572	0.000000	29.964563	0.643670	0.536228	-377.469016	30.205392	25.161903
0.218000	0.000000	3.618607	0.017680	0.017678	0.000000	29.681159	0.646496	0.538797	-374.010847	30.942146	22.678941
0.219000	0.000000	3.642868	0.017676	0.017674	0.000000	29.523832	0.646385	0.538698	-365.039891	30.959725	19.380223
0.220000	0.000000	3.667498	0.017645	0.017645	0.000000	29.256878	0.645629	0.538011	-360.238595	27.359427	16.420738
0.221000	0.000000	3.692042	0.017646	0.017647	0.000000	28.980564	0.645663	0.538038	-355.173796	21.101625	15.275850
0.222000	0.000000	3.715429	0.017654	0.017654	0.000000	28.741907	0.645868	0.538224	-348.258382	16.051066	15.691225
0.223000	0.000000	3.737474	0.017654	0.017654	0.000000	28.487143	0.645850	0.538221	-342.121832	14.882509	14.718039
0.224000	0.000000	3.759293	0.017652	0.017651	0.000000	28.210329	0.645784	0.538163	-338.143637	15.792324	11.732984
0.225000	0.000000	3.781433	0.017652	0.017651	0.000000	27.938662	0.645820	0.538148	-335.862408	14.811374	10.003918
0.226000	0.000000	3.803527	0.017652	0.017653	0.000000	27.670627	0.645882	0.538194	-333.892426	11.686745	10.401661
0.227000	0.000000	3.825537	0.017653	0.017655	0.000000	27.394911	0.645752	0.538256	-330.646389	9.989548	9.675629
0.228000	0.000000	3.847957	0.017652	0.017649	0.000000	27.126729	0.645574	0.538131	-325.330861	10.447716	6.799139
0.229000	0.000000	3.870384	0.017652	0.017643	0.000000	26.884467	0.646057	0.537897	-319.846536	9.621333	4.625083
0.230000	0.000000	3.891189	0.017653	0.017666	0.000000	26.637165	0.646707	0.538355	-319.847448	6.647195	4.599799
0.231000	0.000000	3.910653	0.017655	0.017688	0.000000	26.365362	0.644892	0.539226	-321.961257	4.825323	5.479565
0.232000	0.000000	3.931714	0.017649	0.017601	0.000000	26.124429	0.642484	0.537508	-305.777185	5.123767	5.740005
0.233000	0.000000	3.954419	0.017643	0.017519	0.000000	25.920972	0.649300	0.534265	-272.696163	4.680281	4.176846
0.234000	0.000000	3.974755	0.017666	0.017847	0.000000	25.661822	0.658238	0.540727	-265.374690	2.200264	1.599525
0.235000	0.000000	3.991998	0.017688	0.018147	0.000000	25.329677	0.632185	0.552796	-294.458383	-1.095577	0.290213
0.236000	0.000000	4.010127	0.017600	0.016886	0.000000	25.018815	0.568136	0.527670	-308.175293	-4.082066	-0.848727
0.237000	0.000000	4.030349	0.017520	0.014308	0.000000	24.751864	0.529300	0.446538	-284.169871	-5.427933	-4.254418
0.238000	0.000000	4.049820	0.017851	0.013052	0.000000	24.465836	0.543366	0.363934	-261.844111	-4.776369	-8.204495
0.239000	0.000000	4.067411	0.018146	0.013435	0.000000	24.160630	0.542242	0.304197	-262.882327	-4.964467	-11.171448
0.240000	0.000000	4.084588	0.016870	0.012577	0.000000	23.879296	0.458921	0.221081	-268.787412	-8.926879	-15.124639
0.241000	0.000000	4.102243	0.014290	0.009997	0.000000	23.616609	0.324215	0.134061	-268.584204	-15.305446	-19.235753
0.242000	0.000000	4.120281	0.013057	0.008549	0.000000	23.355195	0.232044	0.107472	-267.874713	-19.696139	-20.503165
0.243000	0.000000	4.138162	0.013447	0.008850	0.000000	23.089841	0.218402	0.094398	-269.146033	-20.355535	-21.134602
0.244000	0.000000	4.154881	0.012546	0.008393	0.000000	22.798488	0.205195	0.020556	-270.888292	-20.983558	-24.650700
0.245000	0.000000	4.170293	0.009939	0.006141	0.000000	22.468759	0.120656	-0.070658	-273.408078	-25.006078	-28.991464
0.246000	0.000000	4.185380	0.008611	0.003207	0.000000	22.129882	0.025366	-0.133908	-276.608579	-29.545431	-32.002671
0.247000	0.000000	4.200798	0.009005	0.000766	0.000000	21.825788	-0.000455	-0.208735	-278.325666	-30.777957	-35.568041
0.248000	0.000000	4.216683	0.008142	-0.000135	0.000000	21.566991	-0.012460	-0.291012	-277.520007	-31.343468	-39.488944
0.249000	0.000000	4.232427	0.005554	0.000137	0.000000	21.312057	-0.093442	-0.329795	-276.889177	-35.191247	-41.329792
0.250000	0.000000	4.246583	0.004135	-0.000500	0.000000	21.010360	-0.190958	-0.346325	-279.719371	-39.857858	-42.105806
0.251000	0.000000	4.259491	0.004449	-0.002773	0.000000	20.675808	-0.219726	-0.384143	-283.874178	-41.258723	-43.928450
0.252000	0.000000	4.273708	0.003946	-0.005585	0.000000	20.375297	-0.223380	-0.445554	-285.241216	-41.346293	-46.894292
0.253000	0.000000	4.289518	0.001658	-0.007949	0.000000	20.116050	-0.295306	-0.532786	-286.113240	-44.656655	-50.966393
0.254000	0.000000	4.304298	-0.001191	-0.009163	0.000000	19.831155	-0.425817	-0.622984	-289.991287	-51.196053	-55.107072
0.255000	0.000000	4.317359	-0.003549	-0.009144	0.000000	19.497240	-0.526482	-0.662091	-293.551514	-56.415237	-57.277031
0.256000	0.000000	4.330558	-0.004749	-0.008550	0.000000	19.166558	-0.554409	-0.646401	-293.481897	-56.504446	-57.104616
0.257000	0.000000	4.344120	-0.004728	-0.008322	0.000000	18.871563	-0.543324	-0.631229	-292.726298	-52.926674	-55.185659
0.258000	0.000000	4.356176	-0.004136	-0.009642	0.000000	18.573244	-0.529275	-0.663755	-294.220013	-50.408310	-52.871140
0.259000	0.000000	4.366869	-0.003911	-0.012143	0.000000	18.250283	-0.526613	-0.727324	-295.978721	-50.951384	-51.964670
0.260000	0.000000	4.378840	-0.005236	-0.013634	0.000000	17.950523	-0.558819	-0.763588	-295.719377	-52.431483	-50.846922
0.261000	0.000000	4.392424	-0.007737	-0.013504	0.000000	17.681121	-0.619074	-0.759750	-295.151166	-51.333103	-46.706221
0.262000	0.000000	4.405091	-0.009222	-0.013133	0.000000	17.391439	-0.655321	-0.750722	-296.436684	-46.644550	-42.132510
0.263000	0.000000	4.416018	-0.009090	-0.013169	0.000000	17.087534	-0.652292	-0.751774	-298.460023	-42.111222	-40.916481
0.264000	0.000000	4.426578	-0.008720	-0.013268	0.000000	16.807407	-0.643256	-0.754187	-299.163510	-41.031349	-40.408803
0.265000	0.000000	4.437600	-0.008756	-0.013258	0.000000	16.544082	-0.644089	-0.753890	-297.828884	-40.442096	-36.878379
0.266000	0.000000	4.449104	-0.008855	-0.013232	0.000000	16.284667	-0.646501	-0.753236	-294.480563	-36.531283	-32.503719
0.267000	0.000000	4.460397	-0.008845	-0.013234	0.000000	16.021217	-0.646275	-0.753354	-290.888785	-31.982922	-29.497459
0.268000	0.000000	4.470071	-0.008818	-0.013241	0.000000	15.720329	-0.645633	-0.753565	-290.736171	-30.722765	-25.944305
0.269000	0.000000	4.478565	-0.008821	-0.013241	0.000000	15.380687	-0.645685	-0.753393	-294.585901	-30.153564	-22.018159
0.270000	0.000000	4.488406	-0.008828	-0.013239	0.000000	15.073693	-0.645847	-0.753202	-297.064941	-26.304988	-20.162247
0.271000	0.000000	4.499788	-0.008827	-0.013239	0.000000	14.843877	-0.645871	-0.753774	-293.642057	-21.662531	-19.402345
0.272000	0.000000	4.510176	-0.008826	-0.013239	0.000000	14.622528	-0.645863	-0.754325	-288.251423	-20.292224	-17.627730
0.273000	0.000000	4.518858	-0.008826	-0.013239	0.000000	14.320599	-0.645714	-0.752198	-288.318942	-20.111135	-14.602116
0.274000	0.000000	4.527312	-0.008826	-0.013239	0.000000	13.972994	-0.645586	-0.750202	-292.526493	-16.679992	-10.353108
0.275000	0.000000	4.536197	-0.008826	-0.013239	0.000000	13.693717	-0.646160	-0.758173	-292.258941	-10.492520	-6.437587
0.276000	0.000000	4.545135	-0.008826	-0.013240	0.000000	13.491143	-0.646676	-0.765550	-286.004642	-5.723503	-4.926642
0.277000	0.000000	4.553959	-0.008826	-0.013242	0.000000	13.264200	-0.644519	-0.734829	-281.064644	-4.290957	-4.210851
0.278000	0.000000	4.562798	-0.008827	-0.013235	0.000000	12.986567	-0.642599	-0.671784	-280.237882	-4.727394	-1.931181
0.279000	0.000000	4.571660	-0.008828	-0.013230	0.000000	12.727789	-0.650691	-0.641030	-278.354965	-5.781735	1.082165
0.280000	0.000000	4.580411	-0.008823	-0.013256	0.000000	12.512181	-0.657793	-0.650995	-273.242935	-6.246648	3.634699
0.281000	0.000000	4.589187	-0.008820	-0.013273	0.000000	12.307293	-0.626581	-0.630491	-268.725244	-3.226722	6.337984
0.282000	0.000000	4.598391	-0.008837	-0.013175	0.000000	12.101166	-0.564079	-0.565177	-265.712159	2.618819	9.265356
0.283000	0.000000	4.607465	-0.008849	-0.013113	0.000000	11.882539	-0.534271	-0.528329	-262.328586	5.764250	10.590154
0.284000	0.000000	4.614880	-0.008784	-0.013480	0.000000	11.627263	-0.542215	-0.544638	-260.012924	5.241765	9.863621
0.285000	0.000000	4.621148	-0.008743	-0.013710	0.000000	11.372359	-0.519230	-0.539098	-258.811828	5.906031	10.242358
0.286000	0.000000	4.628921	-0.008986	-0.012274	0.000000	11.186039	-0.461604	-0.449152	-255.144901	8.689731	14.511345
0.287000	0.000000	4.638156	-0.009137	-0.009700	0.000000	11.043329	-0.432878	-0.314810	-249.587536	10.172511	20.877430
0.288000	0.000000	4.645947	-0.008162	-0.008649	0.000000	10.857297	-0.418723	-0.229657	-245.900999	10.835826	24.937956
0.289000	0.000000	4.652188	-0.005873	-0.009049	0.000000	10.622080	-0.341832	-0.217417	-242.773734	14.466713	25.530867
0.290000	0.000000	4.659765	-0.003011	-0.007958	0.000000	10.422895	-0.208895	-0.197437	-236.085305	20.799559	26.474090
0.291000	0.000000	4.668945	-0.000619	-0.005338	0.000000	10.301496	-0.115941	-0.117990	-227.247449	25.233632	30.248176
0.292000	0.000000	4.677178	6.820421E-5	-0.004207	0.000000	10.187478	-0.106856	-0.034986	-221.733281	25.667363	34.228017
0.293000	0.000000	4.683667	-0.000277	-0.004620	0.000000	9.999022	-0.103011	0.023547	-220.166930	25.850083	37.041511
0.294000	0.000000	4.689567	0.000892	-0.003538	0.000000	9.757276	-0.018703	0.107591	-217.301083	29.857665	40.942317
0.295000	0.000000	4.696051	0.003479	-0.000914	0.000000	9.554952	0.113912	0.201196	-210.382967	36.166553	45.304647
0.296000	0.000000	4.704155	0.004696	0.000208	0.000000	9.434049	0.201092	0.228088	-202.841342	40.345335	46.964802
0.297000	0.000000	4.713286	0.004358	-0.000206	0.000000	9.334829	0.222119	0.203515	-197.919693	41.371184	46.145933
0.298000	0.000000	4.721271	0.004985	0.000890	0.000000	9.198803	0.236896	0.224696	-193.590348	41.972139	45.691688
0.299000	0.000000	4.727711	0.007344	0.003514	0.000000	9.061833	0.279990	0.320872	-186.892081	43.932813	47.269323
0.300000	0.000000	4.734024	0.010309	0.004621	0.000000	8.955016	0.346835	0.408872	-179.655880	47.501229	49.995344
0.301000	0.000000	4.740720	0.012669	0.004208	0.000000	8.826363	0.436705	0.435165	-175.515182	52.118961	51.721933
0.302000	0.000000	4.747341	0.013290	0.005314	0.000000	8.656516	0.512850	0.458992	-173.846544	54.258616	51.880112
0.303000	0.000000	4.753904	0.012949	0.007935	0.000000	8.507631	0.540748	0.513845	-171.120709	52.610817	51.382007
0.304000	0.000000	4.760892	0.014191	0.009050	0.000000	8.411550	0.567810	0.541929	-165.285173	52.480055	50.964650
0.305000	0.000000	4.767725	0.016791	0.008651	0.000000	8.320647	0.622214	0.534602	-157.457910	55.449006	51.392378
0.306000	0.000000	4.772859	0.017865	0.009678	0.000000	8.177050	0.649289	0.559419	-152.157557	55.643737	52.310324
0.307000	0.000000	4.776924	0.017471	0.012250	0.000000	7.995611	0.642081	0.621493	-151.925151	52.556426	50.983074
0.308000	0.000000	4.782574	0.018515	0.013707	0.000000	7.857980	0.667307	0.657091	-151.683294	52.389774	46.280970
0.309000	0.000000	4.789599	0.021086	0.013485	0.000000	7.793370	0.729365	0.651869	-145.901267	54.670865	41.977437
0.310000	0.000000	4.795084	0.022533	0.013114	0.000000	7.719978	0.764738	0.642784	-138.195338	52.693833	40.961977
0.311000	0.000000	4.799109	0.022309	0.013174	0.000000	7.578112	0.759450	0.644203	-135.465854	46.111631	40.078106
0.312000	0.000000	4.804589	0.021940	0.013273	0.000000	7.434178	0.750417	0.646627	-136.538972	41.255131	36.410335
0.313000	0.000000	4.811583	0.022000	0.013257	0.000000	7.351371	0.751854	0.646244	-135.052722	40.890943	32.439531
0.314000	0.000000	4.817430	0.022099	0.013230	0.000000	7.282242	0.754264	0.645600	-129.370468	40.822616	29.621557
0.315000	0.000000	4.821617	0.022083	0.013235	0.000000	7.178181	0.753876	0.645692	-122.814038	36.789461	25.623893
0.316000	0.000000	4.825698	0.022056	0.013242	0.000000	7.061001	0.753234	0.645857	-118.759554	30.443908	21.174334
0.317000	0.000000	4.830194	0.022061	0.013240	0.000000	6.952651	0.753332	0.645874	-118.161828	26.297125	19.894588
0.318000	0.000000	4.834609	0.022068	0.013239	0.000000	6.845113	0.753498	0.645857	-118.557909	25.303771	21.063947
0.319000	0.000000	4.838966	0.022067	0.013239	0.000000	6.735801	0.753500	0.645695	-117.285807	24.600157	20.047541
0.320000	0.000000	4.843746	0.022065	0.013239	0.000000	6.636260	0.753473	0.645598	-115.503486	22.546806	15.463135
0.321000	0.000000	4.848341	0.022065	0.013239	0.000000	6.534876	0.753367	0.646235	-115.244749	19.358691	11.303000
0.322000	0.000000	4.851237	0.022066	0.013239	0.000000	6.391465	0.753310	0.646633	-115.947520	15.076396	10.069885
0.323000	0.000000	4.853112	0.022066	0.013239	0.000000	6.212700	0.753732	0.644238	-116.372187	11.470563	8.821230
0.324000	0.000000	4.856515	0.022065	0.013241	0.000000	6.074384	0.753986	0.642762	-115.868923	10.154173	6.138924
0.325000	0.000000	4.861285	0.022065	0.013241	0.000000	6.009878	0.752395	0.651740	-114.365314	8.789774	5.229115
0.326000	0.000000	4.864866	0.022067	0.013234	0.000000	5.944343	0.751451	0.657173	-113.157305	6.154112	5.836745
0.327000	0.000000	4.866833	0.022068	0.013231	0.000000	5.802735	0.757413	0.622068	-113.062617	5.148801	2.983264
0.328000	0.000000	4.868687	0.022060	0.013259	0.000000	5.622700	0.760890	0.559995	-112.995753	5.657585	-2.928449
0.329000	0.000000	4.870961	0.022057	0.013271	0.000000	5.488147	0.737052	0.534640	-112.849180	3.321210	-5.831001
0.330000	0.000000	4.873284	0.022086	0.013163	0.000000	5.392588	0.681925	0.541776	-114.322960	-2.259069	-5.242545
0.331000	0.000000	4.875484	0.022097	0.013122	0.000000	5.261428	0.612383	0.514142	-117.073816	-7.254997	-6.125799
0.332000	0.000000	4.877597	0.021989	0.013523	0.000000	5.089091	0.551412	0.460032	-118.524835	-9.906538	-8.770027
0.333000	0.000000	4.879785	0.021948	0.013675	0.000000	4.941648	0.533665	0.436150	-118.691889	-10.321504	-10.022697
0.334000	0.000000	4.882270	0.022351	0.012076	0.000000	4.843976	0.551924	0.407208	-119.399735	-9.520452	-11.382685
0.335000	0.000000	4.884578	0.022500	0.009527	0.000000	4.756371	0.527027	0.318648	-120.279606	-10.820823	-15.569141
0.336000	0.000000	4.885685	0.020894	0.008665	0.000000	4.625227	0.424747	0.233636	-121.569277	-15.672773	-19.621742
0.337000	0.000000	4.885529	0.018346	0.009054	0.000000	4.423746	0.332941	0.215768	-125.583567	-20.013933	-20.480415
0.338000	0.000000	4.884897	0.017492	0.007766	0.000000	4.185628	0.320342	0.194455	-131.763008	-20.618551	-21.496124
0.339000	0.000000	4.884818	0.017880	0.005154	0.000000	3.988940	0.314513	0.104006	-136.008249	-20.904069	-25.802472
0.340000	0.000000	4.886396	0.016584	0.004222	0.000000	3.870374	0.225385	0.017255	-136.448895	-25.148317	-29.925708
0.341000	0.000000	4.888890	0.013973	0.004626	0.000000	3.777211	0.089364	0.000126	-136.145211	-31.624202	-30.736759
0.342000	0.000000	4.890118	0.013048	0.003346	0.000000	3.643837	0.009255	-0.021028	-137.668534	-35.433905	-31.774438
0.343000	0.000000	4.889870	0.013452	0.000731	0.000000	3.476300	0.003973	-0.111788	-138.817371	-35.682697	-36.115274
0.344000	0.000000	4.889555	0.012164	-0.000194	0.000000	3.308564	-0.019135	-0.198248	-138.292170	-36.803177	-40.118369
0.345000	0.000000	4.889623	0.009550	0.000210	0.000000	3.139784	-0.113189	-0.215617	-139.742869	-41.294055	-40.875203
0.346000	0.000000	4.889702	0.008633	-0.001077	0.000000	2.975050	-0.198972	-0.237278	-144.515649	-45.303200	-42.334210
0.347000	0.000000	4.889682	0.009036	-0.003689	0.000000	2.849337	-0.215330	-0.326028	-147.381246	-46.037206	-46.819121
0.348000	0.000000	4.889679	0.007740	-0.004625	0.000000	2.750121	-0.237319	-0.411579	-145.362582	-47.368196	-49.221274
0.349000	0.000000	4.889690	0.005130	-0.004231	0.000000	2.612586	-0.326463	-0.437502	-143.338744	-51.778725	-47.499867
0.350000	0.000000	4.889622	0.004202	-0.005432	0.000000	2.439593	-0.411799	-0.461404	-145.169254	-54.707184	-47.430650
0.351000	0.000000	4.889600	0.004595	-0.008012	0.000000	2.305259	-0.437511	-0.515267	-147.015659	-53.306456	-50.335367
0.352000	0.000000	4.889874	0.003386	-0.009317	0.000000	2.213791	-0.461539	-0.548554	-145.125560	-51.139146	-50.604615
0.353000	0.000000	4.889951	0.000806	-0.009032	0.000000	2.082013	-0.515455	-0.544019	-143.194196	-50.803205	-47.811968
0.354000	0.000000	4.888805	-0.000492	-0.008694	0.000000	1.883465	-0.548590	-0.535389	-145.627793	-51.535967	-46.263798
0.355000	0.000000	4.886411	-0.000204	-0.008771	0.000000	1.682471	-0.543975	-0.536625	-150.547877	-52.185655	-44.944424
0.356000	0.000000	4.883570	0.000132	-0.008861	0.000000	1.511051	-0.535380	-0.538928	-154.539049	-50.590787	-40.836931
0.357000	0.000000	4.881317	5.413670E-5	-0.008841	0.000000	1.356551	-0.536637	-0.538592	-155.651220	-45.780189	-36.772734
0.358000	0.000000	4.880732	-3.542475E-5	-0.008817	0.000000	1.232631	-0.538930	-0.537977	-151.957874	-41.517687	-35.892638
0.359000	0.000000	4.881006	-1.437378E-5	-0.008822	0.000000	1.131623	-0.538589	-0.538068	-145.428773	-40.901456	-34.882057
0.360000	0.000000	4.879994	9.507581E-6	-0.008829	0.000000	1.000665	-0.537977	-0.538231	-142.298820	-40.594724	-30.582713
0.361000	0.000000	4.877520	3.816229E-6	-0.008827	0.000000	0.823737	-0.538069	-0.538210	-145.077940	-36.354932	-26.450703
0.362000	0.000000	4.874902	-2.552122E-6	-0.008825	0.000000	0.647845	-0.538232	-0.538168	-149.017410	-29.885528	-25.633042
0.363000	0.000000	4.872741	-1.013778E-6	-0.008826	0.000000	0.524476	-0.538210	-0.538161	-148.540981	-26.069765	-24.625396
0.364000	0.000000	4.871003	6.869156E-7	-0.008826	0.000000	0.436371	-0.538168	-0.538168	-144.758524	-25.816226	-20.303790
0.365000	0.000000	4.868860	2.717217E-7	-0.008826	0.000000	0.301090	-0.538161	-0.538216	-143.213039	-24.715559	-16.188923
0.366000	0.000000	4.865036	-1.919165E-7	-0.008826	0.000000	0.091487	-0.538168	-0.538232	-145.156973	-20.237055	-15.362638
0.367000	0.000000	4.860333	-8.186034E-8	-0.008826	0.000000	-0.110566	-0.538216	-0.538046	-146.934065	-16.154453	-14.322271
0.368000	0.000000	4.856969	7.994757E-8	-0.008826	0.000000	-0.240592	-0.538232	-0.537975	-147.139479	-15.376264	-10.092688
0.369000	0.000000	4.855042	5.788959E-8	-0.008826	0.000000	-0.332807	-0.538045	-0.538674	-146.806089	-14.320312	-6.052118
0.370000	0.000000	4.853124	-1.282064E-7	-0.008826	0.000000	-0.435063	-0.537975	-0.538937	-145.126137	-10.072004	-4.830249
0.371000	0.000000	4.850835	-1.496226E-7	-0.008826	0.000000	-0.547529	-0.538677	-0.536319	-142.243918	-6.041820	-3.567361
0.372000	0.000000	4.848574	4.349861E-7	-0.008828	0.000000	-0.656343	-0.538934	-0.535358	-141.028672	-4.829699	-0.956699
0.373000	0.000000	4.846389	5.381040E-7	-0.008828	0.000000	-0.761172	-0.536307	-0.545162	-141.664917	-3.560398	0.161528
0.374000	0.000000	4.844094	-1.619815E-6	-0.008820	0.000000	-0.870522	-0.535368	-0.548663	-140.596916	-0.948255	-0.221127
0.375000	0.000000	4.841860	-1.992786E-6	-0.008819	0.000000	-0.985625	-0.545205	-0.509619	-136.623340	0.161207	1.227149
0.376000	0.000000	4.840042	6.074414E-6	-0.008849	0.000000	-1.086240	-0.548623	-0.448204	-131.843350	-0.221359	4.210528
0.377000	0.000000	4.837899	7.395150E-6	-0.008854	0.000000	-1.165525	-0.509419	-0.427309	-127.455963	1.236224	5.315195
0.378000	0.000000	4.834061	-2.279009E-5	-0.008739	0.000000	-1.255315	-0.448024	-0.433980	-124.374577	4.219654	4.981490
0.379000	0.000000	4.829358	-2.744491E-5	-0.008721	0.000000	-1.354592	-0.427311	-0.402143	-123.201111	5.315225	6.468314
0.380000	0.000000	4.826025	8.550395E-5	-0.009152	0.000000	-1.433956	-0.434015	-0.348950	-122.170458	4.979674	9.005620
0.381000	0.000000	4.824114	0.000102	-0.009215	0.000000	-1.519094	-0.402014	-0.327717	-119.988523	6.474414	10.024508
0.382000	0.000000	4.822195	-0.000321	-0.007459	0.000000	-1.626711	-0.348633	-0.294755	-116.688006	9.020723	11.593105
0.383000	0.000000	4.819904	-0.000378	-0.004953	0.000000	-1.712532	-0.327473	-0.202420	-112.398912	10.036135	15.987969
0.384000	0.000000	4.817618	0.001349	-0.004275	0.000000	-1.762233	-0.295212	-0.122086	-108.890911	11.571332	19.813094
0.385000	0.000000	4.815430	0.003848	-0.004631	0.000000	-1.807935	-0.202840	-0.108237	-106.871696	15.967970	20.472883
0.386000	0.000000	4.813233	0.004653	-0.003161	0.000000	-1.863175	-0.119432	-0.082220	-103.060255	19.939487	21.714086
0.387000	0.000000	4.811016	0.004314	-0.000579	0.000000	-1.919174	-0.105360	0.012154	-95.745773	20.609883	26.208891
0.388000	0.000000	4.808829	0.005289	0.000197	0.000000	-1.972025	-0.091400	0.094792	-88.640927	21.276918	30.135126
0.389000	0.000000	4.806623	0.007815	-0.000174	0.000000	-2.025751	0.001826	0.108562	-85.007571	25.717073	30.787473
0.390000	0.000000	4.804306	0.010619	0.001156	0.000000	-2.082537	0.133874	0.131396	-83.320476	31.996146	31.908071
0.391000	0.000000	4.802085	0.012770	0.003727	0.000000	-2.135061	0.208969	0.223406	-80.952285	35.568772	36.302038
0.392000	0.000000	4.800281	0.013655	0.005001	0.000000	-2.178508	0.220976	0.317404	-77.665662	36.173941	40.653467
0.393000	0.000000	4.798106	0.013443	0.004675	0.000000	-2.238237	0.245278	0.341277	-75.328252	37.343433	41.744501
0.394000	0.000000	4.794218	0.012842	0.003964	0.000000	-2.334961	0.293550	0.316963	-74.942316	39.517033	41.053584
0.395000	0.000000	4.789525	0.012870	0.004022	0.000000	-2.421457	0.325901	0.310162	-73.854046	41.012817	40.896388
0.396000	0.000000	4.786247	0.014578	0.005787	0.000000	-2.443046	0.360537	0.355084	-69.401001	43.130567	41.176350
0.397000	0.000000	4.784352	0.017041	0.008244	0.000000	-2.419947	0.412425	0.417206	-63.509874	45.764178	41.210000
0.398000	0.000000	4.782414	0.018201	0.009286	0.000000	-2.412270	0.442596	0.442116	-59.368841	45.334035	41.401186
0.399000	0.000000	4.780118	0.017893	0.008975	0.000000	-2.453994	0.437291	0.433937	-57.079926	42.157844	41.329410
0.400000	0.000000	4.777862	0.017209	0.008703	0.000000	-2.515695	0.420087	0.427440	-55.290622	40.352256	39.503923
0.401000	0.000000	4.775676	0.017273	0.008787	0.000000	-2.544324	0.421068	0.429644	-52.874669	40.718260	37.075899
0.402000	0.000000	4.773378	0.019048	0.008859	0.000000	-2.540041	0.464492	0.431375	-48.616518	41.262162	36.147209
0.403000	0.000000	4.771157	0.021503	0.008837	0.000000	-2.530365	0.524514	0.430781	-43.031172	41.578462	34.549305
0.404000	0.000000	4.769345	0.022527	0.008817	0.000000	-2.521842	0.549472	0.430320	-38.538561	41.759258	30.130479
0.405000	0.000000	4.767149	0.022209	0.008823	0.000000	-2.533021	0.541673	0.430480	-36.704186	39.851660	26.312678
0.406000	0.000000	4.763259	0.021941	0.008829	0.000000	-2.575637	0.535150	0.430603	-36.557246	35.142397	25.659034
0.407000	0.000000	4.758574	0.022027	0.008827	0.000000	-2.596624	0.537253	0.430559	-34.926138	31.270716	24.418016
0.408000	0.000000	4.755213	0.022099	0.008825	0.000000	-2.563896	0.538991	0.430526	-30.701030	30.683365	19.922439
0.409000	0.000000	4.753330	0.022075	0.008826	0.000000	-2.527778	0.538423	0.430541	-26.464437	29.991578	15.988071
0.410000	0.000000	4.751836	0.022056	0.008826	0.000000	-2.517211	0.537960	0.430551	-23.402874	25.530163	15.332771
0.411000	0.000000	4.749538	0.022063	0.008826	0.000000	-2.526465	0.538116	0.430533	-21.139405	19.249648	14.244633
0.412000	0.000000	4.745407	0.022068	0.008826	0.000000	-2.571427	0.538239	0.430528	-20.779344	15.679548	9.862978
0.413000	0.000000	4.740751	0.022066	0.008826	0.000000	-2.629816	0.538184	0.430583	-21.490840	15.105151	5.389457
0.414000	0.000000	4.737989	0.022065	0.008826	0.000000	-2.643903	0.538153	0.430592	-19.317447	13.946430	4.253122
0.415000	0.000000	4.736100	0.022065	0.008826	0.000000	-2.634005	0.538216	0.430391	-14.240188	11.650763	5.401351
0.416000	0.000000	4.732316	0.022065	0.008826	0.000000	-2.671801	0.538219	0.430360	-11.921107	10.110398	5.723734
0.417000	0.000000	4.727553	0.022065	0.008826	0.000000	-2.743644	0.538020	0.431111	-14.314159	8.451555	3.620326
0.418000	0.000000	4.724612	0.022067	0.008826	0.000000	-2.763088	0.538042	0.431220	-16.340066	5.981766	0.667329
0.419000	0.000000	4.722752	0.022067	0.008826	0.000000	-2.714856	0.538777	0.428411	-14.408865	4.580056	-0.652641
0.420000	0.000000	4.719370	0.022058	0.008828	0.000000	-2.682649	0.538680	0.428029	-10.888359	4.828070	-0.281344
0.421000	0.000000	4.714585	0.022059	0.008828	0.000000	-2.718067	0.535935	0.438542	-9.636735	5.516568	0.528654
0.422000	0.000000	4.709989	0.022091	0.008820	0.000000	-2.783530	0.536323	0.439869	-11.390744	5.488349	0.486922
0.423000	0.000000	4.705661	0.022089	0.008820	0.000000	-2.842279	0.546589	0.397046	-14.392296	3.909392	-1.634695
0.424000	0.000000	4.700925	0.021969	0.008850	0.000000	-2.901930	0.545037	0.336659	-17.693556	0.977284	-4.481962
0.425000	0.000000	4.696503	0.021976	0.008848	0.000000	-2.954033	0.503111	0.320061	-20.580511	-2.207662	-5.250397
0.426000	0.000000	4.693721	0.022428	0.008737	0.000000	-2.968495	0.453177	0.326059	-20.736881	-4.214113	-4.972420
0.427000	0.000000	4.691775	0.022395	0.008745	0.000000	-2.962374	0.432726	0.290390	-18.416052	-4.877321	-6.676793
0.428000	0.000000	4.688751	0.020505	0.009160	0.000000	-2.982050	0.394920	0.237537	-18.353645	-6.777753	-9.191521
0.429000	0.000000	4.683946	0.018057	0.009126	0.000000	-3.045916	0.311429	0.217760	-22.953340	-10.836283	-10.131704
0.430000	0.000000	4.677477	0.017512	0.007371	0.000000	-3.149899	0.236510	0.184026	-29.624813	-14.376809	-11.738834
0.431000	0.000000	4.670697	0.017824	0.004913	0.000000	-3.258758	0.175734	0.091632	-35.311759	-17.248871	-16.138976
0.432000	0.000000	4.665424	0.016318	0.003848	0.000000	-3.333198	0.086556	0.002943	-38.415856	-21.502876	-20.361434
0.433000	0.000000	4.661326	0.013767	0.004211	0.000000	-3.389141	0.002738	-0.019278	-38.938783	-25.500072	-21.419339
0.434000	0.000000	4.657015	0.012631	0.004878	0.000000	-3.441239	-0.019789	0.004951	-38.639180	-26.570165	-20.268188
0.435000	0.000000	4.652521	0.013023	0.004737	0.000000	-3.456029	0.004434	0.018872	-38.672689	-25.415199	-19.605713
0.436000	0.000000	4.648497	0.013747	0.002899	0.000000	-3.439717	0.021375	-0.027385	-38.367247	-24.611497	-21.798893
0.437000	0.000000	4.644045	0.013590	0.000471	0.000000	-3.468339	-0.024111	-0.129645	-37.930418	-26.777608	-26.666922
0.438000	0.000000	4.637712	0.011597	-0.000559	0.000000	-3.576587	-0.132797	-0.214712	-39.663955	-31.943642	-30.753466
0.439000	0.000000	4.630853	0.009191	-0.000194	0.000000	-3.696597	-0.219742	-0.231232	-44.452811	-36.084919	-31.545350
0.440000	0.000000	4.625953	0.008710	0.000474	0.000000	-3.760125	-0.223998	-0.207338	-49.774695	-36.322592	-30.273738
0.441000	0.000000	4.621830	0.009001	0.000320	0.000000	-3.805671	-0.200195	-0.204456	-53.477242	-35.184549	-30.118310
0.442000	0.000000	4.615743	0.007421	-0.001563	0.000000	-3.900817	-0.240293	-0.252435	-56.321455	-36.963227	-32.903642
0.443000	0.000000	4.608795	0.004883	-0.003982	0.000000	-4.014218	-0.345496	-0.313196	-58.604187	-41.991412	-35.860247
0.444000	0.000000	4.603741	0.003904	-0.004880	0.000000	-4.083326	-0.429231	-0.334541	-59.097464	-46.467592	-34.837499
0.445000	0.000000	4.599654	0.004292	-0.004524	0.000000	-4.138823	-0.444773	-0.325406	-58.899651	-47.133840	-31.526921
0.446000	0.000000	4.593969	0.004549	-0.004288	0.000000	-4.223916	-0.430727	-0.319790	-60.470632	-44.468469	-30.469102
0.447000	0.000000	4.586952	0.004445	-0.004384	0.000000	-4.300167	-0.426739	-0.322248	-63.412952	-41.900726	-30.871766
0.448000	0.000000	4.580180	0.004377	-0.004447	0.000000	-4.351088	-0.430504	-0.323742	-66.129238	-41.106212	-29.244392
0.449000	0.000000	4.573634	0.004405	-0.004421	0.000000	-4.428763	-0.431559	-0.323081	-68.891064	-39.356175	-26.696069
0.450000	0.000000	4.566639	0.004423	-0.004404	0.000000	-4.553444	-0.430550	-0.322683	-71.787067	-35.332320	-25.735392
0.451000	0.000000	4.560061	0.004415	-0.004411	0.000000	-4.677447	-0.430271	-0.322861	-72.740368	-31.751467	-24.137467
0.452000	0.000000	4.555268	0.004410	-0.004415	0.000000	-4.738314	-0.430542	-0.322967	-70.455042	-28.870254	-19.742809
0.453000	0.000000	4.551077	0.004412	-0.004414	0.000000	-4.739754	-0.430614	-0.322919	-66.978877	-24.627172	-15.517252
0.454000	0.000000	4.545303	0.004414	-0.004412	0.000000	-4.767031	-0.430542	-0.322891	-65.613793	-20.632376	-14.457778
0.455000	0.000000	4.538306	0.004413	-0.004413	0.000000	-4.870319	-0.430526	-0.322903	-68.051454	-19.558914	-15.612089
0.456000	0.000000	4.531558	0.004413	-0.004413	0.000000	-4.988836	-0.430546	-0.322911	-72.990809	-20.713308	-16.275371
0.457000	0.000000	4.525002	0.004413	-0.004413	0.000000	-5.056436	-0.430536	-0.322911	-76.986644	-21.519568	-14.072636
0.458000	0.000000	4.518000	0.004413	-0.004413	0.000000	-5.111040	-0.430531	-0.322909	-78.223855	-19.353362	-9.203017
0.459000	0.000000	4.511440	0.004413	-0.004413	0.000000	-5.199308	-0.430586	-0.322896	-77.272440	-14.180451	-5.151618
0.460000	0.000000	4.506664	0.004413	-0.004413	0.000000	-5.270447	-0.430585	-0.322897	-74.945241	-10.040180	-4.364994
0.461000	0.000000	4.502466	0.004413	-0.004413	0.000000	-5.290342	-0.430375	-0.322948	-72.867459	-9.827499	-5.505265
0.462000	0.000000	4.496695	0.004413	-0.004413	0.000000	-5.314391	-0.430385	-0.322945	-71.843800	-10.961392	-5.642352
0.463000	0.000000	4.489686	0.004413	-0.004413	0.000000	-5.373246	-0.431172	-0.322752	-70.115645	-9.089463	-3.348424
0.464000	0.000000	4.482836	0.004413	-0.004413	0.000000	-5.434768	-0.431128	-0.322766	-67.645267	-4.077718	-0.455741
0.465000	0.000000	4.476305	0.004413	-0.004413	0.000000	-5.478532	-0.428184	-0.323489	-66.438372	0.049855	0.526326
0.466000	0.000000	4.469704	0.004413	-0.004413	0.000000	-5.531668	-0.428375	-0.323428	-66.325974	0.780893	0.094198
0.467000	0.000000	4.463054	0.004413	-0.004413	0.000000	-5.626029	-0.439386	-0.320727	-66.767285	-0.412326	-0.044622
0.468000	0.000000	4.456522	0.004414	-0.004415	0.000000	-5.737883	-0.438567	-0.320980	-68.462665	-0.563263	0.060395
0.469000	0.000000	4.449867	0.004413	-0.004414	0.000000	-5.826443	-0.392486	-0.331079	-70.254993	1.810406	-0.349354
0.470000	0.000000	4.442813	0.004411	-0.004406	0.000000	-5.881293	-0.332837	-0.330038	-69.168096	4.701083	-0.331289
0.471000	0.000000	4.436302	0.004412	-0.004408	0.000000	-5.882324	-0.319523	-0.287302	-63.279967	5.287022	1.684845
0.472000	0.000000	4.431538	0.004420	-0.004440	0.000000	-5.833133	-0.326917	-0.228122	-55.032659	4.921609	4.511403
0.473000	0.000000	4.427331	0.004418	-0.004431	0.000000	-5.807146	-0.290261	-0.201920	-50.896779	6.680031	5.764161
0.474000	0.000000	4.421651	0.004387	-0.004313	0.000000	-5.845738	-0.228797	-0.207889	-52.665910	9.610372	5.477640
0.475000	0.000000	4.414594	0.004396	-0.004348	0.000000	-5.912717	-0.200854	-0.225043	-54.556495	10.937531	4.659454
0.476000	0.000000	4.407257	0.004511	-0.004789	0.000000	-5.982043	-0.207606	-0.232360	-52.939237	10.615266	4.311571
0.477000	0.000000	4.400884	0.004475	-0.004651	0.000000	-6.039336	-0.226128	-0.184160	-50.023805	9.734190	6.607161
0.478000	0.000000	4.396421	0.004044	-0.002723	0.000000	-6.039599	-0.232810	-0.077921	-46.817281	9.415545	11.666168
0.479000	0.000000	4.392106	0.004184	-0.000321	0.000000	-5.990405	-0.180803	0.005807	-41.874490	11.891793	15.653137
0.480000	0.000000	4.385547	0.006078	0.000448	0.000000	-5.983083	-0.075940	0.015661	-37.322620	16.887930	16.121752
0.481000	0.000000	4.378771	0.008490	6.792934E-5	0.000000	-6.028820	-0.005346	-0.009903	-36.112969	20.249485	14.904498
0.482000	0.000000	4.375173	0.009400	-2.577574E-5	0.000000	-6.016024	0.009732	-0.008436	-34.556324	20.957480	14.976808
0.483000	0.000000	4.373658	0.008969	3.869880E-5	0.000000	-5.904509	0.037744	0.039068	-28.100869	22.291819	17.238724
0.484000	0.000000	4.371268	0.008327	-0.000346	0.000000	-5.793336	0.083999	0.088686	-20.004297	24.531925	19.592286
0.485000	0.000000	4.365983	0.008585	-0.000218	0.000000	-5.798972	0.114157	0.113692	-17.343025	25.965988	20.783717
0.486000	0.000000	4.356887	0.010550	0.001708	0.000000	-5.921127	0.152634	0.152002	-21.075945	27.657999	22.642404
0.487000	0.000000	4.348004	0.012928	0.004110	0.000000	-5.999151	0.204349	0.204836	-22.261076	30.129706	25.155424
0.488000	0.000000	4.344367	0.013807	0.004890	0.000000	-5.916694	0.228327	0.226175	-13.841212	31.795856	26.042958
0.489000	0.000000	4.342976	0.013374	0.004492	0.000000	-5.785451	0.219456	0.218006	-2.265134	31.334420	25.665968
0.490000	0.000000	4.338228	0.012731	0.004285	0.000000	-5.741611	0.203083	0.212348	4.039606	28.360391	25.877473
0.491000	0.000000	4.330640	0.013005	0.004392	0.000000	-5.756069	0.209313	0.214549	5.963041	25.816678	25.932705
0.492000	0.000000	4.323113	0.015015	0.004447	0.000000	-5.779207	0.258531	0.216055	4.910314	27.526369	23.969354
0.493000	0.000000	4.316896	0.017374	0.004418	0.000000	-5.813932	0.316191	0.215462	0.914344	30.624230	21.123043
0.494000	0.000000	4.312298	0.018117	0.004404	0.000000	-5.823886	0.334248	0.215061	-0.797123	29.738506	19.856231
0.495000	0.000000	4.308008	0.017724	0.004412	0.000000	-5.787691	0.324649	0.215221	2.764127	26.354571	20.148086
0.496000	0.000000	4.302298	0.017528	0.004416	0.000000	-5.756290	0.319870	0.215328	7.448915	24.796376	20.970013
0.497000	0.000000	4.295200	0.017633	0.004413	0.000000	-5.764817	0.322450	0.215285	10.344093	25.240761	21.316416
0.498000	0.000000	4.287617	0.017686	0.004412	0.000000	-5.789875	0.323720	0.215256	11.879107	26.183244	19.019832
0.499000	0.000000	4.281413	0.017657	0.004413	0.000000	-5.770429	0.323027	0.215268	12.817627	26.468396	13.961383
0.500000	0.000000	4.278321	0.017643	0.004413	0.000000	-5.685829	0.322689	0.215275	14.503596	23.975845	9.974673
0.501000	0.000000	4.276619	0.017651	0.004413	0.000000	-5.610852	0.322876	0.215273	17.725304	18.991196	9.505309
0.502000	0.000000	4.273506	0.017655	0.004413	0.000000	-5.584386	0.322965	0.215270	21.163516	15.633883	10.722526
0.503000	0.000000	4.268409	0.017653	0.004413	0.000000	-5.567935	0.322915	0.215270	21.337597	14.913506	10.652654
0.504000	0.000000	4.261804	0.017652	0.004413	0.000000	-5.558097	0.322892	0.215271	16.495808	13.578468	8.390608
0.505000	0.000000	4.255126	0.017652	0.004413	0.000000	-5.553888	0.322904	0.215275	11.402298	11.376449	6.028027
0.506000	0.000000	4.249920	0.017652	0.004413	0.000000	-5.521585	0.322911	0.215274	13.208915	9.940641	4.837231
0.507000	0.000000	4.245931	0.017652	0.004413	0.000000	-5.457874	0.322911	0.215259	22.059669	8.108411	3.012240
0.508000	0.000000	4.242163	0.017652	0.004413	0.000000	-5.387582	0.322907	0.215263	29.122345	5.645622	0.496515
0.509000	0.000000	4.237416	0.017652	0.004413	0.000000	-5.344052	0.322894	0.215318	27.268681	4.503200	-0.517010
0.510000	0.000000	4.230823	0.017652	0.004413	0.000000	-5.342550	0.322903	0.215303	21.090536	4.926049	-0.128706
0.511000	0.000000	4.224126	0.017652	0.004413	0.000000	-5.333835	0.322954	0.215097	19.417929	5.708184	0.130874
0.512000	0.000000	4.219475	0.017652	0.004413	0.000000	-5.288465	0.322924	0.215155	22.266847	5.410016	0.028875
0.513000	0.000000	4.215231	0.017652	0.004413	0.000000	-5.275785	0.322730	0.215926	23.972450	3.057084	-0.006160
0.514000	0.000000	4.208934	0.017654	0.004413	0.000000	-5.326741	0.322846	0.215699	23.199579	0.316861	0.011280
0.515000	0.000000	4.202071	0.017653	0.004413	0.000000	-5.355594	0.323570	0.212821	22.299605	-0.508465	-0.106685
0.516000	0.000000	4.197082	0.017645	0.004413	0.000000	-5.305172	0.323131	0.213695	22.977123	-0.072322	-0.072643
0.517000	0.000000	4.193017	0.017649	0.004413	0.000000	-5.225372	0.320427	0.224450	25.281794	0.026500	0.434383
0.518000	0.000000	4.187807	0.017681	0.004413	0.000000	-5.197001	0.322095	0.221076	27.038893	-0.016913	0.275793
0.519000	0.000000	4.180369	0.017664	0.004413	0.000000	-5.269568	0.332190	0.174057	24.776537	0.403326	-1.961889
0.520000	0.000000	4.170618	0.017544	0.004413	0.000000	-5.402129	0.325855	0.115472	17.538096	0.134663	-4.752200
0.521000	0.000000	4.162241	0.017609	0.004413	0.000000	-5.446478	0.281243	0.096717	11.397653	-1.973651	-5.645616
0.522000	0.000000	4.159069	0.018058	0.004413	0.000000	-5.358599	0.233358	0.105965	12.012053	-4.262746	-5.205107
0.523000	0.000000	4.157507	0.017812	0.004413	0.000000	-5.308905	0.205156	0.108259	13.118120	-5.609966	-5.095782
0.524000	0.000000	4.152337	0.015764	0.004415	0.000000	-5.398070	0.165737	0.106743	8.088812	-7.484705	-5.167977
0.525000	0.000000	4.144787	0.013427	0.004414	0.000000	-5.523942	0.124395	0.116086	1.626465	-9.452221	-4.723076
0.526000	0.000000	4.137880	0.012801	0.004405	0.000000	-5.563482	0.102835	0.112769	-0.456856	-10.479460	-4.881228
0.527000	0.000000	4.131433	0.013201	0.004410	0.000000	-5.498886	0.064661	0.065914	1.080897	-12.297589	-7.112361
0.528000	0.000000	4.124460	0.013255	0.004442	0.000000	-5.452284	0.007985	0.008099	0.266155	-14.996456	-9.864766
0.529000	0.000000	4.118021	0.013213	0.004424	0.000000	-5.520634	-0.014489	-0.011363	-6.335806	-16.066468	-10.791702
0.530000	0.000000	4.113416	0.013614	0.004304	0.000000	-5.599025	0.005856	-0.004586	-12.141597	-15.097065	-10.471635
0.531000	0.000000	4.109137	0.013379	0.004375	0.000000	-5.587584	0.015817	0.002174	-11.668296	-14.623122	-10.148988
0.532000	0.000000	4.103156	0.011332	0.004823	0.000000	-5.548389	-0.040786	0.010494	-10.216864	-17.320988	-9.742999
0.533000	0.000000	4.096098	0.008995	0.004553	0.000000	-5.536965	-0.146829	0.002575	-11.833335	-22.369170	-10.122849
0.534000	0.000000	4.089287	0.008360	0.002489	0.000000	-5.551454	-0.219856	-0.047054	-13.127068	-25.837439	-12.522824
0.535000	0.000000	4.082776	0.008783	0.000163	0.000000	-5.598094	-0.227645	-0.103442	-12.921573	-26.213857	-15.197179
0.536000	0.000000	4.076223	0.008943	-0.000465	0.000000	-5.653288	-0.214168	-0.118946	-14.175880	-25.606583	-15.798434
0.537000	0.000000	4.069541	0.008835	-4.199093E-5	0.000000	-5.676998	-0.212024	-0.108720	-17.706026	-25.483567	-15.353098
0.538000	0.000000	4.062779	0.008822	0.000124	0.000000	-5.668813	-0.214904	-0.104608	-21.116207	-25.491951	-15.669425
0.539000	0.000000	4.056233	0.008832	1.086407E-5	0.000000	-5.643529	-0.215930	-0.107355	-21.263240	-25.620255	-15.639572
0.540000	0.000000	4.050053	0.008724	-3.332079E-5	0.000000	-5.642915	-0.217880	-0.108446	-17.778445	-26.193821	-13.452505
0.541000	0.000000	4.043131	0.008794	-2.807620E-6	0.000000	-5.736359	-0.215848	-0.107708	-15.915696	-25.795364	-10.627619
0.542000	0.000000	4.034419	0.009239	8.917813E-6	0.000000	-5.907318	-0.205170	-0.107419	-21.944723	-23.162487	-9.720772
0.543000	0.000000	4.025474	0.008946	7.247014E-7	0.000000	-6.049568	-0.212398	-0.107617	-32.903311	-21.226460	-10.170577
0.544000	0.000000	4.018231	0.006860	-2.386657E-6	0.000000	-6.101922	-0.263244	-0.107694	-37.762707	-22.304742	-10.283464
0.545000	0.000000	4.012032	0.004549	-1.868173E-7	0.000000	-6.091987	-0.319581	-0.107641	-33.043692	-23.110383	-10.208726
0.546000	0.000000	4.005594	0.003950	6.387197E-7	0.000000	-6.086158	-0.334188	-0.107620	-26.772221	-21.837272	-10.652694
0.547000	0.000000	3.998827	0.004378	4.809177E-8	0.000000	-6.124224	-0.323761	-0.107634	-26.702015	-20.314110	-10.495399
0.548000	0.000000	3.992033	0.004537	-1.709306E-7	0.000000	-6.192633	-0.319888	-0.107640	-33.035571	-18.311892	-8.264468
0.549000	0.000000	3.985517	0.004422	-1.236161E-8	0.000000	-6.259677	-0.322687	-0.107636	-38.447273	-15.746284	-5.511181
0.550000	0.000000	3.979346	0.004380	4.574327E-8	0.000000	-6.294386	-0.323714	-0.107635	-36.845357	-14.725035	-4.584365
0.551000	0.000000	3.972392	0.004411	3.172547E-9	0.000000	-6.303192	-0.322967	-0.107636	-33.531728	-15.658229	-4.907106
0.552000	0.000000	3.963652	0.004422	-1.224474E-8	0.000000	-6.353028	-0.322693	-0.107636	-36.449720	-16.119517	-5.229050
0.553000	0.000000	3.954727	0.004414	-8.136401E-10	0.000000	-6.457277	-0.322879	-0.107636	-43.280414	-13.432991	-5.625212
0.554000	0.000000	3.947522	0.004411	3.290981E-9	0.000000	-6.529481	-0.322958	-0.107636	-47.262646	-8.387101	-5.248146
0.555000	0.000000	3.941322	0.004413	2.113177E-10	0.000000	-6.527126	-0.322961	-0.107636	-46.460562	-4.909744	-2.884849
0.556000	0.000000	3.934843	0.004414	-9.343980E-10	0.000000	-6.517750	-0.322917	-0.107636	-43.793181	-4.536754	-0.199713
0.557000	0.000000	3.928097	0.004413	-6.564709E-11	0.000000	-6.560601	-0.322718	-0.107636	-43.205395	-5.169035	0.538583
0.558000	0.000000	3.921426	0.004413	4.512231E-10	0.000000	-6.624156	-0.322817	-0.107636	-45.102729	-5.275835	0.051612
0.559000	0.000000	3.914827	0.004413	5.852558E-11	0.000000	-6.658050	-0.323611	-0.107635	-47.106541	-5.176491	-0.144117
0.560000	0.000000	3.908207	0.004411	-8.734589E-10	0.000000	-6.638097	-0.323252	-0.107635	-47.360405	-5.110527	-0.013362
0.561000	0.000000	3.901568	0.004413	-1.635527E-10	0.000000	-6.562207	-0.320273	-0.107639	-43.775823	-4.875865	0.038413
0.562000	0.000000	3.894934	0.004421	3.049736E-9	0.000000	-6.519680	-0.321641	-0.107637	-37.301010	-5.037768	0.003399
0.563000	0.000000	3.888306	0.004415	5.686982E-10	0.000000	-6.603967	-0.332767	-0.107622	-33.173784	-6.076085	-0.009679
0.564000	0.000000	3.881676	0.004382	-1.135080E-8	0.000000	-6.727593	-0.327545	-0.107631	-32.286889	-5.483180	-0.000655
0.565000	0.000000	3.875045	0.004408	-2.007609E-9	0.000000	-6.763224	-0.276984	-0.107687	-31.490568	-0.654328	0.000338
0.566000	0.000000	3.868414	0.004528	4.244680E-8	0.000000	-6.740803	-0.217034	-0.107654	-30.895995	4.883186	-0.000646
0.567000	0.000000	3.861783	0.004432	7.071981E-9	0.000000	-6.734068	-0.204110	-0.107445	-30.852839	6.194187	0.008342
0.568000	0.000000	3.855154	0.003982	-1.587816E-7	0.000000	-6.738519	-0.224852	-0.107569	-29.252146	4.709972	0.003132
0.569000	0.000000	3.848522	0.004346	-2.481659E-8	0.000000	-6.730185	-0.217305	-0.108349	-25.597734	4.884900	-0.033793
0.570000	0.000000	3.841888	0.006502	5.939567E-7	0.000000	-6.734964	-0.163682	-0.107879	-22.632720	7.571632	-0.011581
0.571000	0.000000	3.835260	0.008759	8.669809E-8	0.000000	-6.784287	-0.118413	-0.104964	-23.328600	9.776244	0.127159
0.572000	0.000000	3.828644	0.009249	-2.221767E-6	0.000000	-6.841297	-0.100738	-0.106752	-25.624049	10.582334	0.042094
0.573000	0.000000	3.822001	0.008839	-3.013379E-7	0.000000	-6.857425	-0.060821	-0.117633	-24.018905	12.470059	-0.476066
0.574000	0.000000	3.815319	0.008820	8.310572E-6	0.000000	-6.848262	-0.004261	-0.110842	-18.618301	15.172309	-0.152679
0.575000	0.000000	3.808732	0.008836	1.041163E-6	0.000000	-6.842798	0.011617	-0.060689	-14.919883	15.932124	2.235569
0.576000	0.000000	3.802295	0.008426	-3.108507E-5	0.000000	-6.841002	-0.008719	-0.004729	-14.946499	14.963876	4.900318
0.577000	0.000000	3.795499	0.008777	-3.572360E-6	0.000000	-6.846936	-0.004051	0.011258	-15.675520	15.184105	5.661605
0.578000	0.000000	3.788147	0.010932	0.000116	0.000000	-6.863290	0.051160	0.003860	-14.413762	17.803739	5.309329
0.579000	0.000000	3.782143	0.013191	1.215586E-5	0.000000	-6.844785	0.106552	-0.002740	-10.506148	20.446158	4.995035
0.580000	0.000000	3.778703	0.013693	-0.000435	0.000000	-6.769007	0.118542	-0.010872	-5.283642	21.054868	4.607768
0.581000	0.000000	3.773418	0.013251	-4.094959E-5	0.000000	-6.747195	0.110407	-0.000186	-5.195131	20.650386	5.116630
0.582000	0.000000	3.762456	0.013118	0.002132	0.000000	-6.845730	0.105471	0.052080	-13.501068	20.273561	7.605664
0.583000	0.000000	3.751328	0.013236	0.004375	0.000000	-6.904659	0.097498	0.106486	-18.332356	19.959021	10.196332
0.584000	0.000000	3.745886	0.013272	0.004863	0.000000	-6.819218	0.105495	0.118583	-10.250030	20.869644	10.771661
0.585000	0.000000	3.742387	0.013240	0.004422	0.000000	-6.727899	0.155615	0.107912	-0.014604	23.007611	10.263925
0.586000	0.000000	3.736094	0.013231	0.004293	0.000000	-6.730204	0.211750	0.104707	1.572384	23.273054	10.113999
0.587000	0.000000	3.729156	0.013239	0.004411	0.000000	-6.742391	0.226551	0.107570	-0.075629	21.123106	10.248776
0.588000	0.000000	3.724472	0.013242	0.004445	0.000000	-6.691571	0.216178	0.108419	2.023678	20.013687	10.279235
0.589000	0.000000	3.720294	0.013239	0.004414	0.000000	-6.627788	0.212253	0.107651	5.272924	20.814489	10.248553
0.590000	0.000000	3.714314	0.013239	0.004404	0.000000	-6.614693	0.215038	0.107426	5.499643	20.587770	10.275030
0.591000	0.000000	3.707072	0.013239	0.004413	0.000000	-6.640832	0.216079	0.107632	4.482464	18.083878	10.262447
0.592000	0.000000	3.699834	0.013239	0.004415	0.000000	-6.647752	0.215331	0.107692	6.501631	15.892605	10.126474
0.593000	0.000000	3.693784	0.013239	0.004413	0.000000	-6.582144	0.215055	0.107636	12.340613	15.037779	10.208955
0.594000	0.000000	3.689474	0.013239	0.004412	0.000000	-6.469582	0.215256	0.107621	18.468713	13.146546	10.726382
0.595000	0.000000	3.684944	0.013239	0.004413	0.000000	-6.404349	0.215328	0.107636	21.138684	10.456613	10.403690
0.596000	0.000000	3.678441	0.013239	0.004413	0.000000	-6.411741	0.215275	0.107640	20.526557	9.698016	8.015639
0.597000	0.000000	3.671688	0.013239	0.004413	0.000000	-6.418423	0.215260	0.107636	20.122811	10.665676	5.350697
0.598000	0.000000	3.666671	0.013239	0.004413	0.000000	-6.376246	0.215271	0.107634	22.413821	10.443915	4.589346
0.599000	0.000000	3.662842	0.013239	0.004413	0.000000	-6.306936	0.215261	0.107636	26.493068	7.814325	4.941699
