LabVIEW Measurement	
Writer_Version	2
Reader_Version	2
Separator	Tab
Decimal_Separator	.
Multi_Headings	No
X_Columns	One
Time_Pref	Relative
Operator	MSE_SETUP10
Date	2025/02/17
Time	12:21:20.1482253074645996094
***End_of_Header***	
	
Channels	11											
Samples	600	600	600	600	600	600	600	600	600	600	600	
Date	1903/12/31	1903/12/31	1903/12/31	1903/12/31	1903/12/31	1903/12/31	1903/12/31	1903/12/31	1903/12/31	1903/12/31	1903/12/31	
Time	18:00:00	18:00:00	18:00:00	18:00:00	18:00:00	18:00:00	18:00:00	18:00:00	18:00:00	18:00:00	18:00:00	
X_Dimension	Time	Time	Time	Time	Time	Time	Time	Time	Time	Time	Time	
X0	0.0000000000000000E+0	0.0000000000000000E+0	0.0000000000000000E+0	0.0000000000000000E+0	0.0000000000000000E+0	0.0000000000000000E+0	0.0000000000000000E+0	0.0000000000000000E+0	0.0000000000000000E+0	0.0000000000000000E+0	0.0000000000000000E+0	
Delta_X	0.001000	0.001000	0.001000	0.001000	0.001000	0.001000	0.001000	0.001000	0.001000	0.001000	0.001000	
***End_of_Header***												
X_Value	Input Trajectory	Displacement 1	Displacement 2	Displacement 3	Control Effort	Velocity 1	Velocity 2	Velocity 3	Acceleration 1	Acceleration 2	Acceleration 3	Comment
0.000000	0.000000	0.000000	0.000000	0.000000	0.000000	-47.364737	-0.107625	5.708770E-8	-2059.801986	-15.380831	-5.139701
0.001000	0.000000	1.909410E-34	1.012194E-37	-3.777526E-37	0.000000	-47.308897	-0.107836	-1.027824E-6	-2060.194561	-15.244072	-4.985108
0.002000	0.000000	-1.703389E-36	-9.029807E-40	3.369940E-39	0.000000	-47.256647	-0.107675	-2.030107E-7	-2062.503554	-15.377523	-5.122124
0.003000	0.000000	-5.740844E-34	-3.043270E-37	1.135754E-36	0.000000	-47.161463	-0.106886	3.845238E-6	-2063.060053	-15.378795	-5.162894
0.004000	0.000000	1.196174E-35	6.341018E-39	-2.366479E-38	0.000000	-47.043689	-0.107495	7.199087E-7	-2060.901816	-15.369969	-5.126274
0.005000	0.000000	2.109130E-33	1.118068E-36	-4.172648E-36	0.000000	-46.935388	-0.110441	-1.438511E-5	-2058.339815	-15.499942	-5.116144
0.006000	0.000000	-6.683656E-35	-3.543062E-38	1.322277E-37	0.000000	-46.828001	-0.108132	-2.545017E-6	-2055.084817	-15.400151	-5.125444
0.007000	0.000000	-7.875951E-33	-4.175108E-36	1.558158E-35	0.000000	-46.709636	-0.097142	5.381353E-5	-2049.626968	-14.879557	-5.125634
0.008000	0.000000	3.334065E-34	1.767416E-37	-6.596028E-37	0.000000	-46.610205	-0.105887	8.965954E-6	-2045.065439	-15.293267	-5.125123
0.009000	0.000000	2.944443E-32	1.560874E-35	-5.825210E-35	0.000000	-46.556502	-0.158361	-0.000201	-2044.428785	-17.791301	-5.134375
0.010000	0.000000	-1.559666E-33	-8.267922E-37	3.085603E-36	0.000000	-46.502526	-0.213521	-3.146304E-5	-2044.367952	-20.418690	-5.126997
0.011000	0.000000	-1.100851E-31	-5.835705E-35	2.177896E-34	0.000000	-46.399816	-0.225610	0.000753	-2042.422166	-20.994539	-5.089842
0.012000	0.000000	7.004229E-33	3.713001E-36	-1.385698E-35	0.000000	-46.287720	-0.215605	0.000110	-2042.091969	-20.517954	-5.120276
0.013000	0.000000	4.115717E-31	2.181776E-34	-8.142427E-34	0.000000	-46.217419	-0.215121	-0.002817	-2044.456101	-20.494817	-5.259591
0.014000	0.000000	-3.058056E-32	-1.621101E-35	6.049978E-35	0.000000	-46.177224	-0.215543	-0.000382	-2045.314309	-20.514931	-5.143700
0.015000	0.000000	-1.538690E-30	-8.156728E-34	3.044105E-33	0.000000	-46.137789	-0.205529	0.010536	-2042.971220	-20.038107	-4.623792
0.016000	0.000000	1.307874E-31	6.933151E-35	-2.587464E-34	0.000000	-46.071651	-0.213979	0.001320	-2039.658349	-20.440652	-5.062652
0.017000	0.000000	5.752356E-30	3.049372E-33	-1.138031E-32	0.000000	-45.964160	-0.266433	-0.051374	-2036.673284	-22.938327	-7.571874
0.018000	0.000000	-5.506016E-31	-2.918786E-34	1.089296E-33	0.000000	-45.856047	-0.321608	-0.106343	-2034.526516	-25.564995	-10.189466
0.019000	0.000000	-2.150448E-29	-1.139971E-32	4.254391E-32	0.000000	-45.789865	-0.333985	-0.118656	-2034.187118	-26.154894	-10.775812
0.020000	0.000000	2.289309E-30	1.213582E-33	-4.529109E-33	0.000000	-45.746630	-0.323222	-0.107950	-2035.030662	-25.645115	-10.265975
0.021000	0.000000	8.038980E-29	4.261531E-32	-1.590411E-31	0.000000	-45.696705	-0.319944	-0.104688	79.430110	-10.110439	-4.985127
0.022000	0.000000	-9.423168E-30	-4.995301E-33	1.864255E-32	0.000000	-45.639289	-0.322831	-0.107560	79.505109	-10.237860	-5.121865
0.023000	0.000000	-3.005119E-28	-1.593039E-31	5.945249E-31	0.000000	-45.581600	-0.323700	-0.108424	79.764126	-10.286877	-5.163051
0.024000	0.000000	3.846590E-29	2.039110E-32	-7.609994E-32	0.000000	-45.531071	-0.322925	-0.107654	77.637758	-10.287580	-5.126545
0.025000	0.000000	1.123340E-27	5.954918E-31	-2.222386E-30	0.000000	-45.488334	-0.322695	-0.107425	74.064542	-10.247605	-5.115498
0.026000	0.000000	-1.559262E-28	-8.265779E-32	3.084803E-31	0.000000	-45.424302	-0.322903	-0.107631	71.956476	-10.117243	-5.124624
0.027000	0.000000	-4.199033E-27	-2.225943E-30	8.307257E-30	0.000000	-45.316908	-0.322964	-0.107692	71.956811	-10.230086	-5.128074
0.028000	0.000000	6.283122E-28	3.330736E-31	-1.243037E-30	0.000000	-45.208743	-0.322908	-0.107637	71.471077	-10.750746	-5.128117
0.029000	0.000000	1.569554E-26	8.320335E-30	-3.105164E-29	0.000000	-45.144009	-0.322892	-0.107621	69.818849	-10.333547	-5.125217
0.030000	0.000000	-2.518844E-27	-1.335260E-30	4.983215E-30	0.000000	-45.100132	-0.322907	-0.107635	69.350983	-7.835504	-5.115912
0.031000	0.000000	-5.866671E-26	-3.109972E-29	1.160647E-28	0.000000	-45.046389	-0.322911	-0.107640	69.339847	-5.209045	-5.124202
0.032000	0.000000	1.005271E-26	5.329027E-30	-1.988802E-29	0.000000	-44.992343	-0.322907	-0.107636	67.022498	-4.633199	-5.161369
0.033000	0.000000	2.192785E-25	1.162414E-28	-4.338149E-28	0.000000	-44.948469	-0.322906	-0.107635	63.773887	-5.109547	-5.130691
0.034000	0.000000	-3.996284E-26	-2.118464E-29	7.906144E-29	0.000000	-44.884947	-0.322907	-0.107636	63.451022	-5.132676	-4.991374
0.035000	0.000000	-8.195757E-25	-4.344640E-28	1.621427E-27	0.000000	-44.777686	-0.322907	-0.107636	66.644665	-5.112577	-5.107330
0.036000	0.000000	1.583124E-25	8.392275E-29	-3.132012E-28	0.000000	-44.669396	-0.322907	-0.107636	69.923479	-5.589437	-5.627239
0.037000	0.000000	3.063168E-24	1.623811E-27	-6.060092E-27	0.000000	-44.604146	-0.322907	-0.107636	69.881171	-5.187068	-5.188362
0.038000	0.000000	-6.252047E-25	-3.314263E-28	1.236889E-27	0.000000	-44.561316	-0.322907	-0.107636	66.802085	-2.689252	-2.679139
0.039000	0.000000	-1.144831E-23	-6.068844E-27	2.264903E-26	0.000000	-44.511137	-0.322907	-0.107636	64.043322	-0.061866	-0.061549
0.040000	0.000000	2.462157E-24	1.305210E-27	-4.871068E-27	0.000000	-44.453534	-0.322907	-0.107636	63.634842	0.527500	0.524795
0.041000	0.000000	4.278587E-23	2.268115E-26	-8.464646E-26	0.000000	1.043558E-21	5.531988E-25	-2.064548E-24	2178.410945	15.391547	5.140453
0.042000	0.000000	-9.671934E-24	-5.127174E-27	1.913470E-26	0.000000	-2.359008E-22	-1.250530E-25	4.667001E-25	2176.033548	15.235417	4.985124
0.043000	0.000000	-1.598999E-22	-8.476429E-26	3.163418E-25	0.000000	-3.899998E-21	-2.067422E-24	7.715654E-24	2173.299493	15.372912	5.121914
0.044000	0.000000	3.790672E-23	2.009467E-26	-7.499367E-26	0.000000	9.245541E-22	4.901139E-25	-1.829114E-24	2170.552394	15.414271	5.163060
0.045000	0.000000	5.975644E-22	3.167739E-25	-1.182206E-24	0.000000	1.457474E-20	7.726193E-24	-2.883429E-23	2168.146219	15.377383	5.126362
0.046000	0.000000	-1.482559E-22	-7.859171E-26	2.933057E-25	0.000000	-3.615998E-21	-1.916871E-24	7.153796E-24	2166.111145	15.366428	5.115464
0.047000	0.000000	-2.233109E-21	-1.183790E-24	4.417924E-24	0.000000	-5.446607E-20	-2.887292E-23	1.077543E-22	2163.062005	15.376324	5.125309
0.048000	0.000000	5.787319E-22	3.067906E-25	-1.144948E-24	0.000000	1.411541E-20	7.482699E-24	-2.792556E-23	2157.948018	15.379226	5.128195
0.049000	0.000000	8.344949E-21	4.423728E-24	-1.650943E-23	0.000000	2.035353E-19	1.078958E-22	-4.026690E-22	2152.797286	15.376571	5.125554
0.050000	0.000000	-2.255171E-21	-1.195485E-24	4.461572E-24	0.000000	-5.500417E-20	-2.915818E-23	1.088188E-22	2149.714728	15.375803	5.124790
0.051000	0.000000	-3.118359E-20	-1.653069E-23	6.169281E-23	0.000000	-7.605754E-19	-4.031874E-22	1.504703E-21	2147.625326	15.376515	5.125498
0.052000	0.000000	8.773595E-21	4.650956E-24	-1.735745E-23	0.000000	2.139901E-19	1.134380E-22	-4.233525E-22	2145.066134	15.376718	5.125701
0.053000	0.000000	1.165245E-19	6.177062E-23	-2.305291E-22	0.000000	2.842061E-18	1.506601E-21	-5.622660E-21	2142.492540	15.376527	5.125510
0.054000	0.000000	-3.408193E-20	-1.806712E-23	6.742680E-23	0.000000	-8.312666E-19	-4.406614E-22	1.644556E-21	2140.403264	15.376473	5.125457
0.055000	0.000000	-4.354086E-19	-2.308138E-22	8.614011E-22	0.000000	-1.061972E-17	-5.629604E-21	2.100978E-20	2137.378436	15.376525	5.125508
0.056000	0.000000	1.322106E-19	7.008593E-23	-2.615619E-22	0.000000	3.224648E-18	1.709413E-21	-6.379559E-21	2132.270757	15.376539	5.125522
0.057000	0.000000	1.626917E-18	8.624423E-22	-3.218650E-21	0.000000	3.968090E-17	2.103518E-20	-7.850366E-20	2127.114092	15.376525	5.125508
0.058000	0.000000	-5.122068E-19	-2.715251E-22	1.013337E-21	0.000000	-1.249285E-17	-6.622565E-21	2.471553E-20	2124.006954	15.376521	5.125505
0.059000	0.000000	-6.078862E-18	-3.222456E-21	1.202626E-20	0.000000	-1.482649E-16	-7.859649E-20	2.933235E-19	2121.967432	15.376525	5.125508
0.060000	0.000000	1.981981E-18	1.050665E-21	-3.921100E-21	0.000000	4.834100E-17	2.562597E-20	-9.563658E-20	2119.577942	15.376526	5.125510
0.061000	0.000000	2.271265E-17	1.204017E-20	-4.493412E-20	0.000000	5.539671E-16	2.936626E-19	-1.095954E-18	2116.834937	15.376525	5.125508
0.062000	0.000000	-7.660594E-18	-4.060946E-21	1.515552E-20	0.000000	-1.868438E-16	-9.904745E-20	3.696469E-19	-8.897372E-15	-4.716572E-18	1.760233E-17
0.063000	0.000000	-8.485979E-17	-4.498489E-20	1.678844E-19	0.000000	-2.069751E-15	-1.097192E-18	4.094741E-18	-9.855955E-14	-5.224725E-17	1.949877E-16
0.064000	0.000000	2.957774E-17	1.567941E-20	-5.851584E-20	0.000000	7.214083E-16	3.824246E-19	-1.427216E-18	3.435296E-14	1.821080E-17	-6.796301E-17
0.065000	0.000000	3.170477E-16	1.680696E-19	-6.272389E-19	0.000000	7.732870E-15	4.099260E-18	-1.529851E-17	3.682319E-13	1.952028E-16	-7.285004E-16
0.066000	0.000000	-1.140867E-16	-6.047832E-20	2.257062E-19	0.000000	-2.782602E-15	-1.475081E-18	5.505028E-18	-1.325056E-13	-7.024232E-17	2.621456E-16
0.067000	0.000000	-1.184502E-15	-6.279145E-19	2.343388E-18	0.000000	-2.889029E-14	-1.531499E-17	5.715580E-17	-1.375728E-12	-7.292850E-16	2.721705E-15
0.068000	0.000000	4.396406E-16	2.330572E-19	-8.697736E-19	0.000000	1.072294E-14	5.684322E-18	-2.121399E-17	5.106189E-13	2.706834E-16	-1.010195E-15
0.069000	0.000000	4.425226E-15	2.345850E-18	-8.754753E-18	0.000000	1.079324E-13	5.721585E-17	-2.135306E-16	5.139635E-12	2.724564E-15	-1.016812E-14
0.070000	0.000000	-1.692687E-15	-8.973077E-19	3.348768E-18	0.000000	-4.128505E-14	-2.188555E-17	8.167727E-17	-1.965964E-12	-1.042174E-15	3.889413E-15
0.071000	0.000000	-1.653194E-14	-8.763719E-18	3.270635E-17	0.000000	-4.032180E-13	-2.137492E-16	7.977159E-16	-1.920085E-11	-1.017853E-14	3.798647E-14
0.072000	0.000000	6.511676E-15	3.451894E-18	-1.288253E-17	0.000000	1.588214E-13	8.419254E-17	-3.142080E-16	7.562958E-12	4.009188E-15	-1.496236E-14
0.073000	0.000000	6.175902E-14	3.273898E-17	-1.221825E-16	0.000000	1.506318E-12	7.985117E-16	-2.980060E-15	7.172940E-11	3.802436E-14	-1.419076E-13
0.074000	0.000000	-2.503027E-14	-1.326876E-17	4.951924E-17	0.000000	-6.104945E-13	-3.236283E-16	1.207786E-15	-2.907130E-11	-1.541094E-14	5.751390E-14
0.075000	0.000000	-2.307096E-13	-1.223011E-16	4.564298E-16	0.000000	-5.627063E-12	-2.982953E-15	1.113243E-14	-2.679553E-10	-1.420454E-13	5.301158E-13
0.076000	0.000000	9.614198E-14	5.096567E-17	-1.902048E-16	0.000000	2.344926E-12	1.243065E-15	-4.639141E-15	1.116637E-10	5.919385E-14	-2.209125E-13
0.077000	0.000000	8.618252E-13	4.568608E-16	-1.705013E-15	0.000000	2.102013E-11	1.114295E-14	-4.158568E-14	1.000958E-9	5.306164E-13	-1.980270E-12
0.078000	0.000000	-3.690216E-13	-1.956214E-16	7.300627E-16	0.000000	-9.000526E-12	-4.771254E-15	1.780641E-14	-4.285984E-10	-2.272036E-13	8.479279E-13
0.079000	0.000000	-3.219299E-12	-1.706577E-15	6.368977E-15	0.000000	-7.851948E-11	-4.162384E-14	1.553409E-13	-3.739022E-9	-1.982087E-12	7.397184E-12
0.080000	0.000000	1.415458E-12	7.503460E-16	-2.800305E-15	0.000000	3.452336E-11	1.830112E-14	-6.830011E-14	1.643976E-9	8.714858E-13	-3.252400E-12
0.081000	0.000000	1.202518E-11	6.374651E-15	-2.379031E-14	0.000000	2.932972E-10	1.554793E-13	-5.802515E-13	1.396653E-8	7.403774E-12	-2.763102E-11
0.082000	0.000000	-5.425786E-12	-2.876255E-15	1.073423E-14	0.000000	-1.323362E-10	-7.015256E-14	2.618106E-13	-6.301752E-9	-3.340612E-12	1.246722E-11
0.083000	0.000000	-4.491698E-11	-2.381087E-14	8.886258E-14	0.000000	-1.095536E-9	-5.807529E-13	2.167380E-12	-5.216837E-8	-2.765489E-11	1.032086E-10
0.084000	0.000000	2.078558E-11	1.101861E-14	-4.112166E-14	0.000000	5.069654E-10	2.687466E-13	-1.002967E-12	2.414131E-8	1.279751E-11	-4.776054E-11
0.085000	0.000000	1.677713E-10	8.893699E-14	-3.319144E-13	0.000000	4.091983E-9	2.169195E-12	-8.095473E-12	1.948563E-7	1.032950E-10	-3.854987E-10
0.086000	0.000000	-7.958069E-11	-4.218640E-14	1.574404E-13	0.000000	-1.940993E-9	-1.028936E-12	3.840009E-12	-9.242858E-8	-4.899717E-11	1.828583E-10
0.087000	0.000000	-6.266329E-10	-3.321834E-13	1.239714E-12	0.000000	-1.528373E-8	-8.102034E-12	3.023694E-11	-7.277965E-7	-3.858111E-10	1.439854E-9
0.088000	0.000000	3.045163E-10	1.614267E-13	-6.024472E-13	0.000000	7.427227E-9	3.937236E-12	-1.469383E-11	3.536789E-7	1.874881E-10	-6.997091E-10
0.089000	0.000000	2.340437E-9	1.240686E-12	-4.630261E-12	0.000000	5.708384E-8	3.026062E-11	-1.129332E-10	2.718278E-6	1.440982E-9	-5.377770E-9
0.090000	0.000000	-1.164612E-9	-6.173708E-13	2.304039E-12	0.000000	-2.840518E-8	-1.505782E-11	5.619607E-11	-1.352633E-6	-7.170419E-10	2.676013E-9
0.091000	0.000000	-8.741162E-9	-4.633763E-12	1.729329E-11	0.000000	-2.131991E-7	-1.130186E-10	4.217875E-10	-1.015233E-5	-5.381838E-9	2.008511E-8
0.092000	0.000000	4.451742E-9	2.359906E-12	-8.807211E-12	0.000000	1.085791E-7	5.755868E-11	-2.148100E-10	5.170451E-6	2.740900E-9	-1.022909E-8
0.093000	0.000000	3.264596E-8	1.730590E-11	-6.458593E-11	0.000000	7.962430E-7	4.220951E-10	-1.575267E-9	3.791633E-5	2.009976E-8	-7.501268E-8
0.094000	0.000000	-1.700849E-8	-9.016343E-12	3.364915E-11	0.000000	-4.148412E-7	-2.199108E-10	8.207111E-10	-1.975441E-5	-1.047198E-8	3.908162E-8
0.095000	0.000000	-1.219209E-7	-6.463129E-11	2.412051E-10	0.000000	-2.973680E-6	-1.576373E-9	5.883051E-9	-0.000142	-7.506536E-8	2.801452E-7
0.096000	0.000000	6.495271E-8	3.443198E-11	-1.285008E-10	0.000000	1.584212E-6	8.398044E-10	-3.134165E-9	7.543896E-5	3.999083E-8	-1.492465E-7
0.097000	0.000000	4.553181E-7	2.413679E-10	-9.007894E-10	0.000000	1.110532E-5	5.887023E-9	-2.197047E-8	0.000529	2.803344E-7	-1.046213E-6
0.098000	0.000000	-2.479321E-7	-1.314309E-10	4.905025E-10	0.000000	-6.047125E-6	-3.205632E-9	1.196347E-8	-0.000288	-1.526497E-7	5.696913E-7
0.099000	0.000000	-1.700356E-6	-9.013730E-10	3.363940E-9	0.000000	-4.147210E-5	-2.198471E-8	8.204732E-8	-0.001975	-1.046891E-6	3.907014E-6
0.100000	0.000000	9.459755E-7	5.014696E-10	-1.871493E-9	0.000000	2.307257E-5	1.223097E-8	-4.564618E-8	0.001099	5.824289E-7	-2.173635E-6
0.101000	0.320351	6.349696E-6	3.366027E-9	-1.256207E-8	0.000000	0.000155	8.209823E-8	-3.063920E-7	0.007375	3.909439E-6	-1.459009E-5
0.102000	0.639386	-3.607828E-6	-1.912540E-9	7.137633E-9	0.000000	-8.799581E-5	-4.664732E-8	1.740886E-7	-0.004190	-2.221308E-6	8.289962E-6
0.103000	0.955793	-2.371123E-5	-1.256952E-8	4.690969E-8	0.000000	-0.000578	-3.065738E-7	1.144139E-6	-0.027539	-1.459875E-5	5.448279E-5
0.104000	1.268273	1.375426E-5	7.291251E-9	-2.721108E-8	0.000000	0.000335	1.778354E-7	-6.636849E-7	0.015975	8.468380E-6	-3.160414E-5
0.105000	1.575541	8.854080E-5	4.693622E-8	-1.751668E-7	0.000000	0.002160	1.144786E-6	-4.272361E-6	0.102835	5.451360E-5	-0.000203
0.106000	1.876335	-5.241564E-5	-2.778597E-8	1.036977E-7	0.000000	-0.001278	-6.777067E-7	2.529213E-6	-0.060878	-3.227185E-5	0.000120
0.107000	2.169419	-0.000331	-1.752611E-7	6.540774E-7	0.000000	-0.008064	-4.274660E-6	1.595311E-5	-0.383988	-0.000204	0.000760
0.108000	2.453588	0.000203	1.058491E-7	-3.950307E-7	0.000000	0.004949	2.581685E-6	-9.634896E-6	0.235666	0.000123	-0.000459
0.109000	2.727675	0.002145	6.544113E-7	-2.442275E-6	0.000000	0.052326	1.596125E-5	-5.956768E-5	2.491734	0.000760	-0.002837
0.110000	2.990553	0.004966	-4.030812E-7	1.504306E-6	0.000000	0.121128	-9.831249E-6	3.669039E-5	5.768010	-0.000468	0.001747
0.111000	3.241142	0.008626	-2.443454E-6	9.119013E-6	0.000000	0.210379	-5.959644E-5	0.000222	10.018058	-0.002838	0.010591
0.112000	3.478413	0.014607	1.534430E-6	-5.726520E-6	0.000000	0.356258	3.742512E-5	-0.000140	16.964681	0.001782	-0.006651
0.113000	3.701390	0.023375	9.123162E-6	-3.404780E-5	0.000000	0.570110	0.000223	-0.000830	27.148103	0.010596	-0.039544
0.114000	3.909157	0.032537	-5.839234E-6	2.179212E-5	0.000000	0.793595	-0.000142	0.000532	37.790193	-0.006782	0.025310
0.115000	4.100861	0.040861	-3.406235E-5	0.000127	0.000000	0.996615	-0.000831	0.003101	47.457876	-0.039561	0.147644
0.116000	4.275714	0.050691	2.221385E-5	-8.290247E-5	0.000000	1.236375	0.000542	-0.002022	58.875120	0.025800	-0.096287
0.117000	4.432997	0.063536	0.000127	-0.000475	0.000000	1.549669	0.003102	-0.011576	73.793690	0.147703	-0.551229
0.118000	4.572063	0.077869	-8.448030E-5	0.000319	0.000000	1.899240	-0.002060	0.007793	90.439476	-0.098119	0.371080
0.119000	4.692342	0.092746	-0.000475	0.002722	0.000000	2.262100	-0.011580	0.066389	107.719316	-0.551434	3.161377
0.120000	4.793339	0.109486	0.000326	0.004647	0.000000	2.670392	0.007942	0.113335	127.163490	0.378189	5.396914
0.121000	4.874640	0.128903	0.002731	0.004789	0.000000	3.143970	0.066598	0.116800	149.711780	3.171330	5.561912
0.122000	4.935909	0.149997	0.004650	0.004350	0.000000	3.658460	0.113412	0.106088	174.204995	5.400550	5.051812
0.123000	4.976896	0.171887	0.004787	0.004313	0.000000	4.192359	0.116766	0.105188	199.640311	5.560274	5.008937
0.124000	4.997431	0.194496	0.004349	0.004430	0.000000	4.743800	0.106068	0.108057	225.922770	5.050889	5.145500
0.125000	4.997431	0.218171	0.004313	0.004440	0.000000	5.321237	0.105202	0.108293	253.376287	5.009614	5.156845
0.126000	4.976896	0.243946	0.004430	0.004408	0.000000	5.949893	0.108058	0.107519	283.225422	5.145577	5.120139
0.127000	4.935909	0.272267	0.004439	0.004405	0.000000	6.640658	0.108271	0.107446	316.282666	5.155784	5.116336
0.128000	4.874640	0.302110	0.004409	0.004415	0.000000	7.368547	0.107532	0.107678	351.267185	5.120756	5.126765
0.129000	4.793339	0.332738	0.004408	0.004417	0.000000	8.115551	0.107521	0.107741	386.219152	5.119905	5.130975
0.130000	4.692342	0.364438	0.004413	0.004411	0.000000	8.888729	0.107624	0.107584	420.781055	5.124179	5.125885
0.131000	4.572063	0.397370	0.004406	0.004404	0.000000	9.691939	0.107463	0.107404	455.752910	5.117760	5.112750
0.132000	4.432997	0.431131	0.004419	0.004420	0.000000	10.515385	0.107791	0.107802	490.714581	5.135765	5.122845
0.133000	4.275714	0.465828	0.004446	0.004447	0.000000	11.361655	0.108440	0.108456	524.066526	5.162048	5.171210
0.134000	4.100861	0.502784	0.004388	0.004387	0.000000	12.263028	0.107015	0.107012	556.805620	5.085334	5.135350
0.135000	3.909157	0.542400	0.004288	0.004288	0.000000	13.229264	0.104589	0.104586	592.174726	4.987208	4.954985
0.136000	3.701390	0.582825	0.004510	0.004510	0.000000	14.215239	0.110000	0.110000	629.458288	5.277671	5.090450
0.137000	3.478413	0.622691	0.004880	0.004880	0.000000	15.187581	0.119019	0.119015	664.343167	5.641766	5.763647
0.138000	3.241142	0.662222	0.004038	0.004039	0.000000	16.151747	0.098500	0.098504	695.337034	4.542773	5.241900
0.139000	2.990553	0.702865	0.001639	0.001640	0.000000	17.143046	0.039984	0.040004	725.895502	2.002122	1.533876
0.140000	2.727675	0.748122	-0.000291	-0.000292	0.000000	18.246931	-0.007094	-0.007111	761.182464	0.213610	-3.499979
0.141000	2.453588	0.794824	-0.000487	-0.000490	0.000000	19.385935	-0.011877	-0.011953	795.978255	-0.943775	-5.966110
0.142000	2.169419	0.825834	0.000173	0.000176	0.000000	20.142149	0.004225	0.004287	809.437054	-2.970144	-5.357768
0.143000	1.876335	0.841045	0.000563	0.000575	0.000000	20.513380	0.013738	0.014020	802.615251	-4.746382	-4.384157
0.144000	1.575541	0.877876	-0.000413	-0.000422	0.000000	21.412196	-0.010061	-0.010296	819.992241	-6.039361	-5.499239
0.145000	1.268273	0.947801	-0.002824	-0.002868	0.000000	23.116767	-0.068886	-0.069941	874.903208	-8.331156	-8.476100
0.146000	0.955793	1.001715	-0.004709	-0.004673	0.000000	24.429924	-0.114859	-0.113967	909.937450	-10.479095	-10.583831
0.147000	0.639386	1.018850	-0.004891	-0.004730	0.000000	24.851281	-0.119300	-0.115361	900.066087	-10.826600	-10.613321
0.148000	0.320351	1.048526	-0.004232	-0.004370	0.000000	25.581866	-0.103217	-0.106595	901.962312	-10.070862	-10.192412
0.149000	6.123234E-16	1.116137	-0.003844	-0.004447	0.000000	27.217897	-0.093752	-0.108452	945.207124	-9.584913	-10.291891
0.150000	0.000000	1.184150	-0.004853	-0.004322	0.000000	28.829374	-0.118372	-0.105366	986.372492	-10.756788	-10.147963
0.151000	0.000000	1.227929	-0.007296	-0.003962	0.000000	29.828350	-0.177945	-0.096680	997.124839	-13.598507	-9.726841
0.152000	0.000000	1.262063	-0.009102	-0.004834	0.000000	30.571654	-0.221940	-0.118128	994.272139	-15.685849	-10.739658
0.153000	0.000000	1.299048	-0.009173	-0.007273	0.000000	31.327832	-0.223765	-0.177249	991.068882	-15.788403	-13.573880
0.154000	0.000000	1.338653	-0.008751	-0.009111	0.000000	32.079967	-0.213673	-0.221401	986.586260	-15.338752	-15.707456
0.155000	0.000000	1.378943	-0.008734	-0.009180	0.000000	32.839159	-0.212872	-0.224430	979.815734	-15.232709	-15.782939
0.156000	0.000000	1.417490	-0.008846	-0.008749	0.000000	33.576321	-0.214933	-0.216489	968.907462	-15.215335	-15.289291
0.157000	0.000000	1.453153	-0.008851	-0.008732	0.000000	34.206390	-0.216415	-0.210947	951.959572	-15.543600	-15.283202
0.158000	0.000000	1.487326	-0.008821	-0.008847	0.000000	34.726563	-0.218240	-0.204205	930.427710	-16.059941	-15.391402
0.159000	0.000000	1.521936	-0.008820	-0.008851	0.000000	35.221149	-0.213050	-0.223678	908.066791	-14.835722	-15.342018
0.160000	0.000000	1.559335	-0.008828	-0.008820	0.000000	35.770454	-0.203727	-0.281523	887.019453	-11.605302	-15.310790
0.161000	0.000000	1.596288	-0.008828	-0.008819	0.000000	36.263468	-0.223256	-0.328443	857.930328	-10.293423	-15.301525
0.162000	0.000000	1.619265	-0.008826	-0.008828	0.000000	36.350293	-0.281860	-0.332109	807.826569	-12.856296	-15.245512
0.163000	0.000000	1.629482	-0.008826	-0.008828	0.000000	36.085008	-0.328672	-0.321403	759.183759	-15.852212	-15.509053
0.164000	0.000000	1.657107	-0.008826	-0.008826	0.000000	36.224890	-0.332040	-0.320449	748.167158	-16.465586	-15.927109
0.165000	0.000000	1.710166	-0.008826	-0.008826	0.000000	36.967569	-0.321343	-0.323315	740.732050	-14.822947	-14.905667
0.166000	0.000000	1.750901	-0.008826	-0.008826	0.000000	37.383655	-0.320473	-0.323568	679.375586	-11.980324	-12.077467
0.167000	0.000000	1.762591	-0.008826	-0.008826	0.000000	37.040124	-0.323329	-0.322797	600.485722	-9.927137	-9.944286
0.168000	0.000000	1.775146	-0.008826	-0.008826	0.000000	36.655586	-0.323542	-0.322712	562.109733	-9.725809	-9.873851
0.169000	0.000000	1.805868	-0.008826	-0.008825	0.000000	36.677019	-0.322803	-0.322933	528.340591	-10.456469	-10.301786
0.170000	0.000000	1.840784	-0.008826	-0.008827	0.000000	36.781631	-0.322792	-0.323028	455.415931	-10.906681	-10.217933
0.171000	0.000000	1.869946	-0.008826	-0.008829	0.000000	36.719720	-0.322895	-0.322915	375.730788	-9.739193	-10.359466
0.172000	0.000000	1.896298	-0.008826	-0.008824	0.000000	36.559229	-0.322734	-0.322616	320.518051	-6.894740	-10.758856
0.173000	0.000000	1.922712	-0.008826	-0.008817	0.000000	36.380021	-0.323063	-0.322851	276.588869	-4.815384	-9.748709
0.174000	0.000000	1.949599	-0.008826	-0.008835	0.000000	36.189548	-0.323712	-0.323954	231.510269	-4.759375	-6.985957
0.175000	0.000000	1.976506	-0.008826	-0.008860	0.000000	35.944430	-0.322286	-0.323112	184.022059	-5.172041	-4.843392
0.176000	0.000000	2.001920	-0.008826	-0.008791	0.000000	35.598043	-0.319860	-0.318998	131.375454	-5.094647	-4.503264
0.177000	0.000000	2.025837	-0.008826	-0.008699	0.000000	35.195412	-0.325270	-0.322180	77.099603	-5.254159	-5.032898
0.178000	0.000000	2.051010	-0.008826	-0.008959	0.000000	34.837060	-0.334292	-0.337533	30.031920	-5.613154	-6.027895
0.179000	0.000000	2.078046	-0.008826	-0.009299	0.000000	34.532283	-0.313776	-0.325307	-9.251435	-4.549336	-5.766772
0.180000	0.000000	2.103429	-0.008826	-0.008308	0.000000	34.160117	-0.255251	-0.242640	-50.525331	-2.009540	-0.902935
0.181000	0.000000	2.125578	-0.008825	-0.005845	0.000000	33.596476	-0.208160	-0.135440	-103.522766	-0.211077	6.956287
0.182000	0.000000	2.146852	-0.008827	-0.004090	0.000000	32.976294	-0.203413	-0.087799	-156.532093	0.944936	11.459200
0.183000	0.000000	2.168878	-0.008829	-0.004072	0.000000	32.757154	-0.219560	-0.103607	-171.101859	2.966631	10.881037
0.184000	0.000000	2.191396	-0.008823	-0.004510	0.000000	32.935402	-0.228939	-0.124027	-149.981237	4.749164	9.398863
0.185000	0.000000	2.213765	-0.008816	-0.004538	0.000000	32.582639	-0.204972	-0.100386	-173.440534	6.050859	10.479163
0.186000	0.000000	2.235006	-0.008837	-0.004349	0.000000	31.395238	-0.146649	-0.036138	-265.349072	8.318735	13.675096
0.187000	0.000000	2.254895	-0.008863	-0.004253	0.000000	30.565355	-0.101303	0.010236	-324.680921	10.436647	15.895446
0.188000	0.000000	2.274489	-0.008785	-0.004572	0.000000	30.625338	-0.094974	0.003846	-305.466019	10.874021	15.554436
0.189000	0.000000	2.294400	-0.008690	-0.004928	0.000000	30.387171	-0.108732	-0.013613	-298.495930	10.229055	14.719021
0.190000	0.000000	2.314318	-0.008980	-0.003817	0.000000	29.223942	-0.125283	0.015357	-354.908426	9.405701	16.109039
0.191000	0.000000	2.334140	-0.009333	-0.001249	0.000000	28.048549	-0.109288	0.074950	-415.861046	10.166861	18.951364
0.192000	0.000000	2.354225	-0.008226	0.000176	0.000000	27.470642	-0.022672	0.100928	-440.432302	14.296321	20.182997
0.193000	0.000000	2.374376	-0.005659	-0.000185	0.000000	27.129566	0.083968	0.113406	-449.031571	19.366769	20.762910
0.194000	0.000000	2.393447	-0.004233	0.000519	0.000000	26.692668	0.120493	0.190046	-461.302503	21.121693	24.423700
0.195000	0.000000	2.411114	-0.004586	0.003091	0.000000	26.157579	0.101594	0.297629	-477.712785	20.252650	29.599221
0.196000	0.000000	2.428484	-0.003902	0.004615	0.000000	25.598565	0.117850	0.336467	-492.660238	20.958851	31.408541
0.197000	0.000000	2.446187	-0.001359	0.004253	0.000000	25.090164	0.182629	0.317113	-500.375224	23.928031	30.291026
0.198000	0.000000	2.463899	0.000257	0.004935	0.000000	24.652340	0.222138	0.333342	-502.051084	26.067059	31.215314
0.199000	0.000000	2.481514	7.230337E-6	0.007504	0.000000	24.248498	0.215314	0.398805	-504.217234	26.171715	35.063722
0.200000	0.000000	2.499386	0.000326	0.009045	0.000000	23.840238	0.223050	0.436497	-509.144980	25.563148	36.276379
0.201000	0.000000	2.517312	0.002470	0.008707	0.000000	23.365302	0.275556	0.427502	-514.038840	25.276518	31.911520
0.202000	0.000000	2.534178	0.005421	0.009310	0.000000	22.875357	0.347544	0.442179	-510.529501	26.462090	27.505679
0.203000	0.000000	2.549651	0.007963	0.011777	0.000000	22.692350	0.409488	0.502547	-489.711619	29.185751	28.111754
0.204000	0.000000	2.564719	0.008906	0.013654	0.000000	22.810656	0.432478	0.548329	-473.642771	31.049458	31.044550
0.205000	0.000000	2.580108	0.008547	0.013703	0.000000	22.512219	0.423740	0.549486	-496.342024	31.079954	32.072066
0.206000	0.000000	2.595966	0.009410	0.012982	0.000000	21.604873	0.444780	0.531887	-522.750777	30.940551	30.108277
0.207000	0.000000	2.611766	0.011984	0.012681	0.000000	20.996712	0.507563	0.524558	-495.167908	31.152966	26.699799
0.208000	0.000000	2.626066	0.013449	0.013881	0.000000	21.060385	0.543293	0.553845	-452.617637	30.695033	25.886139
0.209000	0.000000	2.638983	0.013098	0.016363	0.000000	21.069203	0.534739	0.614374	-455.054021	29.986354	29.072774
0.210000	0.000000	2.653037	0.013762	0.017998	0.000000	20.662653	0.550926	0.654218	-463.072274	31.412282	31.801455
0.211000	0.000000	2.668811	0.016260	0.017955	0.000000	20.195770	0.611867	0.653220	-429.912950	35.102414	30.374438
0.212000	0.000000	2.683755	0.018034	0.017559	0.000000	19.848988	0.655118	0.643604	-390.455301	36.400277	27.078737
0.213000	0.000000	2.696902	0.017983	0.017571	0.000000	19.526938	0.653889	0.643784	-378.271593	32.217193	25.850285
0.214000	0.000000	2.709965	0.017549	0.017677	0.000000	19.201308	0.643306	0.646204	-377.536106	26.635163	25.371341
0.215000	0.000000	2.723479	0.017564	0.017674	0.000000	18.875120	0.643662	0.646566	-372.264171	24.912804	21.739049
0.216000	0.000000	2.735975	0.017680	0.017645	0.000000	18.523641	0.646490	0.646478	-363.520857	25.947453	16.611849
0.217000	0.000000	2.746980	0.017676	0.017647	0.000000	18.172217	0.646387	0.644815	-353.635619	25.168462	14.683233
0.218000	0.000000	2.757680	0.017645	0.017654	0.000000	17.849845	0.645631	0.642767	-344.777082	22.047718	15.507302
0.219000	0.000000	2.768740	0.017646	0.017654	0.000000	17.505608	0.645663	0.649097	-340.320568	20.167854	15.035977
0.220000	0.000000	2.779900	0.017654	0.017652	0.000000	17.118408	0.645867	0.657335	-339.528134	20.502515	12.310965
0.221000	0.000000	2.790964	0.017654	0.017652	0.000000	16.769137	0.645849	0.633173	-336.719094	20.133264	9.365531
0.222000	0.000000	2.801929	0.017652	0.017652	0.000000	16.496371	0.645785	0.573091	-327.091928	17.629951	6.932806
0.223000	0.000000	2.812921	0.017652	0.017652	0.000000	16.245566	0.645826	0.530281	-315.704332	14.203913	4.195365
0.224000	0.000000	2.824208	0.017652	0.017653	0.000000	15.983654	0.645875	0.529885	-319.461719	11.256527	1.301787
0.225000	0.000000	2.835484	0.017652	0.017655	0.000000	15.709444	0.645730	0.540610	-338.152956	10.154856	-0.367567
0.226000	0.000000	2.845643	0.017653	0.017649	0.000000	15.411669	0.645598	0.541139	-338.121407	10.564676	-0.397514
0.227000	0.000000	2.854443	0.017655	0.017643	0.000000	15.108226	0.646140	0.536395	-309.364144	9.588560	0.214638
0.228000	0.000000	2.862909	0.017649	0.017666	0.000000	14.829599	0.646615	0.534602	-293.672054	6.621532	0.478280
0.229000	0.000000	2.871705	0.017643	0.017687	0.000000	14.566234	0.644585	0.542907	-309.245270	4.823434	-0.520878
0.230000	0.000000	2.880867	0.017666	0.017602	0.000000	14.304087	0.642831	0.549516	-322.148373	5.147226	-3.088479
0.231000	0.000000	2.889929	0.017688	0.017522	0.000000	14.039291	0.650446	0.520475	-315.398229	4.739044	-6.368715
0.232000	0.000000	2.897820	0.017601	0.017840	0.000000	13.748294	0.656926	0.465609	-307.022672	2.145674	-8.933867
0.233000	0.000000	2.904382	0.017519	0.018137	0.000000	13.418472	0.627925	0.438078	-306.215033	-1.294887	-9.786950
0.234000	0.000000	2.910726	0.017847	0.016910	0.000000	13.081728	0.573322	0.416944	-306.914770	-3.836512	-10.801893
0.235000	0.000000	2.917391	0.018148	0.014357	0.000000	12.779120	0.545867	0.337524	-305.818498	-4.639936	-14.699036
0.236000	0.000000	2.924038	0.016885	0.012991	0.000000	12.510338	0.523691	0.241467	-303.084869	-5.712901	-19.290435
0.237000	0.000000	2.930604	0.014306	0.013281	0.000000	12.246839	0.444080	0.211350	-298.895345	-9.638572	-20.720400
0.238000	0.000000	2.937457	0.013057	0.012813	0.000000	11.982203	0.351588	0.208786	-294.762586	-14.038049	-20.763278
0.239000	0.000000	2.944307	0.013446	0.010576	0.000000	11.717273	0.321677	0.137574	-292.027213	-15.426387	-24.056771
0.240000	0.000000	2.949993	0.012560	0.007652	0.000000	11.426329	0.306173	0.003604	-289.489473	-16.166159	-30.737771
0.241000	0.000000	2.954331	0.009956	0.005203	0.000000	11.096234	0.234894	-0.093720	-286.770177	-19.570147	-35.764539
0.242000	0.000000	2.958467	0.008611	0.004273	0.000000	10.759888	0.149784	-0.108160	-286.154737	-23.622137	-35.301566
0.243000	0.000000	2.962930	0.009003	0.004536	0.000000	10.457362	0.087347	-0.116434	-287.571890	-26.592306	-32.834513
0.244000	0.000000	2.967344	0.008157	0.003947	0.000000	10.187635	0.004734	-0.190969	-288.472864	-30.528203	-34.345277
0.245000	0.000000	2.971683	0.005574	0.001712	0.000000	9.925954	-0.081278	-0.291260	-288.461891	-34.626366	-39.102139
0.246000	0.000000	2.976412	0.004131	-0.001213	0.000000	9.665951	-0.107706	-0.363820	-287.785359	-35.877919	-43.068083
0.247000	0.000000	2.981114	0.004435	-0.003680	0.000000	9.393845	-0.121329	-0.406386	-286.563053	-36.520342	-45.120236
0.248000	0.000000	2.984261	0.003975	-0.004487	0.000000	9.085255	-0.195345	-0.418715	-286.808137	-40.070718	-45.481440
0.249000	0.000000	2.986123	0.001721	-0.004126	0.000000	8.781860	-0.286053	-0.439211	-287.987561	-44.412785	-46.372043
0.250000	0.000000	2.989243	-0.001243	-0.005154	0.000000	8.542914	-0.349785	-0.524823	-286.824765	-47.350946	-50.844244
0.251000	0.000000	2.993977	-0.003700	-0.007750	0.000000	8.315614	-0.425888	-0.627980	-285.165400	-50.891367	-56.071230
0.252000	0.000000	2.997828	-0.004483	-0.009047	0.000000	8.024808	-0.505927	-0.658598	-286.403913	-55.065361	-56.146316
0.253000	0.000000	2.999933	-0.004123	-0.008671	0.000000	7.711671	-0.540415	-0.639769	-287.458203	-57.016281	-52.637080
0.254000	0.000000	3.001651	-0.005171	-0.009481	0.000000	7.432886	-0.564740	-0.659814	-285.027908	-56.793589	-52.280558
0.255000	0.000000	3.003824	-0.007769	-0.012003	0.000000	7.167274	-0.617515	-0.723914	-281.640664	-56.706531	-54.326557
0.256000	0.000000	3.006479	-0.009043	-0.013719	0.000000	6.902422	-0.648962	-0.765681	-279.842733	-56.896636	-52.533570
0.257000	0.000000	3.008944	-0.008661	-0.013653	0.000000	6.657784	-0.642457	-0.763375	-278.693076	-55.530854	-47.849626
0.258000	0.000000	3.009817	-0.009509	-0.012923	0.000000	6.410656	-0.663043	-0.745603	-277.913461	-52.720137	-45.569194
0.259000	0.000000	3.009475	-0.012053	-0.012711	0.000000	6.141329	-0.724324	-0.740604	-278.136813	-51.233933	-45.209057
0.260000	0.000000	3.010414	-0.013669	-0.014072	0.000000	5.894487	-0.763786	-0.773810	-277.275524	-51.688717	-43.399260
0.261000	0.000000	3.012932	-0.013528	-0.016570	0.000000	5.683689	-0.760551	-0.834690	-273.459042	-50.796399	-39.918776
0.262000	0.000000	3.014600	-0.013123	-0.018045	0.000000	5.454542	-0.750667	-0.870670	-268.651985	-46.931496	-36.997644
0.263000	0.000000	3.014524	-0.013162	-0.017914	0.000000	5.185238	-0.751560	-0.867465	-265.459528	-42.921139	-36.157403
0.264000	0.000000	3.013801	-0.013270	-0.017546	0.000000	4.899535	-0.754203	-0.858491	-264.658402	-40.073784	-35.336054
0.265000	0.000000	3.013599	-0.013260	-0.017583	0.000000	4.619303	-0.753947	-0.859407	-265.158704	-36.127666	-31.830343
0.266000	0.000000	3.014977	-0.013231	-0.017681	0.000000	4.377892	-0.753232	-0.861842	-264.193447	-31.997776	-27.170574
0.267000	0.000000	3.017476	-0.013234	-0.017671	0.000000	4.191052	-0.753339	-0.861457	-260.709474	-30.744446	-23.696982
0.268000	0.000000	3.018933	-0.013241	-0.017644	0.000000	4.011943	-0.753566	-0.860663	-256.281042	-30.106531	-21.632216
0.269000	0.000000	3.018792	-0.013241	-0.017647	0.000000	3.802030	-0.753396	-0.861272	-251.582155	-26.573833	-21.074122
0.270000	0.000000	3.018428	-0.013239	-0.017655	0.000000	3.578616	-0.753203	-0.862015	-247.773550	-22.245216	-20.133520
0.271000	0.000000	3.018466	-0.013239	-0.017656	0.000000	3.356072	-0.753778	-0.859959	-246.992456	-19.237729	-15.958894
0.272000	0.000000	3.018564	-0.013239	-0.017647	0.000000	3.137426	-0.754319	-0.857792	-246.580378	-15.639583	-10.943450
0.273000	0.000000	3.018553	-0.013239	-0.017643	0.000000	2.944703	-0.752181	-0.865443	-241.909783	-11.726409	-9.849802
0.274000	0.000000	3.018527	-0.013240	-0.017669	0.000000	2.784020	-0.750224	-0.873314	-234.650051	-9.990859	-11.121190
0.275000	0.000000	3.018530	-0.013241	-0.017687	0.000000	2.629355	-0.758236	-0.843824	-228.739561	-9.214114	-8.762378
0.276000	0.000000	3.018537	-0.013236	-0.017590	0.000000	2.466975	-0.765468	-0.779198	-223.823780	-7.045358	-2.632594
0.277000	0.000000	3.018536	-0.013233	-0.017525	0.000000	2.304839	-0.734593	-0.744298	-218.932538	-4.077690	1.018260
0.278000	0.000000	3.018534	-0.013250	-0.017887	0.000000	2.144631	-0.672094	-0.760197	-214.912044	-1.411287	0.151302
0.279000	0.000000	3.018535	-0.013262	-0.018127	0.000000	1.977491	-0.641909	-0.754632	-211.103088	1.006345	-0.429912
0.280000	0.000000	3.018535	-0.013197	-0.016711	0.000000	1.810428	-0.649825	-0.665541	-206.233421	3.547604	3.574398
0.281000	0.000000	3.018535	-0.013155	-0.014136	0.000000	1.671744	-0.627212	-0.531409	-201.082993	6.503537	11.542921
0.282000	0.000000	3.018535	-0.013397	-0.013061	0.000000	1.565939	-0.569590	-0.445458	-196.083334	9.093391	18.534874
0.283000	0.000000	3.018535	-0.013551	-0.013461	0.000000	1.465058	-0.540551	-0.432525	-189.975458	10.005520	20.864093
0.284000	0.000000	3.018535	-0.012587	-0.012394	0.000000	1.356224	-0.526575	-0.412938	-182.334006	10.713597	21.644152
0.285000	0.000000	3.018535	-0.010304	-0.009775	0.000000	1.248552	-0.450288	-0.334679	-173.856323	14.472101	24.943416
0.286000	0.000000	3.018535	-0.007443	-0.008619	0.000000	1.142724	-0.317476	-0.251961	-165.551373	20.784321	28.925985
0.287000	0.000000	3.018535	-0.005043	-0.009030	0.000000	1.027382	-0.223768	-0.190658	-159.548084	25.212533	31.961144
0.288000	0.000000	3.018535	-0.004343	-0.007975	0.000000	0.912715	-0.214110	-0.104762	-156.111306	25.677597	36.033104
0.289000	0.000000	3.018535	-0.004691	-0.005353	0.000000	0.835943	-0.211351	-0.021135	-151.238138	25.819762	39.977511
0.290000	0.000000	3.018535	-0.003537	-0.004199	0.000000	0.790539	-0.128236	-0.001765	-143.404314	29.769516	40.928908
0.291000	0.000000	3.018535	-0.000950	-0.004607	0.000000	0.714441	0.007151	0.013342	-136.389268	36.207335	41.683663
0.292000	0.000000	3.018535	0.000282	-0.003567	0.000000	0.598969	0.097117	0.102021	-131.290656	40.518783	45.808580
0.293000	0.000000	3.018535	-5.293210E-5	-0.000961	0.000000	0.505041	0.108040	0.197217	-125.351651	41.064717	50.238553
0.294000	0.000000	3.018535	0.000561	0.000287	0.000000	0.453693	0.114252	0.218495	-118.619519	41.258715	51.616116
0.295000	0.000000	3.018535	0.002911	-5.905490E-5	0.000000	0.411807	0.197131	0.229801	-112.962517	45.112105	52.529300
0.296000	0.000000	3.018535	0.005877	0.000586	0.000000	0.358816	0.332831	0.307057	-108.120932	51.955606	54.803827
0.297000	0.000000	3.018535	0.008245	0.002961	0.000000	0.294060	0.421681	0.406828	-103.472116	56.530907	56.477453
0.298000	0.000000	3.018535	0.008877	0.005803	0.000000	0.233909	0.427753	0.474532	-98.615689	55.349844	58.039489
0.299000	0.000000	3.018534	0.008533	0.008097	0.000000	0.212606	0.440046	0.512686	-92.001169	52.959067	60.613481
0.300000	0.000000	3.018536	0.009766	0.009195	0.000000	0.221011	0.532162	0.534278	-83.641928	55.908170	61.376661
0.301000	0.000000	3.018537	0.012371	0.009108	0.000000	0.198121	0.635130	0.565380	-76.776492	61.188290	58.615287
0.302000	0.000000	3.018530	0.013435	0.008505	0.000000	0.136544	0.657655	0.611608	-73.104792	61.184134	54.429369
0.303000	0.000000	3.018526	0.013028	0.008355	0.000000	0.095750	0.637836	0.643920	-70.009002	57.496456	51.875151
0.304000	0.000000	3.018553	0.014151	0.009817	0.000000	0.098279	0.666183	0.676373	-65.084682	57.463522	52.804653
0.305000	0.000000	3.018568	0.016770	0.012320	0.000000	0.116249	0.732694	0.728458	-59.046423	59.965153	54.352200
0.306000	0.000000	3.018465	0.017875	0.013666	0.000000	0.118686	0.759393	0.762156	-53.803172	57.603883	52.230240
0.307000	0.000000	3.018413	0.017476	0.013466	0.000000	0.083794	0.748950	0.759684	-50.425227	50.782206	48.173553
0.308000	0.000000	3.018797	0.018512	0.013125	0.000000	0.032217	0.774285	0.751110	-47.388808	47.526348	44.846116
0.309000	0.000000	3.018989	0.021084	0.013179	0.000000	0.001370	0.837207	0.751783	-43.397364	50.062722	40.787812
0.310000	0.000000	3.017473	0.022534	0.013270	0.000000	-0.032159	0.872548	0.754064	-41.338151	51.614265	36.914260
0.311000	0.000000	3.014911	0.022310	0.013255	0.000000	-0.085777	0.867031	0.753920	-41.729314	47.393664	35.985008
0.312000	0.000000	3.013945	0.021939	0.013231	0.000000	-0.110268	0.858009	0.753340	-39.271847	40.517022	35.238036
0.313000	0.000000	3.014338	0.022000	0.013235	0.000000	-0.103068	0.859500	0.753225	-33.430338	36.303947	31.009701
0.314000	0.000000	3.013183	0.022099	0.013241	0.000000	-0.130972	0.861902	0.753270	-30.286343	35.898171	26.478723
0.315000	0.000000	3.010581	0.022083	0.013240	0.000000	-0.193809	0.861524	0.753885	-30.833423	35.584399	25.494782
0.316000	0.000000	3.009418	0.022056	0.013239	0.000000	-0.222242	0.860905	0.754275	-30.192830	31.608307	24.974961
0.317000	0.000000	3.009769	0.022061	0.013239	0.000000	-0.213844	0.860905	0.751920	-27.269525	25.146377	21.183992
0.318000	0.000000	3.009079	0.022067	0.013239	0.000000	-0.230662	0.860989	0.750334	-24.986756	20.919393	16.357428
0.319000	0.000000	3.006677	0.022066	0.013239	0.000000	-0.289198	0.861373	0.759173	-24.909872	20.648532	13.554355
0.320000	0.000000	3.003731	0.022066	0.013241	0.000000	-0.361056	0.861652	0.765060	-27.317250	20.076473	12.017825
0.321000	0.000000	3.001422	0.022067	0.013241	0.000000	-0.417390	0.860109	0.730556	-30.400032	15.616503	9.346547
0.322000	0.000000	3.000788	0.022060	0.013234	0.000000	-0.432853	0.858919	0.667561	-30.046387	10.656644	4.865808
0.323000	0.000000	3.001083	0.022057	0.013231	0.000000	-0.425656	0.864733	0.641270	-26.771405	9.860880	1.412491
0.324000	0.000000	3.000055	0.022085	0.013259	0.000000	-0.450733	0.869169	0.651696	-26.022989	11.015872	0.370284
0.325000	0.000000	2.997581	0.022096	0.013270	0.000000	-0.511073	0.845932	0.625964	-29.016777	8.559491	-2.400443
0.326000	0.000000	2.995407	0.021992	0.013166	0.000000	-0.564090	0.787728	0.559539	-32.397092	2.620697	-8.043780
0.327000	0.000000	2.993406	0.021950	0.013124	0.000000	-0.612907	0.716903	0.530303	-34.837730	-2.023355	-11.040627
0.328000	0.000000	2.989831	0.022339	0.013513	0.000000	-0.700087	0.667866	0.549839	-37.327645	-3.861134	-9.992596
0.329000	0.000000	2.985103	0.022494	0.013668	0.000000	-0.815420	0.654567	0.527882	-40.363700	-5.700832	-10.629932
0.330000	0.000000	2.981505	0.020944	0.012118	0.000000	-0.903164	0.625246	0.426138	-43.073052	-10.093417	-15.506887
0.331000	0.000000	2.979505	0.018407	0.009581	0.000000	-0.951949	0.535219	0.336090	-43.799533	-16.063284	-19.903523
0.332000	0.000000	2.977924	0.017393	0.008567	0.000000	-0.990499	0.447391	0.321327	-43.082026	-19.982864	-20.599681
0.333000	0.000000	2.975760	0.017732	0.008906	0.000000	-1.043287	0.425607	0.304216	-44.429499	-20.590554	-21.386891
0.334000	0.000000	2.972264	0.016972	0.008145	0.000000	-1.128561	0.415233	0.222115	-48.832959	-21.155551	-25.290919
0.335000	0.000000	2.967671	0.014546	0.005720	0.000000	-1.240588	0.341099	0.132508	-52.838858	-24.800105	-29.560120
0.336000	0.000000	2.963017	0.011587	0.002761	0.000000	-1.354102	0.211592	0.068780	-55.252031	-30.949150	-32.624060
0.337000	0.000000	2.958643	0.009301	0.000475	0.000000	-1.460779	0.083498	-0.002703	-58.977945	-37.019402	-36.046585
0.338000	0.000000	2.954285	0.008795	-3.269023E-5	0.000000	-1.567077	0.013406	-0.073012	-64.439655	-40.357083	-39.282516
0.339000	0.000000	2.949852	0.009112	0.000283	0.000000	-1.675189	0.005732	-0.134623	-68.787020	-40.726529	-42.140806
0.340000	0.000000	2.945415	0.007724	-0.001096	0.000000	-1.783399	-0.019727	-0.224206	-71.152457	-41.957142	-46.827557
0.341000	0.000000	2.940998	0.005132	-0.003684	0.000000	-1.891178	-0.113021	-0.314122	-72.862925	-46.413009	-51.389600
0.342000	0.000000	2.936581	0.004230	-0.004621	0.000000	-1.998923	-0.198565	-0.334847	-75.311108	-50.413054	-50.733464
0.343000	0.000000	2.932160	0.004628	-0.004234	0.000000	-2.106587	-0.214821	-0.310715	-79.701626	-51.130477	-46.584576
0.344000	0.000000	2.927740	0.003342	-0.005392	0.000000	-2.214290	-0.236237	-0.335310	-85.173045	-52.427155	-46.503824
0.345000	0.000000	2.923321	0.000732	-0.007962	0.000000	-2.322752	-0.327296	-0.433639	-89.143756	-56.974527	-51.682631
0.346000	0.000000	2.918893	-0.000217	-0.009387	0.000000	-2.431083	-0.414325	-0.529455	-91.429033	-60.012220	-55.019930
0.347000	0.000000	2.914471	0.000175	-0.009142	0.000000	-2.536452	-0.431725	-0.556298	-93.921992	-58.069192	-53.135078
0.348000	0.000000	2.910077	-0.000992	-0.008418	0.000000	-2.642336	-0.450435	-0.533766	-96.639486	-55.587495	-50.669935
0.349000	0.000000	2.905665	-0.003563	-0.008379	0.000000	-2.759326	-0.538424	-0.524469	-98.059038	-57.442382	-51.157534
0.350000	0.000000	2.901143	-0.004978	-0.010012	0.000000	-2.874286	-0.635653	-0.565621	-98.041218	-61.439088	-52.071583
0.351000	0.000000	2.896694	-0.004725	-0.012496	0.000000	-2.945841	-0.664851	-0.628436	-97.270334	-61.433168	-50.217804
0.352000	0.000000	2.892651	-0.004001	-0.013685	0.000000	-2.981952	-0.641726	-0.657089	-96.666842	-56.045012	-47.294260
0.353000	0.000000	2.888336	-0.003970	-0.013426	0.000000	-3.063647	-0.631938	-0.650173	-98.721347	-51.396625	-46.261923
0.354000	0.000000	2.882388	-0.005615	-0.013119	0.000000	-3.218282	-0.673542	-0.642789	-103.571169	-52.340407	-45.095451
0.355000	0.000000	2.875472	-0.008097	-0.013190	0.000000	-3.358806	-0.736495	-0.644656	-106.202171	-54.844226	-41.274840
0.356000	0.000000	2.869749	-0.009274	-0.013271	0.000000	-3.434920	-0.764791	-0.646625	-104.491997	-52.661423	-37.101567
0.357000	0.000000	2.865572	-0.009010	-0.013252	0.000000	-3.508440	-0.757710	-0.646124	-102.587534	-46.157211	-34.043041
0.358000	0.000000	2.861843	-0.008706	-0.013231	0.000000	-3.607968	-0.750411	-0.645599	-102.247080	-39.709928	-30.614105
0.359000	0.000000	2.857445	-0.008777	-0.013236	0.000000	-3.698401	-0.752311	-0.645723	-101.491629	-36.462753	-27.271916
0.360000	0.000000	2.851396	-0.008858	-0.013242	0.000000	-3.787336	-0.754251	-0.645861	-100.578440	-36.189631	-24.344667
0.361000	0.000000	2.844502	-0.008839	-0.013240	0.000000	-3.883645	-0.753782	-0.645873	-100.011675	-34.954980	-20.079397
0.362000	0.000000	2.838817	-0.008818	-0.013238	0.000000	-3.965976	-0.753288	-0.645843	-98.799902	-30.488908	-15.796235
0.363000	0.000000	2.834644	-0.008823	-0.013238	0.000000	-4.052292	-0.753248	-0.645669	-97.779463	-26.413448	-14.801030
0.364000	0.000000	2.830917	-0.008828	-0.013241	0.000000	-4.150386	-0.753295	-0.645654	-97.323751	-25.641611	-15.949503
0.365000	0.000000	2.826510	-0.008826	-0.013241	0.000000	-4.232791	-0.753931	-0.646340	-96.119110	-24.652085	-14.810954
0.366000	0.000000	2.820411	-0.008827	-0.013233	0.000000	-4.321225	-0.754229	-0.646422	-95.165383	-20.330137	-10.132515
0.367000	0.000000	2.813510	-0.008828	-0.013231	0.000000	-4.436506	-0.751715	-0.643846	-95.496360	-16.066228	-5.447199
0.368000	0.000000	2.807978	-0.008820	-0.013262	0.000000	-4.522628	-0.750497	-0.643556	-94.579787	-15.179636	-4.155134
0.369000	0.000000	2.803842	-0.008819	-0.013268	0.000000	-4.536322	-0.759947	-0.653197	-90.189817	-14.738661	-5.687203
0.370000	0.000000	2.799611	-0.008848	-0.013154	0.000000	-4.524178	-0.764447	-0.654192	-84.040550	-10.763023	-6.177300
0.371000	0.000000	2.795095	-0.008854	-0.013132	0.000000	-4.546584	-0.726795	-0.615864	-79.633244	-4.340082	-2.392510
0.372000	0.000000	2.790992	-0.008743	-0.013559	0.000000	-4.597878	-0.662186	-0.564383	-78.668452	0.126910	3.050164
0.373000	0.000000	2.786664	-0.008722	-0.013637	0.000000	-4.664881	-0.636960	-0.541559	-80.139455	0.226930	5.501431
0.374000	0.000000	2.780649	-0.009140	-0.011906	0.000000	-4.758810	-0.655408	-0.507602	-80.722037	-1.117589	6.789101
0.375000	0.000000	2.773729	-0.009212	-0.009392	0.000000	-4.842319	-0.638624	-0.427731	-77.335102	1.662726	10.240861
0.376000	0.000000	2.768165	-0.007513	-0.008685	0.000000	-4.865987	-0.538036	-0.351338	-71.770504	9.450461	13.967537
0.377000	0.000000	2.764040	-0.005008	-0.009049	0.000000	-4.853099	-0.404741	-0.288046	-67.532333	17.145230	17.075183
0.378000	0.000000	2.759923	-0.004163	-0.007600	0.000000	-4.846825	-0.328381	-0.196958	-63.732641	20.444202	21.388850
0.379000	0.000000	2.755424	-0.004503	-0.005011	0.000000	-4.850260	-0.324334	-0.121415	-59.156768	20.289360	24.961156
0.380000	0.000000	2.750897	-0.003592	-0.004241	0.000000	-4.852566	-0.309864	-0.110347	-54.960214	21.068919	25.494099
0.381000	0.000000	2.746494	-0.001084	-0.004623	0.000000	-4.851738	-0.214826	-0.086030	-50.685806	25.686895	26.658587
0.382000	0.000000	2.742200	0.001867	-0.003179	0.000000	-4.848736	-0.079635	0.012318	-45.956709	32.102228	31.342431
0.383000	0.000000	2.737788	0.004051	-0.000587	0.000000	-4.848625	-0.004367	0.098371	-42.030926	35.662908	35.438764
0.384000	0.000000	2.732967	0.004416	0.000174	0.000000	-4.858365	-0.005174	0.107506	-38.384440	35.622560	35.865440
0.385000	0.000000	2.728498	0.004145	-0.000206	0.000000	-4.859555	0.019596	0.126491	-33.769961	36.804315	36.768828
0.386000	0.000000	2.725704	0.005709	0.001245	0.000000	-4.819908	0.121378	0.224548	-27.957975	41.681352	41.470877
0.387000	0.000000	2.723768	0.008268	0.003833	0.000000	-4.759157	0.206955	0.322444	-20.853911	45.770665	46.136473
0.388000	0.000000	2.720550	0.008986	0.004606	0.000000	-4.729779	0.214915	0.335316	-13.965347	46.030035	46.626739
0.389000	0.000000	2.715834	0.008617	0.004231	0.000000	-4.737645	0.234364	0.308525	-10.238932	46.898135	45.337177
0.390000	0.000000	2.710730	0.010089	0.005597	0.000000	-4.754504	0.332985	0.340867	-10.389647	52.044372	47.336409
0.391000	0.000000	2.706354	0.012672	0.008172	0.000000	-4.750967	0.430473	0.443508	-10.799474	56.900970	52.271461
0.392000	0.000000	2.703652	0.013436	0.009308	0.000000	-4.708346	0.442960	0.531809	-7.702967	55.702650	54.651114
0.393000	0.000000	2.701690	0.013066	0.008970	0.000000	-4.657578	0.416281	0.552574	-2.842831	51.355573	53.188432
0.394000	0.000000	2.698436	0.014411	0.008775	0.000000	-4.631705	0.448315	0.541491	1.579809	51.679789	51.573831
0.395000	0.000000	2.693717	0.016982	0.008874	0.000000	-4.601749	0.551136	0.536426	7.479079	57.454450	49.715618
0.396000	0.000000	2.688610	0.018242	0.008547	0.000000	-4.557612	0.642429	0.530152	13.557475	61.002536	45.613484
0.397000	0.000000	2.684244	0.017910	0.008494	0.000000	-4.524508	0.663014	0.530867	16.260886	57.192865	42.009773
0.398000	0.000000	2.681595	0.017199	0.010162	0.000000	-4.487247	0.639248	0.571089	17.421491	49.713758	40.911181
0.399000	0.000000	2.679633	0.017267	0.012649	0.000000	-4.444146	0.633484	0.631207	19.175189	45.803120	39.436405
0.400000	0.000000	2.676221	0.019043	0.013712	0.000000	-4.420099	0.678539	0.657258	20.483826	47.755886	37.079696
0.401000	0.000000	2.671485	0.021497	0.013390	0.000000	-4.388092	0.740368	0.649555	22.117774	50.011044	36.185794
0.402000	0.000000	2.666903	0.022526	0.013112	0.000000	-4.331672	0.765004	0.642748	24.765065	46.658549	34.703740
0.403000	0.000000	2.662572	0.022211	0.013199	0.000000	-4.298661	0.756787	0.644813	26.194038	39.829614	30.118811
0.404000	0.000000	2.657812	0.021942	0.013273	0.000000	-4.312975	0.750356	0.646623	25.507166	35.939179	26.107207
0.405000	0.000000	2.653356	0.022027	0.013250	0.000000	-4.330758	0.752557	0.646115	25.124162	36.082436	25.648064
0.406000	0.000000	2.650628	0.022098	0.013230	0.000000	-4.289817	0.754266	0.645647	27.130398	34.984300	24.721712
0.407000	0.000000	2.648688	0.022075	0.013237	0.000000	-4.188355	0.753721	0.645600	30.073955	30.111597	20.050074
0.408000	0.000000	2.645312	0.022057	0.013241	0.000000	-4.102397	0.753280	0.645673	31.274289	26.015447	15.391847
0.409000	0.000000	2.640562	0.022063	0.013239	0.000000	-4.083320	0.753246	0.646375	30.783759	25.634801	14.812356
0.410000	0.000000	2.635840	0.022067	0.013240	0.000000	-4.097617	0.753315	0.646542	30.477556	24.711946	16.096056
0.411000	0.000000	2.631508	0.022066	0.013241	0.000000	-4.100074	0.753998	0.643772	31.163336	20.048241	14.424040
0.412000	0.000000	2.627274	0.022066	0.013233	0.000000	-4.093209	0.754157	0.643055	31.321819	15.413538	9.502220
0.413000	0.000000	2.622828	0.022067	0.013233	0.000000	-4.101548	0.751448	0.653461	28.895136	14.689879	5.792945
0.414000	0.000000	2.617964	0.022059	0.013262	0.000000	-4.114638	0.750766	0.656077	25.854283	15.927859	4.928674
0.415000	0.000000	2.613557	0.022059	0.013262	0.000000	-4.075410	0.760948	0.613843	26.490251	14.887268	3.445297
0.416000	0.000000	2.610915	0.022089	0.013152	0.000000	-3.971075	0.763431	0.549851	30.032123	10.109301	0.639288
0.417000	0.000000	2.608959	0.022088	0.013155	0.000000	-3.883086	0.721985	0.532688	32.120294	3.788379	0.120762
0.418000	0.000000	2.605425	0.021977	0.013565	0.000000	-3.868647	0.658176	0.551560	31.231458	-0.230377	0.985352
0.419000	0.000000	2.600671	0.021981	0.013551	0.000000	-3.884205	0.637663	0.515865	28.716283	-0.075485	-2.629698
0.420000	0.000000	2.596403	0.022395	0.011828	0.000000	-3.878572	0.656031	0.410691	26.932117	1.073653	-10.500745
0.421000	0.000000	2.592055	0.022376	0.009362	0.000000	-3.874187	0.633380	0.331787	25.995814	-2.150427	-15.498653
0.422000	0.000000	2.585963	0.020637	0.008256	0.000000	-3.915376	0.529787	0.314119	22.510283	-10.027682	-15.973158
0.423000	0.000000	2.579055	0.018174	0.008605	0.000000	-3.979139	0.397731	0.287413	16.787260	-17.489187	-16.920716
0.424000	0.000000	2.573562	0.017112	0.009314	0.000000	-4.005517	0.318556	0.241499	13.959241	-20.868130	-19.205440
0.425000	0.000000	2.569497	0.017461	0.009193	0.000000	-3.987082	0.318176	0.219984	15.518686	-20.579998	-20.316154
0.426000	0.000000	2.565619	0.018029	0.007241	0.000000	-3.972670	0.338625	0.181635	17.051809	-19.711066	-22.118096
0.427000	0.000000	2.561084	0.017914	0.004815	0.000000	-4.015141	0.297684	0.087081	13.079766	-21.741991	-26.598392
0.428000	0.000000	2.555342	0.016481	0.004281	0.000000	-4.107950	0.200308	0.010938	3.828837	-26.352994	-30.222011
0.429000	0.000000	2.548446	0.014014	0.004588	0.000000	-4.197639	0.122639	-0.000424	-4.535323	-30.030487	-30.766522
0.430000	0.000000	2.540910	0.011321	0.003083	0.000000	-4.266440	0.065942	-0.028001	-8.719994	-32.728772	-32.113145
0.431000	0.000000	2.534413	0.009206	0.000533	0.000000	-4.300424	-0.021548	-0.123499	-9.657496	-36.898197	-36.668608
0.432000	0.000000	2.530954	0.008378	-0.000601	0.000000	-4.278050	-0.104731	-0.213971	-8.475036	-40.891888	-40.844900
0.433000	0.000000	2.529258	0.008649	-0.000213	0.000000	-4.253497	-0.116762	-0.232223	-7.632773	-41.472354	-41.679918
0.434000	0.000000	2.526427	0.009289	0.000483	0.000000	-4.274701	-0.092136	-0.207013	-8.245370	-40.170661	-40.974958
0.435000	0.000000	2.521533	0.009169	0.000334	0.000000	-4.314704	-0.127862	-0.205880	-9.526942	-41.839428	-41.045546
0.436000	0.000000	2.514890	0.007206	-0.001548	0.000000	-4.361622	-0.238439	-0.254184	-13.629142	-47.589872	-41.334604
0.437000	0.000000	2.508149	0.004788	-0.003969	0.000000	-4.401500	-0.328151	-0.305262	-20.496426	-51.980086	-40.719640
0.438000	0.000000	2.503332	0.004285	-0.004854	0.000000	-4.412496	-0.332300	-0.325555	-25.209995	-50.204027	-40.868747
0.439000	0.000000	2.499178	0.004583	-0.004508	0.000000	-4.449189	-0.307722	-0.357812	-27.644827	-45.995143	-43.303422
0.440000	0.000000	2.493049	0.003042	-0.004382	0.000000	-4.550827	-0.346936	-0.415385	-31.743885	-46.885678	-44.345229
0.441000	0.000000	2.486111	0.000497	-0.004460	0.000000	-4.636810	-0.452323	-0.443217	-36.106600	-52.778765	-40.662306
0.442000	0.000000	2.481160	-0.000603	-0.004096	0.000000	-4.642073	-0.539018	-0.426492	-36.565993	-55.828517	-36.108501
0.443000	0.000000	2.477056	-0.000200	-0.004134	0.000000	-4.630418	-0.554297	-0.420656	-34.049584	-51.623044	-34.989278
0.444000	0.000000	2.470988	0.000488	-0.005942	0.000000	-4.672788	-0.529812	-0.466863	-33.030868	-44.168711	-35.917898
0.445000	0.000000	2.464035	0.000316	-0.008391	0.000000	-4.726278	-0.527446	-0.528397	-34.321975	-40.285785	-36.661720
0.446000	0.000000	2.458943	-0.001583	-0.009304	0.000000	-4.741792	-0.575851	-0.550095	-35.938569	-42.572701	-36.670416
0.447000	0.000000	2.454862	-0.003995	-0.008939	0.000000	-4.774768	-0.636432	-0.540700	-38.195177	-46.431252	-34.396921
0.448000	0.000000	2.449326	-0.004879	-0.008698	0.000000	-4.862483	-0.657425	-0.534988	-40.349579	-45.481402	-29.622346
0.449000	0.000000	2.442280	-0.004521	-0.008796	0.000000	-4.952003	-0.648233	-0.537503	-40.193018	-40.406707	-26.116243
0.450000	0.000000	2.434931	-0.004288	-0.008860	0.000000	-5.015380	-0.642706	-0.539023	-38.940072	-36.445014	-25.647579
0.451000	0.000000	2.428493	-0.004385	-0.008834	0.000000	-5.057236	-0.645166	-0.538394	-37.656980	-33.862299	-24.304428
0.452000	0.000000	2.423895	-0.004447	-0.008817	0.000000	-5.063741	-0.646637	-0.537989	-36.348409	-29.766157	-19.737621
0.453000	0.000000	2.419647	-0.004421	-0.008824	0.000000	-5.064069	-0.646023	-0.537981	-37.429462	-25.775778	-15.429049
0.454000	0.000000	2.413444	-0.004404	-0.008829	0.000000	-5.106934	-0.645630	-0.538093	-40.639865	-25.184194	-14.565246
0.455000	0.000000	2.406541	-0.004411	-0.008827	0.000000	-5.156663	-0.645617	-0.538758	-41.998180	-26.356224	-15.797392
0.456000	0.000000	2.401558	-0.004416	-0.008825	0.000000	-5.170706	-0.645728	-0.538704	-40.762001	-24.660299	-15.848755
0.457000	0.000000	2.397451	-0.004414	-0.008826	0.000000	-5.206425	-0.646400	-0.536047	-40.228731	-19.426689	-13.422037
0.458000	0.000000	2.391687	-0.004412	-0.008828	0.000000	-5.299302	-0.646338	-0.536177	-42.752475	-15.151768	-10.995955
0.459000	0.000000	2.384671	-0.004413	-0.008827	0.000000	-5.384240	-0.643658	-0.546158	-46.273534	-14.826600	-10.504892
0.460000	0.000000	2.378034	-0.004415	-0.008819	0.000000	-5.430158	-0.643819	-0.545604	-46.712835	-16.004658	-8.942474
0.461000	0.000000	2.371455	-0.004415	-0.008821	0.000000	-5.486534	-0.653885	-0.503629	-44.557489	-14.616595	-4.202124
0.462000	0.000000	2.363995	-0.004405	-0.008852	0.000000	-5.562437	-0.653213	-0.444251	-44.077479	-9.566173	-0.049200
0.463000	0.000000	2.357555	-0.004408	-0.008844	0.000000	-5.570938	-0.610858	-0.417083	-44.231636	-3.420935	0.448031
0.464000	0.000000	2.354763	-0.004441	-0.008730	0.000000	-5.470538	-0.551600	-0.422795	-40.005744	0.128460	-0.101832
0.465000	0.000000	2.352958	-0.004433	-0.008759	0.000000	-5.380565	-0.525474	-0.440807	-33.703681	0.206593	1.240750
0.466000	0.000000	2.347669	-0.004307	-0.009187	0.000000	-5.410418	-0.530924	-0.448291	-32.578097	-0.165627	3.814576
0.467000	0.000000	2.340370	-0.004340	-0.009074	0.000000	-5.493880	-0.545594	-0.397909	-35.813687	1.440786	7.246947
0.468000	0.000000	2.334872	-0.004810	-0.007212	0.000000	-5.517362	-0.554249	-0.293346	-35.361622	3.913465	11.778771
0.469000	0.000000	2.330948	-0.004681	-0.004787	0.000000	-5.473012	-0.516149	-0.221183	-29.072848	6.727454	14.943124
0.470000	0.000000	2.326702	-0.002658	-0.003840	0.000000	-5.408396	-0.406640	-0.205574	-21.733011	11.504391	15.806179
0.471000	0.000000	2.322180	-0.000279	-0.004256	0.000000	-5.334876	-0.282930	-0.179007	-15.214092	17.132195	17.143628
0.472000	0.000000	2.318127	7.507061E-5	-0.004905	0.000000	-5.275254	-0.222694	-0.132643	-10.381824	20.117751	19.321460
0.473000	0.000000	2.313612	-0.000171	-0.004676	0.000000	-5.301011	-0.208503	-0.099393	-11.298606	20.863534	20.885494
0.474000	0.000000	2.307272	0.001645	-0.002740	0.000000	-5.414287	-0.170825	-0.061643	-16.677063	22.628470	22.682763
0.475000	0.000000	2.300442	0.004120	-0.000349	0.000000	-5.511839	-0.126065	-0.020276	-19.281171	24.741206	24.657961
0.476000	0.000000	2.295321	0.004521	0.000566	0.000000	-5.517364	-0.113358	0.005664	-17.176238	25.345637	25.924886
0.477000	0.000000	2.291254	0.004253	0.000149	0.000000	-5.454542	-0.072015	0.041386	-13.515993	27.319681	27.623330
0.478000	0.000000	2.286608	0.006060	-0.000500	0.000000	-5.403419	0.031030	0.084609	-9.380661	32.258564	29.555062
0.479000	0.000000	2.282226	0.008539	-0.000256	0.000000	-5.392835	0.103739	0.112136	-4.453980	35.717945	30.872044
0.480000	0.000000	2.279681	0.008958	0.001723	0.000000	-5.353590	0.106722	0.151967	1.459499	35.732397	33.244059
0.481000	0.000000	2.277688	0.008685	0.004098	0.000000	-5.252691	0.137632	0.206833	8.450834	37.211956	35.830353
0.482000	0.000000	2.274046	0.010396	0.004886	0.000000	-5.172314	0.241430	0.227950	14.962866	42.634041	34.837128
0.483000	0.000000	2.269237	0.012906	0.004499	0.000000	-5.168837	0.329494	0.209629	18.742901	46.795566	31.137135
0.484000	0.000000	2.264719	0.013723	0.004261	0.000000	-5.178963	0.339588	0.204770	18.665465	45.259334	29.612045
0.485000	0.000000	2.260365	0.013311	0.004376	0.000000	-5.137146	0.312740	0.251653	15.875828	41.159042	32.116526
0.486000	0.000000	2.255568	0.013204	0.004549	0.000000	-5.084544	0.314340	0.315603	14.096239	39.991115	36.019492
0.487000	0.000000	2.251276	0.013275	0.004478	0.000000	-5.065033	0.362401	0.336147	16.446915	42.539253	37.354184
0.488000	0.000000	2.248756	0.012893	0.004022	0.000000	-5.026989	0.411920	0.316104	22.232874	45.595946	34.000618
0.489000	0.000000	2.246747	0.013028	0.004194	0.000000	-4.940954	0.436746	0.314439	27.448034	47.190204	28.942133
0.490000	0.000000	2.243216	0.014963	0.006149	0.000000	-4.855219	0.475227	0.364533	29.418733	47.208378	27.891237
0.491000	0.000000	2.238352	0.017361	0.008537	0.000000	-4.794620	0.528040	0.424335	29.227429	44.508593	29.995657
0.492000	0.000000	2.233293	0.018128	0.009299	0.000000	-4.760986	0.549098	0.442268	27.328088	39.620357	29.584538
0.493000	0.000000	2.229150	0.017728	0.008901	0.000000	-4.749868	0.540836	0.432146	25.018379	36.358548	26.894730
0.494000	0.000000	2.226715	0.017525	0.008699	0.000000	-4.705648	0.535252	0.427403	28.350610	35.416868	25.085521
0.495000	0.000000	2.224663	0.017632	0.008806	0.000000	-4.604414	0.537476	0.430126	38.565379	33.728594	23.417569
0.496000	0.000000	2.221095	0.017686	0.008860	0.000000	-4.523068	0.538962	0.431386	47.084311	31.667956	21.507712
0.497000	0.000000	2.216233	0.017657	0.008831	0.000000	-4.520120	0.538367	0.430641	47.487827	31.034548	20.236961
0.498000	0.000000	2.211183	0.017643	0.008817	0.000000	-4.543136	0.537971	0.430309	43.400252	29.046921	18.520119
0.499000	0.000000	2.207052	0.017651	0.008825	0.000000	-4.503293	0.538116	0.430559	42.863158	24.146968	16.473772
0.500000	0.000000	2.204630	0.017655	0.008829	0.000000	-4.391241	0.538225	0.430636	47.694994	20.689834	15.166648
0.501000	0.000000	2.202572	0.017653	0.008826	0.000000	-4.279575	0.538241	0.430383	51.143590	20.548505	13.257896
0.502000	0.000000	2.198986	0.017652	0.008825	0.000000	-4.206559	0.538198	0.430405	49.815817	19.074570	10.646301
0.503000	0.000000	2.194117	0.017652	0.008826	0.000000	-4.143377	0.537990	0.431167	48.997021	14.121906	9.676982
0.504000	0.000000	2.189070	0.017653	0.008826	0.000000	-4.109388	0.538055	0.430994	50.449921	9.931495	10.541187
0.505000	0.000000	2.184954	0.017652	0.008826	0.000000	-4.141676	0.538872	0.428197	49.394604	9.489703	10.639403
0.506000	0.000000	2.182546	0.017652	0.008826	0.000000	-4.156405	0.538646	0.428892	46.701952	10.757404	8.439974
0.507000	0.000000	2.180480	0.017652	0.008826	0.000000	-4.077793	0.535584	0.439331	47.940529	10.535463	5.891839
0.508000	0.000000	2.176879	0.017654	0.008828	0.000000	-3.987595	0.536452	0.436628	51.306583	8.288160	4.784799
0.509000	0.000000	2.172001	0.017653	0.008827	0.000000	-3.972463	0.547895	0.391203	50.215530	6.474962	3.576136
0.510000	0.000000	2.166949	0.017645	0.008818	0.000000	-3.999979	0.544543	0.331844	44.808298	5.133194	0.828815
0.511000	0.000000	2.162853	0.017649	0.008823	0.000000	-3.996328	0.495284	0.308852	40.899562	0.955093	-2.651466
0.512000	0.000000	2.160490	0.017680	0.008855	0.000000	-3.943640	0.438038	0.319775	40.522889	-4.285818	-4.979038
0.513000	0.000000	2.158401	0.017665	0.008839	0.000000	-3.895764	0.429015	0.335215	41.201067	-5.718211	-5.097777
0.514000	0.000000	2.154662	0.017547	0.008719	0.000000	-3.876833	0.432154	0.326694	41.573095	-5.175347	-5.021531
0.515000	0.000000	2.149838	0.017607	0.008780	0.000000	-3.839876	0.389304	0.280969	41.227267	-6.949893	-6.973022
0.516000	0.000000	2.145236	0.018045	0.009228	0.000000	-3.785504	0.339626	0.233586	38.995731	-9.421419	-9.359055
0.517000	0.000000	2.140925	0.017819	0.008996	0.000000	-3.765773	0.324333	0.205618	36.061688	-10.220450	-10.750848
0.518000	0.000000	2.136552	0.015826	0.006964	0.000000	-3.773209	0.282265	0.166208	35.567161	-12.195326	-12.592021
0.519000	0.000000	2.132103	0.013458	0.004617	0.000000	-3.768434	0.180437	0.124814	36.890572	-17.025406	-14.547374
0.520000	0.000000	2.127669	0.012665	0.003973	0.000000	-3.769683	0.100629	0.103147	34.933774	-20.832737	-15.591008
0.521000	0.000000	2.123257	0.013143	0.004371	0.000000	-3.815229	0.102058	0.064594	27.429101	-20.769856	-17.430557
0.522000	0.000000	2.118842	0.013761	0.004430	0.000000	-3.874307	0.123787	0.008100	19.298462	-19.735871	-20.108735
0.523000	0.000000	2.114418	0.013409	0.004385	0.000000	-3.893375	0.073476	-0.012229	14.913505	-22.129588	-21.077846
0.524000	0.000000	2.109988	0.011354	0.004784	0.000000	-3.884129	-0.037855	0.006966	12.345142	-27.421206	-20.200040
0.525000	0.000000	2.105573	0.009024	0.004564	0.000000	-3.881601	-0.114607	0.007394	10.847023	-31.079167	-20.171436
0.526000	0.000000	2.101185	0.008259	0.002533	0.000000	-3.882428	-0.123219	-0.044943	12.345149	-31.528141	-22.530499
0.527000	0.000000	2.096746	0.008737	0.000186	0.000000	-3.873713	-0.108954	-0.106407	13.461526	-30.838077	-25.490419
0.528000	0.000000	2.092205	0.009356	-0.000470	0.000000	-3.879785	-0.095590	-0.120668	9.428942	-30.055917	-26.666630
0.529000	0.000000	2.087855	0.008986	-4.807424E-5	0.000000	-3.924418	-0.095303	-0.099263	3.008398	-30.083574	-25.518619
0.530000	0.000000	2.083884	0.006887	0.000126	0.000000	-3.972261	-0.149776	-0.099226	0.009605	-33.222398	-23.353762
0.531000	0.000000	2.079198	0.004584	1.248629E-5	0.000000	-4.000445	-0.253163	-0.149681	-0.022146	-37.986002	-22.929763
0.532000	0.000000	2.072710	0.003956	-3.364120E-5	0.000000	-4.040043	-0.326969	-0.209047	-2.081649	-39.154916	-24.661870
0.533000	0.000000	2.065965	0.004369	-3.240192E-6	0.000000	-4.081159	-0.335596	-0.226885	-6.548554	-36.839689	-26.031434
0.534000	0.000000	2.060943	0.004535	9.004515E-6	0.000000	-4.102619	-0.321763	-0.216880	-9.850254	-35.751318	-26.290258
0.535000	0.000000	2.056925	0.004424	8.400415E-7	0.000000	-4.141225	-0.319518	-0.212162	-12.590068	-35.793892	-25.659803
0.536000	0.000000	2.052553	0.004380	-2.410115E-6	0.000000	-4.197816	-0.323223	-0.214850	-17.044794	-33.929851	-23.610450
0.537000	0.000000	2.048094	0.004410	-2.175696E-7	0.000000	-4.219546	-0.323812	-0.216104	-20.668675	-31.592283	-21.413804
0.538000	0.000000	2.044077	0.004422	6.450651E-7	0.000000	-4.198944	-0.322820	-0.215381	-20.627218	-30.816794	-20.047587
0.539000	0.000000	2.039402	0.004414	5.629051E-8	0.000000	-4.189771	-0.322665	-0.215048	-19.836260	-28.806219	-18.155071
0.540000	0.000000	2.032918	0.004411	-1.726465E-7	0.000000	-4.247185	-0.322931	-0.215243	-22.797633	-23.969909	-16.193164
0.541000	0.000000	2.026171	0.004413	-1.454723E-8	0.000000	-4.352670	-0.322972	-0.215331	-27.761246	-20.171458	-15.165654
0.542000	0.000000	2.021129	0.004414	4.620600E-8	0.000000	-4.425439	-0.322901	-0.215279	-29.057591	-20.236141	-13.327290
0.543000	0.000000	2.017142	0.004413	3.754845E-9	0.000000	-4.435218	-0.322889	-0.215254	-26.710039	-21.270295	-10.635907
0.544000	0.000000	2.012916	0.004413	-1.236500E-8	0.000000	-4.419515	-0.322908	-0.215269	-25.054262	-18.875463	-9.668551
0.545000	0.000000	2.008359	0.004413	-9.676587E-10	0.000000	-4.407569	-0.322915	-0.215279	-24.925707	-13.574282	-10.583108
0.546000	0.000000	2.003776	0.004413	3.305323E-9	0.000000	-4.418993	-0.322908	-0.215274	-25.590102	-9.919102	-10.603217
0.547000	0.000000	1.999468	0.004413	2.480740E-10	0.000000	-4.465318	-0.322893	-0.215257	-27.756646	-9.508262	-8.110174
0.548000	0.000000	1.995508	0.004413	-8.702873E-10	0.000000	-4.511506	-0.322901	-0.215265	-30.371081	-10.187950	-5.183718
0.549000	0.000000	1.990769	0.004413	-6.006821E-11	0.000000	-4.539259	-0.322956	-0.215322	-31.403519	-10.826959	-4.507310
0.550000	0.000000	1.984241	0.004413	1.795249E-10	0.000000	-4.579495	-0.322930	-0.215295	-31.194123	-10.839370	-5.525294
0.551000	0.000000	1.977525	0.004413	2.129992E-12	0.000000	-4.620112	-0.322724	-0.215084	-30.850014	-8.235655	-5.517040
0.552000	0.000000	1.972533	0.004413	1.516498E-10	0.000000	-4.641936	-0.322823	-0.215186	-30.547196	-3.317124	-3.119291
0.553000	0.000000	1.968536	0.004413	4.711133E-11	0.000000	-4.681808	-0.323590	-0.215971	-30.560246	0.160901	-0.329740
0.554000	0.000000	1.964237	0.004413	-7.877261E-10	0.000000	-4.735701	-0.323214	-0.215582	-31.168670	0.589587	0.538215
0.555000	0.000000	1.959725	0.004413	-1.826808E-10	0.000000	-4.754566	-0.320350	-0.212651	-31.045080	0.067257	0.201402
0.556000	0.000000	1.955385	0.004414	3.006167E-9	0.000000	-4.742756	-0.321783	-0.214134	-28.644330	-0.107856	-0.093935
0.557000	0.000000	1.950906	0.004413	6.563028E-10	0.000000	-4.739767	-0.332479	-0.225081	-25.807167	-0.440753	-0.487163
0.558000	0.000000	1.946045	0.004411	-1.126280E-8	0.000000	-4.753153	-0.327016	-0.219426	-25.409863	-0.152547	-0.158192
0.559000	0.000000	1.941954	0.004413	-2.340596E-9	0.000000	-4.746295	-0.278375	-0.169850	-26.064314	2.116439	2.168151
0.560000	0.000000	1.939665	0.004421	4.214079E-8	0.000000	-4.693606	-0.220416	-0.112617	-23.992158	4.869005	4.877673
0.561000	0.000000	1.937523	0.004415	8.323438E-9	0.000000	-4.637715	-0.201215	-0.096904	-18.596667	5.795989	5.635170
0.562000	0.000000	1.933620	0.004382	-1.576547E-7	0.000000	-4.625282	-0.213671	-0.106613	-12.981537	5.204816	5.177080
0.563000	0.000000	1.928791	0.004407	-2.951625E-8	0.000000	-4.635380	-0.228131	-0.108059	-9.997180	4.512831	5.105693
0.564000	0.000000	1.924351	0.004528	5.897895E-7	0.000000	-4.635783	-0.216600	-0.106927	-9.550715	5.061395	5.158452
0.565000	0.000000	1.919948	0.004433	1.043457E-7	0.000000	-4.635122	-0.168799	-0.116690	-10.266999	7.338537	4.694246
0.566000	0.000000	1.915095	0.003983	-2.206355E-6	0.000000	-4.645804	-0.122959	-0.111376	-11.344533	9.521736	4.947750
0.567000	0.000000	1.911018	0.004341	-3.676041E-7	0.000000	-4.638213	-0.095545	-0.061787	-10.439034	10.826823	7.308863
0.568000	0.000000	1.908817	0.006493	8.253574E-6	0.000000	-4.583647	-0.054743	-0.004333	-5.634749	12.769018	10.044005
0.569000	0.000000	1.906604	0.008754	1.289984E-6	0.000000	-4.526866	-0.014678	0.011483	-0.731444	14.677285	10.797533
0.570000	0.000000	1.902392	0.009250	-3.087432E-5	0.000000	-4.523469	0.006438	0.000420	0.751904	15.685449	10.273386
0.571000	0.000000	1.897797	0.008840	-4.506633E-6	0.000000	-4.538731	0.047634	-0.003175	1.941153	17.645924	10.100918
0.572000	0.000000	1.894914	0.008820	0.000115	0.000000	-4.494723	0.103325	0.002512	5.970889	20.288076	10.361741
0.573000	0.000000	1.893266	0.008837	1.566378E-5	0.000000	-4.376680	0.119063	0.001203	12.631202	21.042181	10.304234
0.574000	0.000000	1.891649	0.008427	-0.000432	0.000000	-4.251606	0.098968	-0.010457	20.485815	20.121793	9.786383
0.575000	0.000000	1.888938	0.008773	-5.412045E-5	0.000000	-4.195250	0.103357	-0.001540	25.735771	20.312920	10.192506
0.576000	0.000000	1.884531	0.010924	0.002106	0.000000	-4.204743	0.158519	0.051353	26.182037	22.803268	12.571629
0.577000	0.000000	1.880098	0.013186	0.004360	0.000000	-4.206215	0.214771	0.106402	25.549580	25.550212	15.263640
0.578000	0.000000	1.877384	0.013693	0.004865	0.000000	-4.163641	0.226421	0.118662	27.434572	26.614277	16.368684
0.579000	0.000000	1.875612	0.013252	0.004426	0.000000	-4.108895	0.215373	0.107934	30.678956	25.828026	15.588559
0.580000	0.000000	1.873565	0.013118	0.004292	0.000000	-4.044811	0.212289	0.104686	33.403997	23.364956	13.073170
0.581000	0.000000	1.871211	0.013236	0.004410	0.000000	-3.944072	0.215253	0.107564	35.692086	20.746136	10.484840
0.582000	0.000000	1.868846	0.013272	0.004445	0.000000	-3.837202	0.216069	0.108425	38.119626	19.870670	9.777551
0.583000	0.000000	1.866774	0.013240	0.004414	0.000000	-3.764751	0.215274	0.107652	40.977644	20.425940	10.203098
0.584000	0.000000	1.865022	0.013230	0.004404	0.000000	-3.710252	0.215058	0.107425	44.053694	21.104246	10.261147
0.585000	0.000000	1.862396	0.013239	0.004413	0.000000	-3.671220	0.215271	0.107632	45.931568	20.565275	10.217081
0.586000	0.000000	1.857993	0.013242	0.004415	0.000000	-3.667469	0.215328	0.107692	46.078681	18.291784	10.684851
0.587000	0.000000	1.853558	0.013239	0.004413	0.000000	-3.663831	0.215271	0.107637	46.760614	16.106185	10.429190
0.588000	0.000000	1.850904	0.013239	0.004412	0.000000	-3.623498	0.215256	0.107621	48.319741	14.800051	8.067050
0.589000	0.000000	1.849105	0.013239	0.004413	0.000000	-3.570799	0.215271	0.107635	48.230888	12.857846	5.331821
0.590000	0.000000	1.846902	0.013239	0.004413	0.000000	-3.508950	0.215275	0.107640	48.472170	10.950158	4.578876
0.591000	0.000000	1.844686	0.013239	0.004413	0.000000	-3.403789	0.215272	0.107636	53.318096	9.944440	5.105534
0.592000	0.000000	1.842887	0.013239	0.004413	0.000000	-3.283840	0.215270	0.107635	59.756679	7.982660	5.276663
0.593000	0.000000	1.840283	0.013239	0.004413	0.000000	-3.225623	0.215270	0.107636	60.433312	5.330726	5.005876
0.594000	0.000000	1.835885	0.013239	0.004413	0.000000	-3.235393	0.215271	0.107636	54.347002	4.581365	5.068257
0.595000	0.000000	1.831445	0.013239	0.004413	0.000000	-3.238825	0.215275	0.107636	48.227650	5.538456	5.623476
0.596000	0.000000	1.828770	0.013239	0.004413	0.000000	-3.194021	0.215272	0.107636	47.677587	5.329292	5.198821
0.597000	0.000000	1.827014	0.013239	0.004413	0.000000	-3.130990	0.215257	0.107636	51.131111	2.701835	2.680112
0.598000	0.000000	1.824957	0.013239	0.004413	0.000000	-3.071936	0.215268	0.107636	54.013272	0.023661	0.058749
0.599000	0.000000	1.822595	0.013239	0.004413	0.000000	-3.010986	0.215325	0.107636	54.888334	-0.528384	-0.525034
