LabVIEW Measurement	
Writer_Version	2
Reader_Version	2
Separator	Tab
Decimal_Separator	.
Multi_Headings	No
X_Columns	One
Time_Pref	Relative
Operator	MSE_SETUP3
Date	2025/02/24
Time	13:44:14.7474989891052246094
***End_of_Header***	
	
Channels	11											
Samples	600	600	600	600	600	600	600	600	600	600	600	
Date	1903/12/31	1903/12/31	1903/12/31	1903/12/31	1903/12/31	1903/12/31	1903/12/31	1903/12/31	1903/12/31	1903/12/31	1903/12/31	
Time	19:00:00	19:00:00	19:00:00	19:00:00	19:00:00	19:00:00	19:00:00	19:00:00	19:00:00	19:00:00	19:00:00	
X_Dimension	Time	Time	Time	Time	Time	Time	Time	Time	Time	Time	Time	
X0	0.0000000000000000E+0	0.0000000000000000E+0	0.0000000000000000E+0	0.0000000000000000E+0	0.0000000000000000E+0	0.0000000000000000E+0	0.0000000000000000E+0	0.0000000000000000E+0	0.0000000000000000E+0	0.0000000000000000E+0	0.0000000000000000E+0	
Delta_X	0.001000	0.001000	0.001000	0.001000	0.001000	0.001000	0.001000	0.001000	0.001000	0.001000	0.001000	
***End_of_Header***												
X_Value	Input Trajectory	Displacement 1	Displacement 2	Displacement 3	Control Effort	Velocity 1	Velocity 2	Velocity 3	Acceleration 1	Acceleration 2	Acceleration 3	Comment
0.000000	0.000000	0.000000	0.000000	0.000000	0.000000	-0.421621	-0.412066	0.402488	-17.285205	-16.846221	16.390026
0.001000	0.000000	-5.276344E-37	-3.546903E-38	2.720707E-39	0.000000	-0.417014	-0.410862	0.401284	-17.149027	-16.857178	16.359912
0.002000	0.000000	4.707039E-39	3.164200E-40	-2.427149E-41	0.000000	-0.412056	-0.411798	0.402220	-17.091171	-17.074606	16.613547
0.003000	0.000000	1.586389E-36	1.066414E-37	-8.180097E-39	0.000000	-0.410922	-0.412181	0.402605	-17.051109	-17.111798	16.916976
0.004000	0.000000	-3.305433E-38	-2.222002E-39	1.704421E-40	0.000000	-0.411816	-0.411881	0.402303	-16.935875	-16.940217	16.939958
0.005000	0.000000	-5.828239E-36	-3.917902E-37	3.005287E-38	0.000000	-0.411879	-0.411542	0.401958	-16.840322	-16.820267	16.646280
0.006000	0.000000	1.846920E-37	1.241550E-38	-9.523504E-40	0.000000	-0.411825	-0.411809	0.402230	-16.818667	-16.817256	16.365502
0.007000	0.000000	2.176392E-35	1.463030E-36	-1.122240E-37	0.000000	-0.412695	-0.412785	0.403230	-16.903133	-16.922762	16.408638
0.008000	0.000000	-9.213150E-37	-6.193331E-38	4.750691E-39	0.000000	-0.412004	-0.412008	0.402434	-17.086551	-17.087873	16.630951
0.009000	0.000000	-8.136491E-35	-5.469572E-36	4.195520E-37	0.000000	-0.407446	-0.407421	0.397758	-17.149619	-17.091025	16.646683
0.010000	0.000000	4.309885E-36	2.897222E-37	-2.222360E-38	0.000000	-0.402447	-0.402446	0.392855	-16.944475	-16.941104	16.484598
0.011000	0.000000	3.042024E-34	2.044932E-35	-1.568597E-36	0.000000	-0.401034	-0.401040	0.391781	-16.599663	-16.869306	16.424158
0.012000	0.000000	-1.935505E-35	-1.301099E-36	9.980286E-38	0.000000	-0.402201	-0.402201	0.392669	-16.361669	-16.818797	16.364868
0.013000	0.000000	-1.137312E-33	-7.645320E-35	5.864462E-36	0.000000	-0.403483	-0.403481	0.392711	-16.418794	-16.696328	16.184590
0.014000	0.000000	8.450442E-35	5.680618E-36	-4.357407E-37	0.000000	-0.402414	-0.402414	0.392675	-16.636717	-16.634607	16.170820
0.015000	0.000000	4.251922E-33	2.858258E-34	-2.192471E-35	0.000000	-0.397635	-0.397636	0.393571	-16.655554	-16.596173	16.402300
0.016000	0.000000	-3.614099E-34	-2.429496E-35	1.863583E-36	0.000000	-0.392820	-0.392820	0.392815	-16.468815	-16.483296	16.483033
0.017000	0.000000	-1.589570E-32	-1.068553E-33	8.196500E-35	0.000000	-0.391804	-0.391803	0.388128	-16.375692	-16.394961	16.220054
0.018000	0.000000	1.521498E-33	1.022793E-34	-7.845492E-36	0.000000	-0.392677	-0.392677	0.383235	-16.417683	-16.362314	15.912695
0.019000	0.000000	5.942416E-32	3.994654E-33	-3.064162E-34	0.000000	-0.392703	-0.392705	0.382203	-16.422602	-16.405305	15.905206
0.020000	0.000000	-6.326134E-33	-4.252600E-34	3.262023E-35	0.000000	-0.392680	-0.392680	0.383100	-16.377867	-16.631283	16.175088
0.021000	0.000000	-2.221442E-31	-1.493314E-32	1.145470E-33	0.000000	-0.393579	-0.393573	0.383131	1.335354	0.880648	-0.921797
0.022000	0.000000	2.603940E-32	1.750440E-33	-1.342702E-34	0.000000	-0.392787	-0.392786	0.383104	1.153690	0.860766	-0.865706
0.023000	0.000000	8.304160E-31	5.582283E-32	-4.281977E-33	0.000000	-0.388071	-0.388094	0.384001	1.142124	1.128775	-0.867573
0.024000	0.000000	-1.062943E-31	-7.145393E-33	5.480985E-34	0.000000	-0.383203	-0.383205	0.383199	1.319970	1.379830	-0.924084
0.025000	0.000000	-3.104167E-30	-2.086706E-31	1.600640E-32	0.000000	-0.382208	-0.382122	0.378475	1.409870	1.417078	-1.134693
0.026000	0.000000	4.308768E-31	2.896472E-32	-2.221784E-33	0.000000	-0.383107	-0.383100	0.373614	1.370098	1.354359	-1.349676
0.027000	0.000000	1.160335E-29	7.800087E-31	-5.983178E-32	0.000000	-0.383129	-0.383452	0.372632	1.366487	1.350338	-1.409399
0.028000	0.000000	-1.736239E-30	-1.167147E-31	8.952786E-33	0.000000	-0.383110	-0.383130	0.373531	1.408819	1.412144	-1.414234
0.029000	0.000000	-4.337207E-29	-2.915589E-30	2.236448E-31	0.000000	-0.384003	-0.382796	0.373550	1.333375	1.391043	-1.375413
0.030000	0.000000	6.960416E-30	4.678982E-31	-3.589086E-32	0.000000	-0.383170	-0.383107	0.373533	1.155976	1.157844	-1.153563
0.031000	0.000000	1.621160E-28	1.089788E-29	-8.359387E-31	0.000000	-0.378436	-0.384094	0.374427	1.143382	0.873922	-0.877517
0.032000	0.000000	-2.777904E-29	-1.867383E-30	1.432405E-31	0.000000	-0.373584	-0.383161	0.373582	1.307113	0.851369	-0.866594
0.033000	0.000000	-6.059406E-28	-4.073299E-29	3.124487E-30	0.000000	-0.372569	-0.378394	0.368839	1.411026	1.133685	-1.134769
0.034000	0.000000	1.104308E-28	7.423462E-30	-5.694283E-31	0.000000	-0.373535	-0.373574	0.363996	1.426098	1.424162	-1.367380
0.035000	0.000000	2.264765E-27	1.522437E-28	-1.167809E-29	0.000000	-0.373804	-0.372576	0.362992	1.362413	1.420874	-1.413477
0.036000	0.000000	-4.374708E-28	-2.940798E-29	2.255785E-30	0.000000	-0.373545	-0.373538	0.363959	1.147183	1.147542	-1.410071
0.037000	0.000000	-8.464569E-27	-5.690115E-28	4.364691E-29	0.000000	-0.373472	-0.373806	0.364230	0.921340	0.905428	-1.361181
0.038000	0.000000	1.727652E-27	1.161375E-28	-8.908507E-30	0.000000	-0.373543	-0.373544	0.363966	0.869561	0.869487	-1.150594
0.039000	0.000000	3.163554E-26	2.126628E-27	-1.631263E-28	0.000000	-0.373567	-0.373455	0.363877	0.910001	0.915292	-0.921795
0.040000	0.000000	-6.803773E-27	-4.573682E-28	3.508314E-29	0.000000	-0.373543	-0.373543	0.363965	0.912386	0.912466	-0.868490
0.041000	0.000000	-1.182318E-25	-7.947867E-27	6.096535E-28	0.000000	-2.883703E-24	-1.938504E-25	1.486960E-26	18.699043	18.699051	-18.242861
0.042000	0.000000	2.672682E-26	1.796650E-27	-1.378149E-28	0.000000	6.518738E-25	4.382074E-26	-3.361338E-27	18.741850	18.741556	-18.244311
0.043000	0.000000	4.418575E-25	2.970287E-26	-2.278405E-27	0.000000	1.077701E-23	7.244602E-25	-5.557085E-26	18.704126	18.704099	-18.243041
0.044000	0.000000	-1.047491E-25	-7.041519E-27	5.401307E-28	0.000000	-2.554856E-24	-1.717444E-25	1.317392E-26	18.479575	18.480674	-18.285775
0.045000	0.000000	-1.651272E-24	-1.110030E-25	8.514662E-27	0.000000	-4.027494E-23	-2.707391E-24	2.076747E-25	18.247758	18.247850	-18.247576
0.046000	0.000000	4.096812E-25	2.753989E-26	-2.112490E-27	0.000000	9.992225E-24	6.717047E-25	-5.152415E-26	18.200403	18.196294	-18.022597
0.047000	0.000000	6.170834E-24	4.148203E-25	-3.181944E-26	0.000000	1.505082E-22	1.011757E-23	-7.760839E-25	18.243169	18.242868	-17.791164
0.048000	0.000000	-1.599232E-24	-1.075047E-25	8.246318E-27	0.000000	-3.900565E-23	-2.622067E-24	2.011297E-25	18.244230	18.259598	-17.744389
0.049000	0.000000	-2.305992E-23	-1.550151E-24	1.189067E-25	0.000000	-5.624370E-22	-3.780855E-23	2.900164E-24	18.243310	18.244277	-17.787174
0.050000	0.000000	6.231800E-24	4.189186E-25	-3.213381E-26	0.000000	1.519951E-22	1.021753E-23	-7.837514E-25	18.285846	18.228374	-17.788089
0.051000	0.000000	8.617081E-23	5.792637E-24	-4.443333E-25	0.000000	2.101727E-21	1.412838E-22	-1.083740E-23	18.246191	18.243175	-17.787303
0.052000	0.000000	-2.424441E-23	-1.629775E-24	1.250145E-25	0.000000	-5.913270E-22	-3.975062E-23	3.049133E-24	18.020760	18.290170	-17.829845
0.053000	0.000000	-3.219966E-22	-2.164549E-23	1.660351E-24	0.000000	-7.853576E-21	-5.279388E-22	4.049637E-23	17.789727	18.245778	-17.789634
0.054000	0.000000	9.417989E-23	6.331030E-24	-4.856315E-25	0.000000	2.297071E-21	1.544154E-22	-1.184467E-23	17.741388	18.018742	-17.563777
0.055000	0.000000	1.203181E-21	8.088113E-23	-6.204113E-24	0.000000	2.934588E-20	1.972710E-21	-1.513198E-22	17.787370	17.789222	-17.333136
0.056000	0.000000	-3.653425E-22	-2.455932E-23	1.883861E-24	0.000000	-8.910792E-21	-5.990078E-22	4.594783E-23	17.800182	17.741718	-17.285318
0.057000	0.000000	-4.495721E-21	-3.022147E-22	2.318185E-23	0.000000	-1.096517E-19	-7.371089E-21	5.654109E-22	17.787834	17.787502	-17.331404
0.058000	0.000000	1.415401E-21	9.514710E-23	-7.298406E-24	0.000000	3.452197E-20	2.320661E-21	-1.780099E-22	17.784383	17.800296	-17.344282
0.059000	0.000000	1.679795E-20	1.129204E-21	-8.661737E-23	0.000000	4.097061E-19	2.754157E-20	-2.112619E-21	17.787753	17.787800	-17.331704
0.060000	0.000000	-5.476884E-21	-3.681711E-22	2.824114E-23	0.000000	-1.335825E-19	-8.979782E-21	6.888082E-22	17.788888	17.783595	-17.327471
0.061000	0.000000	-6.276273E-20	-4.219082E-21	3.236313E-22	0.000000	-1.530798E-18	-1.029045E-19	7.893446E-21	17.787763	17.787763	-17.331667
0.062000	0.000000	2.116881E-20	1.423025E-21	-1.091554E-22	0.000000	5.163125E-19	3.470794E-20	-2.662326E-21	2.458645E-17	1.652768E-18	-1.267782E-19
0.063000	0.000000	2.344963E-19	1.576348E-20	-1.209162E-21	0.000000	5.719421E-18	3.844751E-19	-2.949176E-20	2.723534E-16	1.830834E-17	-1.404370E-18
0.064000	0.000000	-8.173330E-20	-5.494336E-21	4.214516E-22	0.000000	-1.993495E-18	-1.340082E-19	1.027931E-20	-9.492885E-17	-6.381377E-18	4.894935E-19
0.065000	0.000000	-8.761099E-19	-5.889450E-20	4.517595E-21	0.000000	-2.136854E-17	-1.436451E-18	1.101852E-19	-1.017549E-15	-6.840244E-17	5.246916E-18
0.066000	0.000000	3.152601E-19	2.119265E-20	-1.625615E-21	0.000000	7.689271E-18	5.168938E-19	-3.964915E-20	3.661577E-16	2.461412E-17	-1.888064E-18
0.067000	0.000000	3.273179E-18	2.200321E-19	-1.687790E-20	0.000000	7.983364E-17	5.366636E-18	-4.116562E-19	3.801602E-15	2.555540E-16	-1.960267E-17
0.068000	0.000000	-1.214876E-18	-8.166727E-20	6.264415E-21	0.000000	-2.963111E-17	-1.991885E-18	1.527906E-19	-1.411013E-15	-9.485213E-17	7.275780E-18
0.069000	0.000000	-1.222840E-17	-8.220262E-19	6.305481E-20	0.000000	-2.982536E-16	-2.004942E-17	1.537922E-18	-1.420255E-14	-9.547342E-16	7.323438E-17
0.070000	0.000000	4.677467E-18	3.144321E-19	-2.411900E-20	0.000000	1.140845E-16	7.669075E-18	-5.882684E-19	5.432624E-15	3.651959E-16	-2.801292E-17
0.071000	0.000000	4.568333E-17	3.070958E-18	-2.355626E-19	0.000000	1.114228E-15	7.490142E-17	-5.745430E-18	5.305845E-14	3.566734E-15	-2.735919E-16
0.072000	0.000000	-1.799396E-17	-1.209603E-18	9.278450E-20	0.000000	-4.388771E-16	-2.950252E-17	2.263037E-18	-2.089901E-14	-1.404889E-15	1.077642E-16
0.073000	0.000000	-1.706611E-16	-1.147230E-17	8.800009E-19	0.000000	-4.162465E-15	-2.798123E-16	2.146344E-17	-1.982126E-13	-1.332439E-14	1.022068E-15
0.074000	0.000000	6.916711E-17	4.649602E-18	-3.566550E-19	0.000000	1.687003E-15	1.134049E-16	-8.698902E-18	8.033383E-14	5.400260E-15	-4.142353E-16
0.075000	0.000000	6.375285E-16	4.285641E-17	-3.287368E-18	0.000000	1.554948E-14	1.045278E-15	-8.017970E-17	7.404511E-13	4.977515E-14	-3.818080E-15
0.076000	0.000000	-2.656728E-16	-1.785925E-17	1.369922E-18	0.000000	-6.479824E-15	-4.355915E-16	3.341272E-17	-3.085645E-13	-2.074255E-14	1.591089E-15
0.077000	0.000000	-2.381515E-15	-1.600919E-16	1.228010E-17	0.000000	-5.808572E-14	-3.904681E-15	2.995146E-16	-2.765986E-12	-1.859372E-13	1.426260E-14
0.078000	0.000000	1.019731E-15	6.854913E-17	-5.258168E-18	0.000000	2.487150E-14	1.671930E-15	-1.282480E-16	1.184362E-12	7.961606E-14	-6.107074E-15
0.079000	0.000000	8.896010E-15	5.980141E-16	-4.587161E-17	0.000000	2.169759E-13	1.458571E-14	-1.118820E-15	1.033218E-11	6.945575E-13	-5.327712E-14
0.080000	0.000000	-3.911388E-15	-2.629342E-16	2.016878E-17	0.000000	-9.539971E-14	-6.413029E-15	4.919214E-16	-4.542863E-12	-3.053837E-13	2.342493E-14
0.081000	0.000000	-3.322965E-14	-2.233788E-15	1.713462E-16	0.000000	-8.104792E-13	-5.448263E-14	4.179175E-15	-3.859424E-11	-2.594410E-12	1.990083E-13
0.082000	0.000000	1.499328E-14	1.007889E-15	-7.731172E-17	0.000000	3.656898E-13	2.458267E-14	-1.885652E-15	1.741387E-11	1.170608E-12	-8.979332E-14
0.083000	0.000000	1.241208E-13	8.343739E-15	-6.400195E-16	0.000000	3.027336E-12	2.035058E-13	-1.561023E-14	1.441589E-10	9.690752E-12	-7.433443E-13
0.084000	0.000000	-5.743759E-14	-3.861112E-15	2.961726E-16	0.000000	-1.400917E-12	-9.417346E-14	7.223722E-15	-6.671060E-11	-4.484469E-12	3.439882E-13
0.085000	0.000000	-4.636089E-13	-3.116505E-14	2.390564E-15	0.000000	-1.130753E-11	-7.601233E-13	5.830644E-14	-5.384539E-10	-3.619634E-11	2.776497E-12
0.086000	0.000000	2.199084E-13	1.478284E-14	-1.133941E-15	0.000000	5.363619E-12	3.605571E-13	-2.765709E-14	2.554114E-10	1.716945E-11	-1.317010E-12
0.087000	0.000000	1.731599E-12	1.164028E-13	-8.928858E-15	0.000000	4.223411E-11	2.839093E-12	-2.177770E-13	2.011148E-9	1.351949E-10	-1.037033E-11
0.088000	0.000000	-8.414815E-13	-5.656669E-14	4.339036E-15	0.000000	-2.052394E-11	-1.379675E-12	1.058301E-13	-9.773343E-10	-6.569908E-11	5.039551E-12
0.089000	0.000000	-6.467420E-12	-4.347576E-13	3.334876E-14	0.000000	-1.577420E-10	-1.060385E-11	8.133845E-13	-7.511520E-9	-5.049449E-10	3.873259E-11
0.090000	0.000000	3.218217E-12	2.163374E-13	-1.659450E-14	0.000000	7.849311E-11	5.276521E-12	-4.047438E-13	3.737781E-9	2.512639E-10	-1.927359E-11
0.091000	0.000000	2.415478E-11	1.623751E-12	-1.245523E-13	0.000000	5.891411E-10	3.960367E-11	-3.037862E-12	2.805433E-8	1.885889E-9	-1.446600E-10
0.092000	0.000000	-1.230167E-11	-8.269518E-13	6.343263E-14	0.000000	-3.000407E-10	-2.016956E-11	1.547137E-12	-1.428771E-8	-9.604586E-10	7.367347E-11
0.093000	0.000000	-9.021184E-11	-6.064286E-12	4.651705E-13	0.000000	-2.200289E-9	-1.479094E-10	1.134562E-11	-1.047756E-7	-7.043304E-9	5.402677E-10
0.094000	0.000000	4.700021E-11	3.159482E-12	-2.423530E-13	0.000000	1.146346E-9	7.706054E-11	-5.911049E-12	5.458813E-8	3.669563E-9	-2.814796E-10
0.095000	0.000000	3.369086E-10	2.264792E-11	-1.737244E-12	0.000000	8.217283E-9	5.523882E-10	-4.237180E-11	3.912991E-7	2.630420E-8	-2.017704E-9
0.096000	0.000000	-1.794863E-10	-1.206556E-11	9.255076E-13	0.000000	-4.377715E-9	-2.942819E-10	2.257336E-11	-2.084633E-7	-1.401348E-8	1.074926E-9
0.097000	0.000000	-1.258198E-9	-8.457949E-11	6.487802E-12	0.000000	-3.068775E-8	-2.062914E-9	1.582391E-10	-1.461321E-6	-9.823400E-8	7.535192E-9
0.098000	0.000000	6.851203E-10	4.605566E-11	-3.532771E-12	0.000000	1.671025E-8	1.123309E-9	-8.616515E-11	7.957290E-7	5.349108E-8	-4.103116E-9
0.099000	0.000000	4.698658E-9	3.158567E-10	-2.422828E-11	0.000000	1.146014E-7	7.703821E-9	-5.909336E-10	5.457209E-6	3.668485E-7	-2.813969E-8
0.100000	0.000000	-2.614050E-9	-1.757236E-10	1.347915E-11	0.000000	-6.375732E-8	-4.285941E-9	3.287598E-10	-3.036073E-6	-2.040931E-7	1.565528E-8
0.101000	0.032035	-1.754636E-8	-1.179514E-9	9.047647E-11	0.000000	-4.279599E-7	-2.876864E-8	2.206743E-9	-2.037904E-5	-1.369935E-6	1.050830E-7
0.102000	0.063939	9.969649E-9	6.701870E-10	-5.140774E-11	0.000000	2.431622E-7	1.634603E-8	-1.253847E-9	1.157919E-5	7.783848E-7	-5.970722E-8
0.103000	0.095579	6.552216E-8	4.404578E-9	-3.378601E-10	0.000000	1.598101E-6	1.074287E-7	-8.240489E-9	7.610005E-5	5.115653E-6	-3.924042E-7
0.104000	0.126827	-3.800768E-8	-2.554980E-9	1.959837E-10	0.000000	-9.270166E-7	-6.231659E-8	4.780091E-9	-4.414379E-5	-2.967466E-6	2.276241E-7
0.105000	0.157554	-2.446682E-7	-1.644726E-8	1.261613E-9	0.000000	-5.967516E-6	-4.011527E-7	3.077105E-8	-0.000284	-1.910251E-5	1.465288E-6
0.106000	0.187634	1.448421E-7	9.736684E-9	-7.468676E-10	0.000000	3.532735E-6	2.374801E-7	-1.821628E-8	0.000168	1.130861E-5	-8.674448E-7
0.107000	0.216942	9.135973E-7	6.141451E-8	-4.710895E-9	0.000000	2.228286E-5	1.497915E-6	-1.148999E-7	0.001061	7.132926E-5	-5.471422E-6
0.108000	0.245359	-5.517680E-7	-3.709135E-8	2.845150E-9	0.000000	-1.345776E-5	-9.046671E-7	6.939390E-8	-0.000641	-4.307952E-5	3.304482E-6
0.109000	0.272767	-3.411302E-6	-2.293170E-7	1.759012E-8	0.000000	-8.320248E-5	-5.593098E-6	4.290273E-7	-0.003962	-0.000266	2.042987E-5
0.110000	0.299055	2.101173E-6	1.412466E-7	-1.083454E-8	0.000000	5.124813E-5	3.445039E-6	-2.642571E-7	0.002440	0.000164	-1.258371E-5
0.111000	0.324114	1.273719E-5	8.562284E-7	-6.567833E-8	0.000000	0.000311	2.088362E-5	-1.601911E-6	0.014793	0.000994	-7.628144E-5
0.112000	0.347841	-7.998644E-6	-5.376907E-7	4.124440E-8	0.000000	-0.000195	-1.311441E-5	1.005961E-6	-0.009290	-0.000624	4.790305E-5
0.113000	0.370139	-4.755703E-5	-3.196914E-6	2.452242E-7	0.000000	-0.001160	-7.797350E-5	5.981079E-6	-0.055235	-0.003713	0.000285
0.114000	0.390916	3.077701E-5	2.046168E-6	-1.569545E-7	0.000000	0.000751	4.990654E-5	-3.828159E-6	0.035746	0.002377	-0.000182
0.115000	0.410086	0.000261	1.193603E-5	-9.155721E-7	0.000000	0.006358	0.000291	-2.233103E-5	0.302781	0.013863	-0.001063
0.116000	0.427571	0.000400	-7.784115E-6	5.970927E-7	0.000000	0.009753	-0.000190	1.456324E-5	0.464439	-0.009041	0.000693
0.117000	0.443300	0.000352	-4.456327E-5	3.418296E-6	0.000000	0.008578	-0.001087	8.337306E-5	0.408465	-0.051758	0.003970
0.118000	0.457206	0.000438	2.997862E-5	-2.270772E-6	0.000000	0.010672	0.000731	-5.538467E-5	0.508208	0.034818	-0.002637
0.119000	0.469234	0.000832	0.000251	-1.276187E-5	0.000000	0.020283	0.006120	-0.000311	0.965871	0.291420	-0.014822
0.120000	0.479334	0.001246	0.000408	8.633229E-6	0.000000	0.030397	0.009942	0.000211	1.447474	0.473413	0.010027
0.121000	0.487464	0.001469	0.000394	4.764388E-5	0.000000	0.035828	0.009601	0.001162	1.706112	0.457213	0.055336
0.122000	0.493591	0.001595	0.000410	-3.322769E-5	0.000000	0.038910	0.009996	-0.000810	1.852880	0.475997	-0.038592
0.123000	0.497690	0.001751	0.000591	-0.000264	0.000000	0.042717	0.014414	-0.006435	2.034138	0.686369	-0.306417
0.124000	0.499743	0.002038	0.000834	-0.000400	0.000000	0.049703	0.020350	-0.009755	2.366723	0.969025	-0.464539
0.125000	0.499743	0.002457	0.001044	-0.000351	0.000000	0.059929	0.025465	-0.008559	2.853797	1.212634	-0.407550
0.126000	0.497690	0.002805	0.001209	-0.000441	0.000000	0.068417	0.029493	-0.010764	3.258214	1.404469	-0.512556
0.127000	0.493591	0.002987	0.001369	-0.000839	0.000000	0.072845	0.033389	-0.020453	3.468618	1.589928	-0.973957
0.128000	0.487464	0.003202	0.001646	-0.001250	0.000000	0.078095	0.040148	-0.030486	3.717745	1.911733	-1.451685
0.129000	0.479334	0.003581	0.002065	-0.001468	0.000000	0.087343	0.050362	-0.035805	4.159841	2.398211	-1.705015
0.130000	0.469234	0.004021	0.002414	-0.001599	0.000000	0.098069	0.058889	-0.039003	4.673895	2.804485	-1.857328
0.131000	0.457206	0.004427	0.002596	-0.001765	0.000000	0.107969	0.063308	-0.043053	5.138941	3.014512	-2.050152
0.132000	0.443300	0.004788	0.002811	-0.002035	0.000000	0.116788	0.068563	-0.049624	5.546518	3.263927	-2.362966
0.133000	0.427571	0.005145	0.003191	-0.002421	0.000000	0.125496	0.077830	-0.059061	5.985270	3.706794	-2.812461
0.134000	0.410086	0.005621	0.003631	-0.002840	0.000000	0.137088	0.088562	-0.069276	6.583219	4.220963	-3.299134
0.135000	0.390916	0.006236	0.004037	-0.003233	0.000000	0.152099	0.098461	-0.078851	7.207060	4.686237	-3.754631
0.136000	0.370139	0.006782	0.004398	-0.003625	0.000000	0.165405	0.107260	-0.088411	7.573639	5.093753	-4.208983
0.137000	0.347841	0.007160	0.004754	-0.004027	0.000000	0.174643	0.115957	-0.098230	7.851917	5.530820	-4.678327
0.138000	0.324114	0.007570	0.005232	-0.004401	0.000000	0.184635	0.127622	-0.107337	8.383684	6.128974	-5.115250
0.139000	0.299055	0.008141	0.005851	-0.004758	0.000000	0.198570	0.142712	-0.116054	8.947514	6.760970	-5.523721
0.140000	0.272767	0.008793	0.006389	-0.005234	0.000000	0.214462	0.155827	-0.127660	9.246583	7.128891	-6.064211
0.141000	0.245359	0.009419	0.006756	-0.005853	0.000000	0.229737	0.164788	-0.142767	9.492388	7.373639	-6.808433
0.142000	0.216942	0.009920	0.007192	-0.006390	0.000000	0.241943	0.175410	-0.155846	9.815009	7.895660	-7.476566
0.143000	0.187634	0.010291	0.007804	-0.006754	0.000000	0.250995	0.190345	-0.164735	10.099298	8.588065	-7.805922
0.144000	0.157554	0.010723	0.008362	-0.007197	0.000000	0.261537	0.203940	-0.175526	10.420010	9.025075	-8.051965
0.145000	0.126827	0.011313	0.008745	-0.007820	0.000000	0.275924	0.213291	-0.190721	10.772463	9.187698	-8.617398
0.146000	0.095579	0.011923	0.009141	-0.008352	0.000000	0.290806	0.222963	-0.203704	10.994169	9.404636	-9.292657
0.147000	0.063939	0.012487	0.009695	-0.008696	0.000000	0.304555	0.236473	-0.212105	11.244680	9.856187	-9.587705
0.148000	0.032035	0.013134	0.010394	-0.009186	0.000000	0.320327	0.253516	-0.224053	11.784881	10.482240	-9.695232
0.149000	6.123234E-17	0.013923	0.011185	-0.009979	0.000000	0.339587	0.272804	-0.243390	12.451985	11.078855	-10.138295
0.150000	0.000000	0.014723	0.011972	-0.010789	0.000000	0.359179	0.291998	-0.263155	12.944549	11.506500	-10.826178
0.151000	0.000000	0.015387	0.012636	-0.011411	0.000000	0.375247	0.308180	-0.278329	13.198974	11.870996	-11.396447
0.152000	0.000000	0.015772	0.013024	-0.011894	0.000000	0.384375	0.317630	-0.290104	13.162169	12.110544	-11.764315
0.153000	0.000000	0.015918	0.013169	-0.012299	0.000000	0.388428	0.321201	-0.299978	12.935246	12.030376	-11.921610
0.154000	0.000000	0.016213	0.013465	-0.012654	0.000000	0.396608	0.328492	-0.308651	12.910126	11.936302	-11.885231
0.155000	0.000000	0.016824	0.014077	-0.013015	0.000000	0.409579	0.343296	-0.317446	12.975791	12.130175	-11.817649
0.156000	0.000000	0.017407	0.014655	-0.013493	0.000000	0.418197	0.357158	-0.329080	12.671335	12.318927	-11.915685
0.157000	0.000000	0.017784	0.015025	-0.014102	0.000000	0.424000	0.366647	-0.343964	12.314070	12.351777	-12.169202
0.158000	0.000000	0.018188	0.015449	-0.014662	0.000000	0.435037	0.377886	-0.357687	12.399711	12.472789	-12.355100
0.159000	0.000000	0.018766	0.016056	-0.015069	0.000000	0.447037	0.390869	-0.367480	12.495331	12.535614	-12.387744
0.160000	0.000000	0.019415	0.016630	-0.015403	0.000000	0.453255	0.399478	-0.375365	12.127859	12.226973	-12.348154
0.161000	0.000000	0.020029	0.017037	-0.015763	0.000000	0.458124	0.405589	-0.384674	11.602991	11.893466	-12.238786
0.162000	0.000000	0.020548	0.017367	-0.016250	0.000000	0.465342	0.413974	-0.397493	11.219256	11.865995	-12.129838
0.163000	0.000000	0.020953	0.017727	-0.016861	0.000000	0.472139	0.422370	-0.410439	10.961692	11.760001	-12.123505
0.164000	0.000000	0.021297	0.018215	-0.017412	0.000000	0.476732	0.429859	-0.418254	10.749377	11.405410	-12.072350
0.165000	0.000000	0.021659	0.018827	-0.017810	0.000000	0.478555	0.438846	-0.424628	10.334152	11.185985	-11.862017
0.166000	0.000000	0.022143	0.019377	-0.018166	0.000000	0.480153	0.447150	-0.434513	9.725155	11.136127	-11.609175
0.167000	0.000000	0.022755	0.019774	-0.018558	0.000000	0.486589	0.452807	-0.441876	9.322966	10.944983	-11.341527
0.168000	0.000000	0.023306	0.020131	-0.018962	0.000000	0.495593	0.457605	-0.442026	9.097076	10.530060	-10.948621
0.169000	0.000000	0.023703	0.020523	-0.019355	0.000000	0.500020	0.460417	-0.441599	8.556830	9.852456	-10.359333
0.170000	0.000000	0.024059	0.020926	-0.019746	0.000000	0.499460	0.460039	-0.445795	7.612995	8.915945	-9.638360
0.171000	0.000000	0.024451	0.021320	-0.020138	0.000000	0.498308	0.461111	-0.452171	6.625203	8.052989	-9.000783
0.172000	0.000000	0.024855	0.021711	-0.020534	0.000000	0.498244	0.466221	-0.457783	5.857020	7.525794	-8.545418
0.173000	0.000000	0.025248	0.022104	-0.020930	0.000000	0.499025	0.470559	-0.460874	5.459557	7.282369	-8.131903
0.174000	0.000000	0.025639	0.022498	-0.021316	0.000000	0.499845	0.470903	-0.460839	5.305578	7.128645	-7.660082
0.175000	0.000000	0.026032	0.022891	-0.021699	0.000000	0.497844	0.469762	-0.459968	4.820733	6.727160	-7.205578
0.176000	0.000000	0.026426	0.023285	-0.022121	0.000000	0.492449	0.469459	-0.460691	3.946200	6.007768	-6.821158
0.177000	0.000000	0.026820	0.023678	-0.022553	0.000000	0.488745	0.470262	-0.461655	3.359452	5.385883	-6.313062
0.178000	0.000000	0.027212	0.024071	-0.022836	0.000000	0.489075	0.471137	-0.458757	3.098775	4.975709	-5.466342
0.179000	0.000000	0.027605	0.024463	-0.022982	0.000000	0.488649	0.469037	-0.453202	2.552919	4.340550	-4.548324
0.180000	0.000000	0.028001	0.024860	-0.023303	0.000000	0.484390	0.463626	-0.452301	1.778709	3.464595	-4.039105
0.181000	0.000000	0.028399	0.025258	-0.023907	0.000000	0.478197	0.460214	-0.455448	1.187712	2.892213	-3.813494
0.182000	0.000000	0.028780	0.025638	-0.024513	0.000000	0.472211	0.460529	-0.455103	0.670795	2.616161	-3.353753
0.183000	0.000000	0.029157	0.026015	-0.024931	0.000000	0.469211	0.459094	-0.452238	0.184248	2.148583	-2.606902
0.184000	0.000000	0.029598	0.026457	-0.025205	0.000000	0.470895	0.454948	-0.450021	-0.059244	1.551336	-1.884851
0.185000	0.000000	0.030050	0.026912	-0.025400	0.000000	0.471386	0.452455	-0.443978	-0.254562	1.075985	-1.224928
0.186000	0.000000	0.030264	0.027119	-0.025587	0.000000	0.462235	0.448139	-0.433341	-0.777141	0.442518	-0.414881
0.187000	0.000000	0.030220	0.027064	-0.025792	0.000000	0.446268	0.437132	-0.425362	-1.613563	-0.477060	0.435802
0.188000	0.000000	0.030300	0.027175	-0.025967	0.000000	0.434473	0.426326	-0.421239	-2.481697	-1.261031	0.982725
0.189000	0.000000	0.030688	0.027600	-0.026132	0.000000	0.428139	0.419653	-0.413317	-3.212098	-1.807211	1.367131
0.190000	0.000000	0.031173	0.027969	-0.026426	0.000000	0.420742	0.409369	-0.401139	-3.775168	-2.430868	1.926644
0.191000	0.000000	0.031588	0.028134	-0.026851	0.000000	0.411332	0.394194	-0.391742	-4.196537	-3.135464	2.573941
0.192000	0.000000	0.031893	0.028380	-0.027175	0.000000	0.402584	0.384020	-0.384477	-4.558288	-3.670968	3.223528
0.193000	0.000000	0.032095	0.028806	-0.027340	0.000000	0.398121	0.384934	-0.376724	-4.767807	-3.870798	3.859926
0.194000	0.000000	0.032250	0.029142	-0.027598	0.000000	0.398358	0.389585	-0.373148	-4.793685	-3.855928	4.177430
0.195000	0.000000	0.032426	0.029306	-0.028022	0.000000	0.395429	0.386358	-0.374830	-4.972188	-4.025936	4.095698
0.196000	0.000000	0.032697	0.029563	-0.028359	0.000000	0.387169	0.377712	-0.374226	-5.270208	-4.383341	4.082944
0.197000	0.000000	0.033086	0.029991	-0.028528	0.000000	0.382417	0.374030	-0.366696	-5.239647	-4.544236	4.475932
0.198000	0.000000	0.033526	0.030318	-0.028770	0.000000	0.383948	0.373015	-0.357766	-4.990345	-4.630789	4.947069
0.199000	0.000000	0.033941	0.030477	-0.029178	0.000000	0.384220	0.366543	-0.354066	-4.993098	-4.980657	4.985326
0.200000	0.000000	0.034253	0.030753	-0.029568	0.000000	0.377723	0.358472	-0.353632	-5.282176	-5.265035	4.741431
0.201000	0.000000	0.034448	0.031199	-0.029798	0.000000	0.366652	0.355355	-0.351106	-5.606559	-5.155756	4.818791
0.202000	0.000000	0.034618	0.031463	-0.029836	0.000000	0.355813	0.351849	-0.343244	-5.827824	-5.160265	5.343067
0.203000	0.000000	0.034815	0.031436	-0.029784	0.000000	0.347973	0.343167	-0.330120	-5.916082	-5.588660	5.951568
0.204000	0.000000	0.035019	0.031442	-0.029937	0.000000	0.343066	0.334508	-0.318922	-6.006894	-5.932661	6.348379
0.205000	0.000000	0.035215	0.031640	-0.030357	0.000000	0.339459	0.327426	-0.315731	-6.258835	-6.072487	6.394755
0.206000	0.000000	0.035410	0.031892	-0.030737	0.000000	0.335401	0.318648	-0.315294	-6.475501	-6.371735	6.127806
0.207000	0.000000	0.035607	0.032097	-0.030930	0.000000	0.328374	0.310229	-0.311309	-6.374322	-6.567159	5.811018
0.208000	0.000000	0.035804	0.032249	-0.031081	0.000000	0.318263	0.304254	-0.305426	-6.095479	-6.327527	5.711205
0.209000	0.000000	0.036001	0.032411	-0.031278	0.000000	0.309630	0.299515	-0.300399	-5.944892	-6.038619	5.754277
0.210000	0.000000	0.036197	0.032733	-0.031489	0.000000	0.304734	0.297807	-0.295930	-5.876422	-5.802216	5.589843
0.211000	0.000000	0.036393	0.033178	-0.031687	0.000000	0.300831	0.298830	-0.291250	-5.710027	-5.263778	5.232810
0.212000	0.000000	0.036592	0.033424	-0.031874	0.000000	0.296100	0.295227	-0.286228	-5.487233	-4.712713	5.024517
0.213000	0.000000	0.036790	0.033395	-0.032063	0.000000	0.291108	0.284993	-0.281189	-5.308368	-4.715597	4.918499
0.214000	0.000000	0.036980	0.033409	-0.032286	0.000000	0.286137	0.275742	-0.276971	-5.332552	-5.199653	4.750158
0.215000	0.000000	0.037169	0.033612	-0.032510	0.000000	0.281229	0.271071	-0.273021	-5.577547	-5.643501	4.767955
0.216000	0.000000	0.037392	0.033853	-0.032608	0.000000	0.277069	0.267370	-0.266065	-5.636190	-5.666093	5.179293
0.217000	0.000000	0.037616	0.034048	-0.032583	0.000000	0.272904	0.262520	-0.255163	-5.441196	-5.485360	5.669661
0.218000	0.000000	0.037712	0.034234	-0.032633	0.000000	0.265665	0.257464	-0.245863	-5.559596	-5.550784	5.753973
0.219000	0.000000	0.037687	0.034433	-0.032834	0.000000	0.255476	0.252745	-0.243850	-6.117731	-5.727164	5.424580
0.220000	0.000000	0.037740	0.034626	-0.033069	0.000000	0.247203	0.247889	-0.246013	-6.524575	-5.650195	5.145350
0.221000	0.000000	0.037944	0.034816	-0.033266	0.000000	0.242503	0.242836	-0.243009	-6.439051	-5.506463	5.267788
0.222000	0.000000	0.038169	0.035038	-0.033446	0.000000	0.238300	0.238535	-0.232636	-6.112016	-5.562842	5.641419
0.223000	0.000000	0.038358	0.035260	-0.033635	0.000000	0.233602	0.234682	-0.222499	-5.819546	-5.579398	5.749749
0.224000	0.000000	0.038571	0.035358	-0.033863	0.000000	0.229592	0.227882	-0.217833	-5.637190	-5.489765	5.347027
0.225000	0.000000	0.038793	0.035335	-0.034087	0.000000	0.224283	0.216525	-0.216631	-5.656354	-5.618264	4.870997
0.226000	0.000000	0.038893	0.035380	-0.034174	0.000000	0.215678	0.206524	-0.214016	-5.894350	-5.757254	4.843611
0.227000	0.000000	0.038869	0.035575	-0.034142	0.000000	0.209872	0.206262	-0.208675	-5.977560	-5.351721	5.077068
0.228000	0.000000	0.038914	0.035836	-0.034222	0.000000	0.212060	0.213956	-0.205614	-5.538768	-4.584417	5.033095
0.229000	0.000000	0.039110	0.036058	-0.034450	0.000000	0.214880	0.216673	-0.206907	-4.922997	-4.170486	4.691398
0.230000	0.000000	0.039371	0.036135	-0.034581	0.000000	0.211785	0.208174	-0.206077	-4.659280	-4.349564	4.491533
0.231000	0.000000	0.039593	0.036103	-0.034556	0.000000	0.205374	0.198384	-0.198296	-4.731453	-4.734424	4.649263
0.232000	0.000000	0.039669	0.036189	-0.034593	0.000000	0.197118	0.196467	-0.188843	-4.938751	-4.874405	4.876565
0.233000	0.000000	0.039637	0.036420	-0.034791	0.000000	0.188875	0.196083	-0.185751	-5.105965	-4.721135	4.784591
0.234000	0.000000	0.039724	0.036539	-0.035053	0.000000	0.186065	0.188609	-0.188132	-5.002036	-4.589701	4.431258
0.235000	0.000000	0.039955	0.036504	-0.035274	0.000000	0.187914	0.179570	-0.187218	-4.677259	-4.579594	4.273940
0.236000	0.000000	0.040073	0.036580	-0.035351	0.000000	0.186522	0.177417	-0.178745	-4.509873	-4.459728	4.489312
0.237000	0.000000	0.040039	0.036812	-0.035321	0.000000	0.179051	0.176784	-0.169815	-4.667537	-4.313610	4.583296
0.238000	0.000000	0.040114	0.036933	-0.035399	0.000000	0.171425	0.169316	-0.167602	-4.832330	-4.438282	4.169590
0.239000	0.000000	0.040346	0.036897	-0.035622	0.000000	0.166337	0.160466	-0.167105	-4.729917	-4.618943	3.750378
0.240000	0.000000	0.040468	0.036973	-0.035776	0.000000	0.159199	0.158441	-0.160919	-4.584607	-4.490659	3.949092
0.241000	0.000000	0.040435	0.037205	-0.035774	0.000000	0.150795	0.157356	-0.151370	-4.590875	-4.311098	4.506829
0.242000	0.000000	0.040502	0.037327	-0.035708	0.000000	0.147675	0.149459	-0.144147	-4.515618	-4.446528	4.707699
0.243000	0.000000	0.040726	0.037294	-0.035685	0.000000	0.148984	0.142223	-0.142656	-4.253137	-4.586318	4.284793
0.244000	0.000000	0.040882	0.037361	-0.035809	0.000000	0.147982	0.144512	-0.146937	-4.077151	-4.293765	3.598197
0.245000	0.000000	0.040878	0.037585	-0.036037	0.000000	0.142919	0.149836	-0.148788	-4.127283	-3.716465	3.287848
0.246000	0.000000	0.040814	0.037741	-0.036145	0.000000	0.136557	0.148810	-0.141166	-4.177430	-3.224500	3.593560
0.247000	0.000000	0.040794	0.037737	-0.036112	0.000000	0.131311	0.142569	-0.131103	-4.017477	-3.045480	3.948204
0.248000	0.000000	0.040910	0.037672	-0.036187	0.000000	0.129340	0.135982	-0.128229	-3.834847	-3.346652	3.830795
0.249000	0.000000	0.041130	0.037651	-0.036413	0.000000	0.129904	0.131769	-0.130053	-3.912185	-3.913644	3.598144
0.250000	0.000000	0.041272	0.037770	-0.036557	0.000000	0.128570	0.130718	-0.128756	-4.110018	-4.093123	3.721446
0.251000	0.000000	0.041268	0.037993	-0.036545	0.000000	0.123696	0.128283	-0.123315	-4.194736	-3.804339	3.941057
0.252000	0.000000	0.041207	0.038125	-0.036516	0.000000	0.117409	0.120644	-0.117775	-4.188799	-3.701911	3.834319
0.253000	0.000000	0.041187	0.038113	-0.036525	0.000000	0.112075	0.114357	-0.113446	-4.049630	-3.910009	3.590316
0.254000	0.000000	0.041305	0.038087	-0.036506	0.000000	0.110125	0.114436	-0.108368	-3.750019	-3.887940	3.684910
0.255000	0.000000	0.041528	0.038096	-0.036483	0.000000	0.110918	0.114311	-0.102352	-3.578446	-3.537999	4.084794
0.256000	0.000000	0.041661	0.038077	-0.036590	0.000000	0.109545	0.108892	-0.099527	-3.731858	-3.365613	4.175770
0.257000	0.000000	0.041650	0.038053	-0.036814	0.000000	0.103850	0.102436	-0.102586	-3.936753	-3.570545	3.626621
0.258000	0.000000	0.041617	0.038162	-0.036949	0.000000	0.097591	0.100338	-0.106499	-3.879028	-3.640291	3.015049
0.259000	0.000000	0.041620	0.038385	-0.036938	0.000000	0.095301	0.101240	-0.104998	-3.624972	-3.241703	2.981136
0.260000	0.000000	0.041629	0.038520	-0.036904	0.000000	0.096138	0.099679	-0.099261	-3.342813	-2.894589	3.230682
0.261000	0.000000	0.041628	0.038509	-0.036907	0.000000	0.094825	0.094685	-0.093620	-3.065449	-3.036014	3.204727
0.262000	0.000000	0.041625	0.038475	-0.036917	0.000000	0.089791	0.089238	-0.089043	-2.904941	-3.243706	2.967939
0.263000	0.000000	0.041626	0.038478	-0.036916	0.000000	0.084301	0.083914	-0.084651	-3.017800	-3.121188	2.833144
0.264000	0.000000	0.041626	0.038487	-0.036912	0.000000	0.079725	0.078711	-0.079917	-3.298064	-3.024349	2.987564
0.265000	0.000000	0.041626	0.038486	-0.036910	0.000000	0.074528	0.076302	-0.074337	-3.497843	-3.248125	3.457131
0.266000	0.000000	0.041626	0.038484	-0.036919	0.000000	0.069097	0.076811	-0.069073	-3.515373	-3.477378	3.795952
0.267000	0.000000	0.041626	0.038484	-0.036924	0.000000	0.066667	0.075717	-0.067078	-3.328090	-3.480652	3.528017
0.268000	0.000000	0.041626	0.038485	-0.036895	0.000000	0.067241	0.070959	-0.067141	-3.050958	-3.409988	3.045815
0.269000	0.000000	0.041626	0.038485	-0.036874	0.000000	0.066143	0.064600	-0.064686	-3.009395	-3.399167	3.025844
0.270000	0.000000	0.041626	0.038484	-0.036988	0.000000	0.061359	0.059173	-0.061906	-3.264016	-3.456980	3.245127
0.271000	0.000000	0.041626	0.038484	-0.037212	0.000000	0.054997	0.057302	-0.064159	-3.503469	-3.496013	3.076086
0.272000	0.000000	0.041626	0.038485	-0.037343	0.000000	0.049582	0.058091	-0.067976	-3.529247	-3.342454	2.635173
0.273000	0.000000	0.041626	0.038485	-0.037329	0.000000	0.047725	0.055993	-0.066735	-3.318275	-3.078595	2.430482
0.274000	0.000000	0.041626	0.038485	-0.037297	0.000000	0.048513	0.050360	-0.061116	-3.026760	-3.047483	2.491908
0.275000	0.000000	0.041626	0.038485	-0.037300	0.000000	0.046400	0.047452	-0.054801	-3.034529	-3.189715	2.550832
0.276000	0.000000	0.041626	0.038485	-0.037309	0.000000	0.040766	0.048303	-0.049634	-3.340584	-3.143232	2.510372
0.277000	0.000000	0.041626	0.038485	-0.037308	0.000000	0.037872	0.046457	-0.047733	-3.413043	-2.973092	2.466396
0.278000	0.000000	0.041626	0.038485	-0.037306	0.000000	0.038721	0.040804	-0.048404	-3.101392	-2.934827	2.580127
0.279000	0.000000	0.041626	0.038485	-0.037306	0.000000	0.036873	0.037851	-0.046501	-2.891319	-2.975565	2.857048
0.280000	0.000000	0.041626	0.038485	-0.037307	0.000000	0.031232	0.038708	-0.041096	-3.050897	-2.977707	3.042922
0.281000	0.000000	0.041626	0.038485	-0.037307	0.000000	0.028237	0.036863	-0.037327	-3.233382	-2.991253	2.949238
0.282000	0.000000	0.041626	0.038485	-0.037306	0.000000	0.029043	0.031218	-0.037374	-3.132444	-3.022227	2.678358
0.283000	0.000000	0.041626	0.038485	-0.037306	0.000000	0.027405	0.028235	-0.038983	-2.970769	-2.904934	2.383829
0.284000	0.000000	0.041626	0.038485	-0.037306	0.000000	0.021952	0.029044	-0.039550	-2.968984	-2.612859	2.147672
0.285000	0.000000	0.041626	0.038485	-0.037306	0.000000	0.018145	0.027392	-0.036525	-2.932351	-2.443789	2.066295
0.286000	0.000000	0.041626	0.038485	-0.037306	0.000000	0.018236	0.021936	-0.030953	-2.680525	-2.588852	2.065924
0.287000	0.000000	0.041626	0.038485	-0.037306	0.000000	0.019806	0.018137	-0.028326	-2.347176	-2.793983	1.940335
0.288000	0.000000	0.041626	0.038485	-0.037306	0.000000	0.020301	0.018234	-0.029132	-2.207891	-2.737267	1.806962
0.289000	0.000000	0.041626	0.038485	-0.037306	0.000000	0.017474	0.019821	-0.027303	-2.369858	-2.435168	1.897078
0.290000	0.000000	0.041626	0.038485	-0.037306	0.000000	0.012101	0.020323	-0.021793	-2.573406	-2.108421	2.042527
0.291000	0.000000	0.041626	0.038485	-0.037306	0.000000	0.008638	0.017421	-0.018277	-2.510554	-1.988188	2.077558
0.292000	0.000000	0.041626	0.038485	-0.037306	0.000000	0.008716	0.011992	-0.018583	-2.203863	-2.157596	2.170273
0.293000	0.000000	0.041625	0.038485	-0.037306	0.000000	0.010210	0.008773	-0.019287	-1.874854	-2.348481	2.318556
0.294000	0.000000	0.041628	0.038485	-0.037306	0.000000	0.010754	0.009063	-0.019064	-1.760551	-2.234765	2.270023
0.295000	0.000000	0.041629	0.038485	-0.037306	0.000000	0.007890	0.009688	-0.019520	-1.934438	-1.936769	1.980766
0.296000	0.000000	0.041621	0.038485	-0.037306	0.000000	0.002270	0.009471	-0.020091	-2.101411	-1.808632	1.652828
0.297000	0.000000	0.041616	0.038485	-0.037306	0.000000	-0.001089	0.009951	-0.017463	-1.993108	-1.826311	1.531939
0.298000	0.000000	0.041647	0.038484	-0.037307	0.000000	-7.950205E-5	0.010516	-0.012021	-1.807194	-1.711519	1.700569
0.299000	0.000000	0.041663	0.038484	-0.037307	0.000000	0.001139	0.007868	-0.008713	-1.789628	-1.568413	1.890027
0.300000	0.000000	0.041543	0.038485	-0.037306	0.000000	-0.001876	0.002424	-0.008976	-1.845201	-1.687026	1.786903
0.301000	0.000000	0.041321	0.038485	-0.037306	0.000000	-0.007514	-0.000868	-0.009796	-1.845051	-1.884552	1.490478
0.302000	0.000000	0.041189	0.038484	-0.037308	0.000000	-0.010702	-0.000596	-0.009777	-1.854247	-1.783782	1.311862
0.303000	0.000000	0.041202	0.038484	-0.037309	0.000000	-0.010336	0.000217	-0.009573	-1.875185	-1.476228	1.323880
0.304000	0.000000	0.041267	0.038486	-0.037301	0.000000	-0.008754	0.000193	-0.009378	-1.721884	-1.335324	1.409754
0.305000	0.000000	0.041280	0.038487	-0.037296	0.000000	-0.008454	1.844226E-6	-0.009380	-1.447940	-1.382959	1.436645
0.306000	0.000000	0.041138	0.038479	-0.037328	0.000000	-0.011919	-0.000180	-0.010184	-1.431650	-1.312929	1.254335
0.307000	0.000000	0.040911	0.038475	-0.037344	0.000000	-0.017451	-0.000225	-0.010371	-1.699409	-1.055273	0.980090
0.308000	0.000000	0.040826	0.038506	-0.037219	0.000000	-0.019512	0.000530	-0.007181	-1.872300	-0.838442	1.006904
0.309000	0.000000	0.040861	0.038521	-0.036995	0.000000	-0.018662	0.000895	-0.002448	-1.855363	-0.825678	1.270666
0.310000	0.000000	0.040757	0.038398	-0.036875	0.000000	-0.021202	-0.002119	-1.421519E-5	-1.841706	-1.044760	1.299444
0.311000	0.000000	0.040524	0.038175	-0.036893	0.000000	-0.026874	-0.007542	0.002332	-1.855986	-1.326915	1.148813
0.312000	0.000000	0.040428	0.038047	-0.036926	0.000000	-0.029222	-0.010665	0.006980	-1.802848	-1.337410	1.202711
0.313000	0.000000	0.040463	0.038062	-0.036922	0.000000	-0.028365	-0.010306	0.010272	-1.765752	-1.061828	1.374023
0.314000	0.000000	0.040371	0.038124	-0.036905	0.000000	-0.030608	-0.008794	0.010350	-1.943705	-0.836528	1.411255
0.315000	0.000000	0.040143	0.038134	-0.036903	0.000000	-0.036166	-0.008557	0.009612	-2.234267	-0.839074	1.365538
0.316000	0.000000	0.040007	0.038000	-0.036936	0.000000	-0.039493	-0.011813	0.008878	-2.256366	-1.023839	1.352260
0.317000	0.000000	0.040023	0.037779	-0.036950	0.000000	-0.039091	-0.017206	0.008747	-1.969572	-1.270356	1.373254
0.318000	0.000000	0.040091	0.037655	-0.036824	0.000000	-0.037448	-0.020235	0.011802	-1.731359	-1.437434	1.393603
0.319000	0.000000	0.040101	0.037670	-0.036602	0.000000	-0.037204	-0.019861	0.017168	-1.767854	-1.446498	1.389923
0.320000	0.000000	0.039954	0.037732	-0.036475	0.000000	-0.040781	-0.018365	0.020258	-1.996177	-1.249177	1.379598
0.321000	0.000000	0.039728	0.037740	-0.036491	0.000000	-0.046294	-0.018152	0.019891	-2.115124	-0.979792	1.374661
0.322000	0.000000	0.039648	0.037606	-0.036556	0.000000	-0.048242	-0.021437	0.018309	-1.939439	-0.979482	1.338334
0.323000	0.000000	0.039683	0.037385	-0.036565	0.000000	-0.047404	-0.026827	0.018071	-1.747698	-1.249081	1.326111
0.324000	0.000000	0.039575	0.037261	-0.036419	0.000000	-0.050031	-0.029837	0.021644	-1.890252	-1.431150	1.486509
0.325000	0.000000	0.039343	0.037277	-0.036193	0.000000	-0.055682	-0.029447	0.027147	-2.234665	-1.411445	1.739288
0.326000	0.000000	0.039246	0.037341	-0.036112	0.000000	-0.058048	-0.027880	0.029128	-2.361613	-1.327684	1.833711
0.327000	0.000000	0.039279	0.037350	-0.036145	0.000000	-0.057251	-0.027661	0.028316	-2.158631	-1.308654	1.833315
0.328000	0.000000	0.039204	0.037203	-0.036046	0.000000	-0.059082	-0.031257	0.030747	-1.982401	-1.477748	1.958015
0.329000	0.000000	0.038984	0.036978	-0.035818	0.000000	-0.064438	-0.036754	0.036307	-2.139336	-1.775445	2.070829
0.330000	0.000000	0.038762	0.036898	-0.035687	0.000000	-0.069854	-0.038704	0.039497	-2.437711	-1.885659	1.997392
0.331000	0.000000	0.038574	0.036931	-0.035706	0.000000	-0.074447	-0.037895	0.039031	-2.535485	-1.703608	1.859308
0.332000	0.000000	0.038362	0.036830	-0.035770	0.000000	-0.079616	-0.040354	0.037472	-2.511506	-1.562473	1.673323
0.333000	0.000000	0.038155	0.036602	-0.035776	0.000000	-0.084656	-0.045913	0.037321	-2.639720	-1.678507	1.444800
0.334000	0.000000	0.038053	0.036472	-0.035638	0.000000	-0.087137	-0.049097	0.040705	-2.798676	-1.847162	1.449197
0.335000	0.000000	0.038067	0.036491	-0.035417	0.000000	-0.086853	-0.048622	0.046089	-2.678316	-1.896569	1.701890
0.336000	0.000000	0.038126	0.036558	-0.035298	0.000000	-0.085432	-0.046986	0.048996	-2.346018	-1.829927	1.875444
0.337000	0.000000	0.038134	0.036565	-0.035316	0.000000	-0.085034	-0.046824	0.048553	-2.168604	-1.667203	1.889304
0.338000	0.000000	0.037984	0.036413	-0.035377	0.000000	-0.088575	-0.050527	0.047061	-2.356382	-1.586691	1.824487
0.339000	0.000000	0.037759	0.036188	-0.035383	0.000000	-0.094815	-0.056010	0.046927	-2.731739	-1.703573	1.672611
0.340000	0.000000	0.037686	0.036115	-0.035243	0.000000	-0.097023	-0.057792	0.050328	-2.848502	-1.806244	1.579082
0.341000	0.000000	0.037720	0.036149	-0.035022	0.000000	-0.093250	-0.056967	0.055697	-2.498546	-1.838198	1.687535
0.342000	0.000000	0.037603	0.036032	-0.034904	0.000000	-0.090663	-0.059814	0.058582	-2.112820	-1.983903	1.842414
0.343000	0.000000	0.037371	0.035800	-0.034923	0.000000	-0.093116	-0.065462	0.058179	-2.136841	-2.096434	1.898566
0.344000	0.000000	0.037289	0.035719	-0.034987	0.000000	-0.095433	-0.067439	0.056636	-2.287086	-1.933913	1.836439
0.345000	0.000000	0.037325	0.035755	-0.034993	0.000000	-0.096152	-0.066619	0.056292	-2.196233	-1.751532	1.649935
0.346000	0.000000	0.037212	0.035639	-0.034839	0.000000	-0.099202	-0.069464	0.059925	-2.072385	-1.905543	1.560863
0.347000	0.000000	0.036981	0.035407	-0.034615	0.000000	-0.101383	-0.074933	0.066170	-2.063573	-2.240640	1.763909
0.348000	0.000000	0.036888	0.035326	-0.034544	0.000000	-0.098117	-0.076796	0.068283	-1.946018	-2.339721	1.903205
0.349000	0.000000	0.036920	0.035362	-0.034578	0.000000	-0.095273	-0.076682	0.064410	-1.723387	-2.163088	1.602992
0.350000	0.000000	0.036850	0.035245	-0.034459	0.000000	-0.097836	-0.079910	0.061872	-1.590373	-2.055046	1.217375
0.351000	0.000000	0.036631	0.035013	-0.034227	0.000000	-0.100637	-0.082564	0.064581	-1.465868	-2.088549	1.194447
0.352000	0.000000	0.036367	0.034933	-0.034148	0.000000	-0.101391	-0.079069	0.066940	-1.283046	-1.960645	1.328972
0.353000	0.000000	0.036167	0.034969	-0.034184	0.000000	-0.103924	-0.075076	0.066874	-1.157544	-1.653443	1.400100
0.354000	0.000000	0.036126	0.034851	-0.034065	0.000000	-0.105788	-0.078318	0.069665	-1.006301	-1.543055	1.540222
0.355000	0.000000	0.036152	0.034619	-0.033833	0.000000	-0.102896	-0.085494	0.074925	-0.750397	-1.733225	1.629519
0.356000	0.000000	0.036027	0.034541	-0.033755	0.000000	-0.100404	-0.087632	0.076757	-0.645303	-1.857641	1.460352
0.357000	0.000000	0.035798	0.034576	-0.033791	0.000000	-0.102660	-0.083513	0.076715	-0.820390	-1.739372	1.319938
0.358000	0.000000	0.035711	0.034457	-0.033671	0.000000	-0.105184	-0.081017	0.079977	-0.959498	-1.628250	1.496371
0.359000	0.000000	0.035742	0.034225	-0.033439	0.000000	-0.106056	-0.083644	0.082557	-0.832417	-1.576997	1.690278
0.360000	0.000000	0.035669	0.034146	-0.033363	0.000000	-0.108099	-0.085956	0.079001	-0.632588	-1.425974	1.527333
0.361000	0.000000	0.035448	0.034181	-0.033398	0.000000	-0.109899	-0.086609	0.075058	-0.613126	-1.372233	1.177576
0.362000	0.000000	0.035185	0.034071	-0.033278	0.000000	-0.110810	-0.089488	0.078372	-0.836151	-1.548619	1.079761
0.363000	0.000000	0.034987	0.033842	-0.033046	0.000000	-0.113696	-0.091792	0.085603	-1.096825	-1.522798	1.286710
0.364000	0.000000	0.034949	0.033723	-0.032968	0.000000	-0.115456	-0.089306	0.087745	-1.063818	-1.135421	1.407939
0.365000	0.000000	0.034975	0.033748	-0.033002	0.000000	-0.112195	-0.085678	0.083335	-0.798215	-0.868527	1.271390
0.366000	0.000000	0.034843	0.033802	-0.032892	0.000000	-0.109768	-0.084749	0.080511	-0.648415	-0.863307	1.153244
0.367000	0.000000	0.034613	0.033801	-0.032663	0.000000	-0.112992	-0.086364	0.084114	-0.656641	-0.804789	1.151857
0.368000	0.000000	0.034542	0.033688	-0.032542	0.000000	-0.115538	-0.089325	0.087883	-0.674020	-0.685327	1.033976
0.369000	0.000000	0.034576	0.033475	-0.032567	0.000000	-0.112877	-0.090916	0.084837	-0.702848	-0.672396	0.788272
0.370000	0.000000	0.034455	0.033223	-0.032634	0.000000	-0.110477	-0.091584	0.077650	-0.724011	-0.709592	0.630469
0.371000	0.000000	0.034224	0.033024	-0.032634	0.000000	-0.110686	-0.094486	0.074461	-0.611868	-0.694090	0.599512
0.372000	0.000000	0.034139	0.032982	-0.032473	0.000000	-0.108160	-0.096303	0.078858	-0.358255	-0.654260	0.679885
0.373000	0.000000	0.034172	0.033008	-0.032251	0.000000	-0.102207	-0.093226	0.085830	-0.038873	-0.674176	0.899540
0.374000	0.000000	0.034094	0.032885	-0.032190	0.000000	-0.099037	-0.090654	0.087481	0.232724	-0.741806	0.981288
0.375000	0.000000	0.033871	0.032658	-0.032222	0.000000	-0.101982	-0.093002	0.083317	0.181252	-0.699251	0.650088
0.376000	0.000000	0.033608	0.032545	-0.032093	0.000000	-0.108741	-0.096233	0.081074	-0.278354	-0.511355	0.292820
0.377000	0.000000	0.033413	0.032572	-0.031862	0.000000	-0.114958	-0.097225	0.083786	-0.693035	-0.456785	0.334732
0.378000	0.000000	0.033379	0.032625	-0.031793	0.000000	-0.115984	-0.096097	0.085913	-0.634457	-0.599229	0.438003
0.379000	0.000000	0.033404	0.032621	-0.031827	0.000000	-0.111730	-0.092480	0.086573	-0.311748	-0.545844	0.314103
0.380000	0.000000	0.033266	0.032507	-0.031700	0.000000	-0.109582	-0.089788	0.089828	-0.167901	-0.292562	0.346242
0.381000	0.000000	0.033038	0.032293	-0.031469	0.000000	-0.113351	-0.093227	0.092058	-0.250095	-0.346273	0.621729
0.382000	0.000000	0.032972	0.032039	-0.031400	0.000000	-0.115787	-0.100243	0.088341	-0.280420	-0.649259	0.632559
0.383000	0.000000	0.033006	0.031842	-0.031434	0.000000	-0.112140	-0.102198	0.084619	-0.063374	-0.605237	0.297495
0.384000	0.000000	0.032876	0.031807	-0.031306	0.000000	-0.109638	-0.097385	0.088220	0.193255	-0.266320	0.124637
0.385000	0.000000	0.032646	0.031832	-0.031075	0.000000	-0.113248	-0.094797	0.095414	0.105165	-0.261516	0.365190
0.386000	0.000000	0.032578	0.031694	-0.031007	0.000000	-0.115765	-0.099051	0.097205	-0.169994	-0.636779	0.660441
0.387000	0.000000	0.032612	0.031466	-0.031041	0.000000	-0.112211	-0.101793	0.092644	-0.116322	-0.811658	0.577803
0.388000	0.000000	0.032485	0.031402	-0.030914	0.000000	-0.109662	-0.097678	0.090275	0.158548	-0.538747	0.293359
0.389000	0.000000	0.032255	0.031435	-0.030684	0.000000	-0.112999	-0.094909	0.094162	0.120872	-0.265916	0.299011
0.390000	0.000000	0.032176	0.031303	-0.030606	0.000000	-0.115700	-0.098999	0.096878	-0.134449	-0.384911	0.573371
0.391000	0.000000	0.032208	0.031073	-0.030638	0.000000	-0.113204	-0.101759	0.093178	-0.129880	-0.484558	0.739425
0.392000	0.000000	0.032126	0.031008	-0.030552	0.000000	-0.109878	-0.097665	0.089623	0.038436	-0.151375	0.721991
0.393000	0.000000	0.031900	0.031042	-0.030326	0.000000	-0.108955	-0.094922	0.093219	-0.037834	0.065750	0.683863
0.394000	0.000000	0.031638	0.030909	-0.030077	0.000000	-0.110478	-0.099029	0.100172	-0.393828	-0.276320	0.682971
0.395000	0.000000	0.031446	0.030679	-0.029886	0.000000	-0.114145	-0.101752	0.101935	-0.719430	-0.528469	0.688252
0.396000	0.000000	0.031416	0.030616	-0.029807	0.000000	-0.115529	-0.097631	0.098192	-0.645102	-0.220443	0.708343
0.397000	0.000000	0.031438	0.030649	-0.029827	0.000000	-0.111912	-0.094925	0.095827	-0.150974	0.062258	0.702538
0.398000	0.000000	0.031299	0.030515	-0.029884	0.000000	-0.109733	-0.099060	0.095304	0.248804	-0.087401	0.548468
0.399000	0.000000	0.031072	0.030285	-0.029880	0.000000	-0.113136	-0.101760	0.092461	0.135600	-0.269667	0.311820
0.400000	0.000000	0.030999	0.030223	-0.029714	0.000000	-0.115683	-0.097613	0.090854	-0.188233	-0.244448	0.203834
0.401000	0.000000	0.031031	0.030256	-0.029495	0.000000	-0.113122	-0.094880	0.094344	-0.168587	-0.242481	0.215048
0.402000	0.000000	0.030944	0.030120	-0.029442	0.000000	-0.109847	-0.099027	0.096492	0.166830	-0.276167	0.211174
0.403000	0.000000	0.030718	0.029891	-0.029472	0.000000	-0.108959	-0.101950	0.092832	0.325172	-0.081269	0.213840
0.404000	0.000000	0.030455	0.029831	-0.029333	0.000000	-0.110522	-0.097837	0.090558	0.077071	0.207674	0.282793
0.405000	0.000000	0.030266	0.029863	-0.029105	0.000000	-0.114225	-0.094146	0.094217	-0.218458	0.154254	0.285545
0.406000	0.000000	0.030239	0.029726	-0.029046	0.000000	-0.115510	-0.098097	0.096499	-0.107725	-0.157110	0.051654
0.407000	0.000000	0.030260	0.029498	-0.029078	0.000000	-0.111760	-0.104996	0.093043	0.190705	-0.283140	-0.198193
0.408000	0.000000	0.030114	0.029438	-0.028940	0.000000	-0.109737	-0.106412	0.090813	0.117822	-0.219941	-0.087226
0.409000	0.000000	0.029888	0.029470	-0.028712	0.000000	-0.113496	-0.102891	0.093430	-0.182530	-0.248222	0.150248
0.410000	0.000000	0.029832	0.029335	-0.028652	0.000000	-0.115715	-0.100990	0.095490	-0.129308	-0.289564	0.063225
0.411000	0.000000	0.029863	0.029106	-0.028684	0.000000	-0.112001	-0.100397	0.096343	0.176172	-0.066568	-0.025446
0.412000	0.000000	0.029726	0.029035	-0.028549	0.000000	-0.109694	-0.097279	0.099645	0.167144	0.213350	0.307955
0.413000	0.000000	0.029498	0.029067	-0.028320	0.000000	-0.113193	-0.095498	0.101282	-0.157833	0.103171	0.555194
0.414000	0.000000	0.029428	0.028978	-0.028250	0.000000	-0.115695	-0.098295	0.097588	-0.320952	-0.160617	0.208002
0.415000	0.000000	0.029460	0.028749	-0.028282	0.000000	-0.113041	-0.100891	0.095316	-0.122045	-0.088652	-0.231236
0.416000	0.000000	0.029370	0.028488	-0.028192	0.000000	-0.109795	-0.101730	0.098290	0.207163	0.001071	-0.173534
0.417000	0.000000	0.029141	0.028301	-0.027962	0.000000	-0.108963	-0.103535	0.100739	0.312673	-0.281142	0.121275
0.418000	0.000000	0.028879	0.028273	-0.027701	0.000000	-0.110589	-0.104841	0.101488	0.062988	-0.472163	0.269553
0.419000	0.000000	0.028692	0.028294	-0.027515	0.000000	-0.114313	-0.105641	0.104354	-0.218082	-0.313343	0.430974
0.420000	0.000000	0.028669	0.028157	-0.027488	0.000000	-0.115474	-0.108891	0.105836	-0.111329	-0.339589	0.636878
0.421000	0.000000	0.028689	0.027932	-0.027508	0.000000	-0.111647	-0.111590	0.102233	0.192199	-0.665545	0.541889
0.422000	0.000000	0.028538	0.027829	-0.027371	0.000000	-0.109764	-0.108872	0.099955	0.159886	-0.666294	0.267162
0.423000	0.000000	0.028313	0.027861	-0.027146	0.000000	-0.113630	-0.101890	0.103777	-0.180102	-0.136348	0.346894
0.424000	0.000000	0.028262	0.027925	-0.027043	0.000000	-0.115690	-0.095540	0.107102	-0.320520	0.305215	0.679536
0.425000	0.000000	0.028292	0.027914	-0.027076	0.000000	-0.111809	-0.094962	0.103158	-0.061287	0.136895	0.600006
0.426000	0.000000	0.028147	0.027743	-0.027141	0.000000	-0.109717	-0.099744	0.095963	0.214695	-0.266589	0.083140
0.427000	0.000000	0.027921	0.027527	-0.027129	0.000000	-0.113595	-0.101632	0.094594	0.091170	-0.168360	-0.090726
0.428000	0.000000	0.027869	0.027469	-0.026953	0.000000	-0.115680	-0.097476	0.099695	-0.186632	0.358107	0.316785
0.429000	0.000000	0.027899	0.027497	-0.026738	0.000000	-0.111851	-0.095234	0.101845	-0.100662	0.532307	0.525368
0.430000	0.000000	0.027753	0.027401	-0.026695	0.000000	-0.109790	-0.098379	0.097290	0.176479	0.214828	0.183790
0.431000	0.000000	0.027527	0.027171	-0.026722	0.000000	-0.113395	-0.100782	0.094742	0.110463	0.009878	-0.035623
0.432000	0.000000	0.027476	0.026910	-0.026573	0.000000	-0.115416	-0.101539	0.099143	-0.162639	-0.054378	0.133328
0.433000	0.000000	0.027506	0.026726	-0.026348	0.000000	-0.112680	-0.104446	0.102542	-0.142171	-0.341262	0.137934
0.434000	0.000000	0.027359	0.026706	-0.026299	0.000000	-0.110749	-0.105736	0.098236	0.116391	-0.487492	-0.145072
0.435000	0.000000	0.027133	0.026724	-0.026328	0.000000	-0.109858	-0.102062	0.091439	0.277936	-0.179391	-0.292799
0.436000	0.000000	0.027083	0.026569	-0.026180	0.000000	-0.106410	-0.100250	0.090388	0.315768	0.030538	-0.234693
0.437000	0.000000	0.027112	0.026346	-0.025954	0.000000	-0.104962	-0.104138	0.093972	0.230117	-0.114677	-0.205643
0.438000	0.000000	0.026968	0.026300	-0.025906	0.000000	-0.109035	-0.106075	0.095626	-0.003414	-0.120955	-0.243488
0.439000	0.000000	0.026742	0.026328	-0.025935	0.000000	-0.111143	-0.102120	0.096310	-0.026392	0.129557	-0.246549
0.440000	0.000000	0.026680	0.026178	-0.025786	0.000000	-0.107127	-0.100164	0.099864	0.342184	0.260800	-0.213820
0.441000	0.000000	0.026711	0.025953	-0.025561	0.000000	-0.104604	-0.104145	0.101308	0.517620	0.225976	-0.215612
0.442000	0.000000	0.026613	0.025906	-0.025513	0.000000	-0.107742	-0.106096	0.097103	0.185947	0.261607	-0.244319
0.443000	0.000000	0.026380	0.025934	-0.025542	0.000000	-0.111320	-0.102099	0.095121	-0.074077	0.322537	-0.230181
0.444000	0.000000	0.026119	0.025785	-0.025392	0.000000	-0.112152	-0.100148	0.099511	0.070376	0.082970	-0.203137
0.445000	0.000000	0.025938	0.025560	-0.025167	0.000000	-0.110164	-0.104160	0.101619	0.263108	-0.410442	-0.261081
0.446000	0.000000	0.025922	0.025511	-0.025121	0.000000	-0.105944	-0.106157	0.097170	0.279273	-0.533093	-0.285119
0.447000	0.000000	0.025938	0.025539	-0.025149	0.000000	-0.104901	-0.102127	0.095044	0.229332	-0.113458	-0.043753
0.448000	0.000000	0.025779	0.025402	-0.024997	0.000000	-0.109309	-0.099900	0.099518	0.204118	0.082506	0.234486
0.449000	0.000000	0.025558	0.025175	-0.024773	0.000000	-0.111138	-0.103970	0.101636	0.216250	-0.309213	0.092445
0.450000	0.000000	0.025515	0.025078	-0.024729	0.000000	-0.106673	-0.107112	0.097147	0.246552	-0.565611	-0.223739
0.451000	0.000000	0.025542	0.025115	-0.024756	0.000000	-0.104634	-0.102916	0.095032	0.245501	-0.216039	-0.107524
0.452000	0.000000	0.025389	0.025179	-0.024603	0.000000	-0.109107	-0.095784	0.099534	0.204193	0.238043	0.228188
0.453000	0.000000	0.025165	0.025162	-0.024379	0.000000	-0.111249	-0.094479	0.101691	0.198442	0.336185	0.121330
0.454000	0.000000	0.025119	0.024980	-0.024336	0.000000	-0.106827	-0.099691	0.097176	0.278725	0.226404	-0.255497
0.455000	0.000000	0.025146	0.024768	-0.024363	0.000000	-0.104436	-0.102672	0.094801	0.300594	0.145884	-0.163560
0.456000	0.000000	0.025006	0.024733	-0.024209	0.000000	-0.108624	-0.097940	0.099331	0.058760	0.196284	0.375832
0.457000	0.000000	0.024780	0.024757	-0.023986	0.000000	-0.111958	-0.090999	0.102586	-0.264194	0.440515	0.580863
0.458000	0.000000	0.024685	0.024600	-0.023944	0.000000	-0.108673	-0.090263	0.098022	-0.176689	0.660699	0.192890
0.459000	0.000000	0.024723	0.024377	-0.023970	0.000000	-0.101346	-0.095022	0.091008	0.366123	0.526335	-0.219886
0.460000	0.000000	0.024787	0.024337	-0.023815	0.000000	-0.095244	-0.096504	0.090226	0.757108	0.267445	-0.289737
0.461000	0.000000	0.024768	0.024363	-0.023592	0.000000	-0.095157	-0.092535	0.095017	0.569980	0.363298	-0.230823
0.462000	0.000000	0.024584	0.024207	-0.023548	0.000000	-0.100124	-0.090855	0.096582	0.213345	0.632872	-0.225052
0.463000	0.000000	0.024373	0.023984	-0.023575	0.000000	-0.101570	-0.093779	0.092577	0.293907	0.586536	-0.215481
0.464000	0.000000	0.024341	0.023944	-0.023432	0.000000	-0.096891	-0.095550	0.090569	0.687109	0.311845	-0.216745
0.465000	0.000000	0.024363	0.023970	-0.023206	0.000000	-0.095098	-0.096474	0.093583	0.812098	0.174967	-0.282278
0.466000	0.000000	0.024204	0.023813	-0.023114	0.000000	-0.099708	-0.100020	0.096630	0.497923	0.197135	-0.237591
0.467000	0.000000	0.023983	0.023591	-0.023154	0.000000	-0.101577	-0.101263	0.097243	0.207948	0.233061	0.003441
0.468000	0.000000	0.023944	0.023549	-0.023217	0.000000	-0.096981	-0.097028	0.095424	0.377111	0.242825	0.018078
0.469000	0.000000	0.023969	0.023575	-0.023195	0.000000	-0.095108	-0.094987	0.091660	0.676241	0.233947	-0.374206
0.470000	0.000000	0.023811	0.023430	-0.023011	0.000000	-0.099691	-0.099200	0.090912	0.545110	0.227136	-0.510684
0.471000	0.000000	0.023590	0.023204	-0.022801	0.000000	-0.101554	-0.102358	0.094965	0.243796	0.226366	-0.103886
0.472000	0.000000	0.023549	0.023114	-0.022768	0.000000	-0.097029	-0.098942	0.096443	0.362134	0.189221	0.067185
0.473000	0.000000	0.023574	0.023154	-0.022790	0.000000	-0.095167	-0.091598	0.092284	0.663811	0.199292	-0.345250
0.474000	0.000000	0.023429	0.023217	-0.022642	0.000000	-0.099447	-0.085583	0.090391	0.561998	0.423629	-0.538124
0.475000	0.000000	0.023203	0.023195	-0.022418	0.000000	-0.101369	-0.085656	0.094658	0.259897	0.668334	-0.119910
0.476000	0.000000	0.023114	0.023007	-0.022329	0.000000	-0.098030	-0.090655	0.097531	0.305035	0.572227	0.130009
0.477000	0.000000	0.023155	0.022799	-0.022369	0.000000	-0.095812	-0.091938	0.092946	0.610090	0.285847	-0.304053
0.478000	0.000000	0.023217	0.022771	-0.022432	0.000000	-0.094996	-0.087200	0.085915	0.807706	0.180886	-0.793876
0.479000	0.000000	0.023194	0.022791	-0.022408	0.000000	-0.092051	-0.085570	0.085304	0.791524	0.223474	-0.605620
0.480000	0.000000	0.023006	0.022628	-0.022220	0.000000	-0.091124	-0.090230	0.090593	0.486785	0.228222	-0.019788
0.481000	0.000000	0.022798	0.022409	-0.022013	0.000000	-0.094673	-0.091942	0.092022	0.027194	0.217241	0.085533
0.482000	0.000000	0.022771	0.022372	-0.021986	0.000000	-0.096078	-0.087359	0.087192	-0.043850	0.246442	-0.372637
0.483000	0.000000	0.022791	0.022396	-0.022006	0.000000	-0.093222	-0.085616	0.085558	0.328645	0.249485	-0.524938
0.484000	0.000000	0.022626	0.022247	-0.021841	0.000000	-0.091573	-0.089948	0.090257	0.476030	0.182406	-0.110498
0.485000	0.000000	0.022407	0.022022	-0.021622	0.000000	-0.090537	-0.091784	0.091934	0.302570	0.179322	0.064983
0.486000	0.000000	0.022375	0.021936	-0.021586	0.000000	-0.086909	-0.088397	0.087327	0.389926	0.384624	-0.297937
0.487000	0.000000	0.022397	0.021978	-0.021610	0.000000	-0.085963	-0.086165	0.085632	0.654544	0.659750	-0.523709
0.488000	0.000000	0.022233	0.022040	-0.021460	0.000000	-0.090376	-0.085353	0.089984	0.533402	0.757611	-0.345663
0.489000	0.000000	0.022014	0.022014	-0.021236	0.000000	-0.091828	-0.082630	0.091755	0.245392	0.685576	-0.174691
0.490000	0.000000	0.021983	0.021825	-0.021150	0.000000	-0.087197	-0.081713	0.088356	0.376728	0.632098	-0.157322
0.491000	0.000000	0.022004	0.021619	-0.021193	0.000000	-0.085623	-0.084374	0.086236	0.669916	0.706001	-0.222658
0.492000	0.000000	0.021838	0.021591	-0.021255	0.000000	-0.090320	-0.085964	0.085396	0.534942	0.780666	-0.455671
0.493000	0.000000	0.021620	0.021610	-0.021228	0.000000	-0.091925	-0.087048	0.082324	0.243039	0.566421	-0.672292
0.494000	0.000000	0.021590	0.021456	-0.021037	0.000000	-0.087205	-0.090374	0.081525	0.379135	0.058328	-0.512330
0.495000	0.000000	0.021611	0.021234	-0.020832	0.000000	-0.085544	-0.091367	0.085469	0.662022	-0.275442	-0.234363
0.496000	0.000000	0.021445	0.021151	-0.020809	0.000000	-0.090274	-0.088225	0.086690	0.528333	-0.122342	-0.379434
0.497000	0.000000	0.021227	0.021194	-0.020826	0.000000	-0.092172	-0.086328	0.082505	0.278951	0.206047	-0.715529
0.498000	0.000000	0.021194	0.021255	-0.020657	0.000000	-0.087445	-0.085408	0.081175	0.398414	0.310923	-0.560535
0.499000	0.000000	0.021217	0.021227	-0.020441	0.000000	-0.084600	-0.082269	0.085432	0.495040	0.234818	-0.022992
0.500000	0.000000	0.021062	0.021035	-0.020410	0.000000	-0.089298	-0.081517	0.086823	0.131096	0.193013	0.072330
0.501000	0.000000	0.020839	0.020831	-0.020431	0.000000	-0.096290	-0.085507	0.082537	-0.246033	0.224873	-0.383599
0.502000	0.000000	0.020758	0.020806	-0.020273	0.000000	-0.097787	-0.086749	0.080964	-0.148281	0.247263	-0.526557
0.503000	0.000000	0.020802	0.020824	-0.020052	0.000000	-0.092239	-0.082497	0.085281	0.182794	0.231520	-0.090993
0.504000	0.000000	0.020860	0.020667	-0.019985	0.000000	-0.085686	-0.080905	0.087563	0.358880	0.224332	0.095451
0.505000	0.000000	0.020832	0.020445	-0.020023	0.000000	-0.085590	-0.085337	0.083164	0.284947	0.219606	-0.337768
0.506000	0.000000	0.020649	0.020366	-0.020031	0.000000	-0.090602	-0.087888	0.077458	-0.003082	0.185550	-0.689318
0.507000	0.000000	0.020441	0.020410	-0.020025	0.000000	-0.091776	-0.083006	0.075350	-0.231741	0.256687	-0.570319
0.508000	0.000000	0.020382	0.020467	-0.020059	0.000000	-0.087822	-0.076194	0.075481	-0.088552	0.474796	-0.483384
0.509000	0.000000	0.020416	0.020438	-0.020043	0.000000	-0.086057	-0.075867	0.077398	0.205651	0.451731	-0.599295
0.510000	0.000000	0.020421	0.020258	-0.019869	0.000000	-0.086543	-0.080896	0.081130	0.251686	0.082571	-0.505944
0.511000	0.000000	0.020417	0.020049	-0.019657	0.000000	-0.082788	-0.082465	0.081804	0.209950	-0.035807	-0.312016
0.512000	0.000000	0.020456	0.019976	-0.019584	0.000000	-0.076444	-0.078731	0.078482	0.437070	0.268690	-0.369241
0.513000	0.000000	0.020437	0.020018	-0.019625	0.000000	-0.075899	-0.075517	0.076635	0.686678	0.497470	-0.417204
0.514000	0.000000	0.020247	0.020077	-0.019681	0.000000	-0.081145	-0.075065	0.075825	0.513343	0.570596	-0.309503
0.515000	0.000000	0.020043	0.020045	-0.019651	0.000000	-0.082578	-0.077359	0.072941	0.220333	0.619761	-0.408765
0.516000	0.000000	0.020024	0.019851	-0.019470	0.000000	-0.077549	-0.081547	0.071884	0.380739	0.467613	-0.646913
0.517000	0.000000	0.020039	0.019650	-0.019262	0.000000	-0.075009	-0.081899	0.074804	0.726904	0.301258	-0.565999
0.518000	0.000000	0.019864	0.019629	-0.019191	0.000000	-0.080251	-0.077327	0.077521	0.567706	0.428641	-0.237333
0.519000	0.000000	0.019651	0.019645	-0.019233	0.000000	-0.086990	-0.076252	0.078019	0.021672	0.436009	-0.150289
0.520000	0.000000	0.019625	0.019483	-0.019292	0.000000	-0.087037	-0.080699	0.076021	-0.116020	0.074765	-0.448116
0.521000	0.000000	0.019644	0.019262	-0.019259	0.000000	-0.081996	-0.082094	0.072233	0.347713	-0.027475	-0.694804
0.522000	0.000000	0.019483	0.019188	-0.019063	0.000000	-0.080868	-0.078553	0.071946	0.734413	0.331148	-0.504319
0.523000	0.000000	0.019262	0.019234	-0.018863	0.000000	-0.085596	-0.076538	0.076167	0.580520	0.486256	-0.228436
0.524000	0.000000	0.019188	0.019290	-0.018844	0.000000	-0.087883	-0.075762	0.077111	0.207460	0.320748	-0.389041
0.525000	0.000000	0.019234	0.019257	-0.018859	0.000000	-0.082734	-0.072914	0.072749	0.140568	0.380511	-0.705399
0.526000	0.000000	0.019290	0.019074	-0.018695	0.000000	-0.076040	-0.071916	0.071402	0.454765	0.639090	-0.560104
0.527000	0.000000	0.019257	0.018867	-0.018475	0.000000	-0.076061	-0.074862	0.075879	0.692406	0.620271	-0.075183
0.528000	0.000000	0.019073	0.018799	-0.018403	0.000000	-0.081090	-0.077531	0.078232	0.508823	0.260705	0.137228
0.529000	0.000000	0.018866	0.018842	-0.018449	0.000000	-0.082109	-0.077997	0.073436	0.272047	-0.085840	-0.097391
0.530000	0.000000	0.018799	0.018897	-0.018505	0.000000	-0.078402	-0.076022	0.066591	0.364519	-0.007386	-0.514655
0.531000	0.000000	0.018842	0.018863	-0.018471	0.000000	-0.076594	-0.072223	0.065357	0.473744	0.413010	-0.751134
0.532000	0.000000	0.018896	0.018676	-0.018283	0.000000	-0.075808	-0.071783	0.070984	0.332344	0.508632	-0.515224
0.533000	0.000000	0.018863	0.018471	-0.018079	0.000000	-0.072576	-0.076083	0.077469	0.184205	0.126092	-0.048261
0.534000	0.000000	0.018678	0.018419	-0.018026	0.000000	-0.071760	-0.077842	0.078092	0.197109	-0.110718	0.069366
0.535000	0.000000	0.018472	0.018454	-0.018061	0.000000	-0.076048	-0.073229	0.072575	0.242745	0.087420	-0.154763
0.536000	0.000000	0.018407	0.018458	-0.018065	0.000000	-0.078160	-0.067694	0.067476	0.210365	0.460210	-0.260219
0.537000	0.000000	0.018450	0.018455	-0.018062	0.000000	-0.073045	-0.065757	0.066994	0.214464	0.751893	-0.232842
0.538000	0.000000	0.018504	0.018490	-0.018097	0.000000	-0.066419	-0.065943	0.066560	0.409042	0.759790	-0.392572
0.539000	0.000000	0.018469	0.018468	-0.018075	0.000000	-0.066472	-0.067977	0.062983	0.656114	0.445229	-0.692270
0.540000	0.000000	0.018283	0.018287	-0.017894	0.000000	-0.071549	-0.071706	0.062116	0.735317	0.216462	-0.757256
0.541000	0.000000	0.018078	0.018078	-0.017685	0.000000	-0.072794	-0.072128	0.066461	0.678219	0.408151	-0.455242
0.542000	0.000000	0.018014	0.018013	-0.017620	0.000000	-0.068908	-0.068733	0.068565	0.623245	0.636223	-0.174634
0.543000	0.000000	0.018058	0.018058	-0.017665	0.000000	-0.065862	-0.067027	0.063600	0.714557	0.548866	-0.397469
0.544000	0.000000	0.018111	0.018112	-0.017719	0.000000	-0.065625	-0.066159	0.056895	0.951000	0.494227	-0.917697
0.545000	0.000000	0.018075	0.018075	-0.017682	0.000000	-0.067930	-0.063212	0.056156	0.950110	0.597615	-0.997839
0.546000	0.000000	0.017888	0.017888	-0.017495	0.000000	-0.071797	-0.062370	0.061640	0.520800	0.502128	-0.528993
0.547000	0.000000	0.017684	0.017684	-0.017291	0.000000	-0.072320	-0.065432	0.066822	0.177141	0.308755	-0.218072
0.548000	0.000000	0.017621	0.017621	-0.017229	0.000000	-0.068780	-0.068012	0.068201	0.346700	0.326184	-0.365615
0.549000	0.000000	0.017666	0.017666	-0.017273	0.000000	-0.066246	-0.068313	0.067942	0.706899	0.438991	-0.490001
0.550000	0.000000	0.017720	0.017719	-0.017326	0.000000	-0.065765	-0.066319	0.066270	0.778305	0.556084	-0.341213
0.551000	0.000000	0.017682	0.017681	-0.017289	0.000000	-0.066820	-0.062843	0.062937	0.551539	0.627565	-0.173978
0.552000	0.000000	0.017490	0.017493	-0.017100	0.000000	-0.071401	-0.062338	0.062348	0.247281	0.470734	-0.143251
0.553000	0.000000	0.017289	0.017289	-0.016897	0.000000	-0.077242	-0.065539	0.065534	-0.068292	0.297340	-0.259535
0.554000	0.000000	0.017241	0.017229	-0.016836	0.000000	-0.077941	-0.068034	0.068040	-0.255503	0.383313	-0.448993
0.555000	0.000000	0.017277	0.017274	-0.016881	0.000000	-0.072455	-0.068359	0.068287	-0.033066	0.451584	-0.466878
0.556000	0.000000	0.017279	0.017327	-0.016934	0.000000	-0.067401	-0.066303	0.066269	0.411743	0.329836	-0.300257
0.557000	0.000000	0.017277	0.017288	-0.016895	0.000000	-0.066989	-0.062524	0.062817	0.531960	0.246189	-0.221855
0.558000	0.000000	0.017314	0.017096	-0.016703	0.000000	-0.066462	-0.062292	0.062417	0.313500	0.164999	-0.217957
0.559000	0.000000	0.017286	0.016895	-0.016502	0.000000	-0.062878	-0.066690	0.065586	0.168605	-0.035570	-0.046371
0.560000	0.000000	0.017098	0.016845	-0.016453	0.000000	-0.062275	-0.068275	0.067819	0.199863	-0.014170	0.230260
0.561000	0.000000	0.016894	0.016884	-0.016491	0.000000	-0.066612	-0.063388	0.068306	0.235096	0.396108	0.294723
0.562000	0.000000	0.016848	0.016899	-0.016507	0.000000	-0.068199	-0.057635	0.067126	0.218790	0.690107	0.031647
0.563000	0.000000	0.016884	0.016887	-0.016494	0.000000	-0.063377	-0.056124	0.062656	0.263367	0.600453	-0.281402
0.564000	0.000000	0.016887	0.016873	-0.016480	0.000000	-0.057927	-0.057570	0.058115	0.377851	0.450343	-0.261174
0.565000	0.000000	0.016885	0.016884	-0.016491	0.000000	-0.056173	-0.058668	0.057381	0.450075	0.356728	0.023122
0.566000	0.000000	0.016920	0.016924	-0.016532	0.000000	-0.056422	-0.056900	0.056737	0.548035	0.300579	0.027659
0.567000	0.000000	0.016892	0.016892	-0.016500	0.000000	-0.058477	-0.053201	0.053542	0.634283	0.436598	-0.385641
0.568000	0.000000	0.016705	0.016704	-0.016308	0.000000	-0.062230	-0.052741	0.052862	0.480437	0.604342	-0.664756
0.569000	0.000000	0.016500	0.016500	-0.016107	0.000000	-0.062741	-0.056068	0.055989	0.287574	0.568744	-0.581526
0.570000	0.000000	0.016442	0.016443	-0.016063	0.000000	-0.059115	-0.058517	0.058189	0.339529	0.466434	-0.464402
0.571000	0.000000	0.016490	0.016490	-0.016099	0.000000	-0.056320	-0.058701	0.058679	0.449769	0.362777	-0.361486
0.572000	0.000000	0.016543	0.016543	-0.016101	0.000000	-0.056082	-0.056604	0.057798	0.511331	0.297111	-0.244701
0.573000	0.000000	0.016499	0.016499	-0.016100	0.000000	-0.058468	-0.053086	0.053241	0.615846	0.440545	-0.433656
0.574000	0.000000	0.016303	0.016303	-0.016136	0.000000	-0.062433	-0.052884	0.047370	0.705208	0.602634	-0.864923
0.575000	0.000000	0.016106	0.016106	-0.016105	0.000000	-0.062741	-0.056418	0.046847	0.723810	0.553126	-1.009160
0.576000	0.000000	0.016064	0.016064	-0.015913	0.000000	-0.058731	-0.058292	0.052389	0.653498	0.479348	-0.757034
0.577000	0.000000	0.016100	0.016100	-0.015713	0.000000	-0.056265	-0.057521	0.057385	0.530281	0.418177	-0.423091
0.578000	0.000000	0.016101	0.016101	-0.015670	0.000000	-0.057299	-0.057411	0.058334	0.461424	0.243482	-0.213467
0.579000	0.000000	0.016100	0.016100	-0.015707	0.000000	-0.058632	-0.058296	0.058298	0.372837	0.190325	-0.196159
0.580000	0.000000	0.016137	0.016136	-0.015708	0.000000	-0.056885	-0.056861	0.057726	0.285416	0.468041	-0.374323
0.581000	0.000000	0.016104	0.016104	-0.015707	0.000000	-0.053141	-0.053232	0.053336	0.434954	0.716332	-0.689666
0.582000	0.000000	0.015911	0.015912	-0.015744	0.000000	-0.052849	-0.052834	0.047348	0.655367	0.502601	-0.997962
0.583000	0.000000	0.015711	0.015711	-0.015711	0.000000	-0.056162	-0.056136	0.046564	0.573188	0.071392	-0.979137
0.584000	0.000000	0.015671	0.015667	-0.015517	0.000000	-0.058232	-0.058316	0.052386	0.244997	-0.104396	-0.489047
0.585000	0.000000	0.015707	0.015707	-0.015318	0.000000	-0.058633	-0.058646	0.058554	-0.033610	-0.051264	0.020906
0.586000	0.000000	0.015708	0.015722	-0.015278	0.000000	-0.057729	-0.057407	0.058648	-0.074082	0.060049	0.060345
0.587000	0.000000	0.015707	0.015708	-0.015315	0.000000	-0.053186	-0.053162	0.053184	0.154072	0.177958	-0.169214
0.588000	0.000000	0.015744	0.015695	-0.015316	0.000000	-0.047304	-0.048510	0.048178	0.532083	0.223386	-0.255435
0.589000	0.000000	0.015710	0.015707	-0.015315	0.000000	-0.046613	-0.046683	0.046678	0.743684	0.288475	-0.294487
0.590000	0.000000	0.015516	0.015748	-0.015351	0.000000	-0.052441	-0.046785	0.046873	0.490503	0.442080	-0.434090
0.591000	0.000000	0.015317	0.015710	-0.015317	0.000000	-0.058606	-0.049006	0.049007	0.024276	0.452913	-0.437238
0.592000	0.000000	0.015275	0.015514	-0.015122	0.000000	-0.058688	-0.052858	0.052834	-0.112784	0.278232	-0.278324
0.593000	0.000000	0.015315	0.015317	-0.014924	0.000000	-0.053043	-0.053088	0.053087	0.144693	0.167432	-0.224332
0.594000	0.000000	0.015326	0.015276	-0.014883	0.000000	-0.047869	-0.049116	0.049123	0.504750	0.189051	-0.196133
0.595000	0.000000	0.015315	0.015315	-0.014922	0.000000	-0.046975	-0.046671	0.046671	0.736097	0.295858	-0.033298
0.596000	0.000000	0.015312	0.015326	-0.014933	0.000000	-0.047914	-0.047509	0.047507	0.706067	0.424255	0.031414
0.597000	0.000000	0.015315	0.015315	-0.014923	0.000000	-0.047905	-0.049068	0.049068	0.515515	0.439260	-0.158163
0.598000	0.000000	0.015316	0.015312	-0.014919	0.000000	-0.047828	-0.048193	0.048194	0.401740	0.444172	-0.437647
0.599000	0.000000	0.015315	0.015315	-0.014923	0.000000	-0.048745	-0.043423	0.043423	0.407364	0.666090	-0.710058
