LabVIEW Measurement	
Writer_Version	2
Reader_Version	2
Separator	Tab
Decimal_Separator	.
Multi_Headings	No
X_Columns	One
Time_Pref	Relative
Operator	MSE_SETUP3
Date	2025/02/24
Time	13:44:14.7474989891052246094
***End_of_Header***	
	
Channels	11											
Samples	600	600	600	600	600	600	600	600	600	600	600	
Date	1903/12/31	1903/12/31	1903/12/31	1903/12/31	1903/12/31	1903/12/31	1903/12/31	1903/12/31	1903/12/31	1903/12/31	1903/12/31	
Time	19:00:00	19:00:00	19:00:00	19:00:00	19:00:00	19:00:00	19:00:00	19:00:00	19:00:00	19:00:00	19:00:00	
X_Dimension	Time	Time	Time	Time	Time	Time	Time	Time	Time	Time	Time	
X0	0.0000000000000000E+0	0.0000000000000000E+0	0.0000000000000000E+0	0.0000000000000000E+0	0.0000000000000000E+0	0.0000000000000000E+0	0.0000000000000000E+0	0.0000000000000000E+0	0.0000000000000000E+0	0.0000000000000000E+0	0.0000000000000000E+0	
Delta_X	0.001000	0.001000	0.001000	0.001000	0.001000	0.001000	0.001000	0.001000	0.001000	0.001000	0.001000	
***End_of_Header***												
X_Value	Input Trajectory	Displacement 1	Displacement 2	Displacement 3	Control Effort	Velocity 1	Velocity 2	Velocity 3	Acceleration 1	Acceleration 2	Acceleration 3	Comment
0.000000	0.000000	0.000000	0.000000	0.000000	0.000000	-0.498223	-0.498473	0.498213	-18.411760	-18.743240	18.968979
0.001000	0.000000	1.299465E-37	-1.913044E-39	-5.593314E-40	0.000000	-0.493560	-0.492397	0.498053	-18.240470	-18.207372	19.210229
0.002000	0.000000	-1.159256E-39	1.706631E-41	4.989809E-42	0.000000	-0.488640	-0.488577	0.498196	-18.006072	-17.939062	19.156664
0.003000	0.000000	-3.906981E-37	5.751773E-39	1.681690E-39	0.000000	-0.488432	-0.488743	0.493703	-18.215353	-18.220921	18.701060
0.004000	0.000000	8.140665E-39	-1.198451E-40	-3.504003E-41	0.000000	-0.488612	-0.488628	0.488652	-18.501957	-18.515662	18.456324
0.005000	0.000000	1.435387E-36	-2.113145E-38	-6.178364E-39	0.000000	-0.484033	-0.483950	0.488077	-18.259095	-18.270673	18.671001
0.006000	0.000000	-4.548620E-38	6.696379E-40	1.957872E-40	0.000000	-0.479048	-0.479044	0.488544	-17.789968	-17.801824	18.725313
0.007000	0.000000	-5.360047E-36	7.890944E-38	2.307136E-38	0.000000	-0.478837	-0.478860	0.485287	-17.773549	-17.721253	18.320216
0.008000	0.000000	2.269027E-37	-3.340412E-39	-9.766619E-40	0.000000	-0.479019	-0.479020	0.479251	-18.001587	-17.940922	17.951293
0.009000	0.000000	2.003866E-35	-2.950048E-37	-8.625282E-38	0.000000	-0.474421	-0.474415	0.473074	-17.796831	-18.049341	17.938633
0.010000	0.000000	-1.061444E-36	1.562635E-38	4.568796E-39	0.000000	-0.469452	-0.469452	0.469394	-17.344791	-18.062478	18.060797
0.011000	0.000000	-7.491939E-35	1.102947E-36	3.224770E-37	0.000000	-0.469266	-0.469267	0.469620	-17.319612	-18.055908	18.028195
0.012000	0.000000	4.766788E-36	-7.017562E-38	-2.051778E-38	0.000000	-0.469428	-0.469428	0.469441	-17.538861	-17.788151	17.786393
0.013000	0.000000	2.800987E-34	-4.123552E-36	-1.205634E-36	0.000000	-0.464804	-0.464804	0.464732	-17.337788	-17.282251	17.559072
0.014000	0.000000	-2.081186E-35	3.063877E-37	8.958092E-38	0.000000	-0.459856	-0.459856	0.459856	-16.902330	-17.077053	17.532471
0.015000	0.000000	-1.047169E-33	1.541620E-35	4.507351E-36	0.000000	-0.459695	-0.459695	0.459629	-16.864267	-17.327033	17.547811
0.016000	0.000000	8.900851E-35	-1.310364E-36	-3.831211E-37	0.000000	-0.459836	-0.459835	0.459825	-17.027652	-17.395019	17.398860
0.017000	0.000000	3.914816E-33	-5.763307E-35	-1.685062E-35	0.000000	-0.455186	-0.455188	0.455523	-16.881792	-16.905548	17.119640
0.018000	0.000000	-3.747167E-34	5.516498E-36	1.612901E-36	0.000000	-0.450260	-0.450260	0.450299	-16.696912	-16.379978	16.821686
0.019000	0.000000	-1.463506E-32	2.154542E-34	6.299399E-35	0.000000	-0.450125	-0.450119	0.448841	-16.806042	-16.348376	16.636312
0.020000	0.000000	1.558009E-33	-2.293667E-35	-6.706169E-36	0.000000	-0.450243	-0.450243	0.450109	-16.865718	-16.589037	16.642203
0.021000	0.000000	5.470998E-32	-8.054284E-34	-2.354893E-34	0.000000	-0.445568	-0.445591	0.451466	2.507357	2.518197	-2.226058
0.022000	0.000000	-6.413018E-33	9.441107E-35	2.760369E-35	0.000000	-0.440664	-0.440667	0.450270	2.518852	2.463331	-2.275349
0.023000	0.000000	-2.045160E-31	3.010840E-33	8.803022E-34	0.000000	-0.440555	-0.440469	0.445191	2.289755	2.290829	-2.524054
0.024000	0.000000	2.617830E-32	-3.853913E-34	-1.126798E-34	0.000000	-0.440651	-0.440643	0.440648	2.275292	2.290463	-2.526426
0.025000	0.000000	7.644985E-31	-1.125478E-32	-3.290647E-33	0.000000	-0.435950	-0.436272	0.440655	2.507699	2.493130	-2.285563
0.026000	0.000000	-1.061169E-31	1.562230E-33	4.567612E-34	0.000000	-0.431069	-0.431093	0.440645	2.522085	2.516993	-2.258684
0.027000	0.000000	-2.857688E-30	4.207026E-32	1.230040E-32	0.000000	-0.430985	-0.429780	0.435905	2.288739	2.345899	-2.506631
0.028000	0.000000	4.276033E-31	-6.295083E-33	-1.840542E-33	0.000000	-0.431058	-0.430982	0.431060	2.275225	2.279896	-2.582210
0.029000	0.000000	1.068173E-29	-1.572541E-31	-4.597760E-32	0.000000	-0.426334	-0.431971	0.430994	2.508827	2.240454	-2.297920
0.030000	0.000000	-1.714221E-30	2.523639E-32	7.378555E-33	0.000000	-0.421474	-0.431051	0.431050	2.521296	2.064986	-2.001129
0.031000	0.000000	-3.992614E-29	5.877839E-31	1.718549E-31	0.000000	-0.421408	-0.427253	0.426317	2.287790	2.009459	-2.051305
0.032000	0.000000	6.841460E-30	-1.007185E-31	-2.944783E-32	0.000000	-0.421464	-0.421516	0.421466	2.276256	2.273854	-2.293047
0.033000	0.000000	1.492319E-28	-2.196959E-30	-6.423418E-31	0.000000	-0.416739	-0.415511	0.421395	2.508966	2.567467	-2.287926
0.034000	0.000000	-2.719706E-29	4.003891E-31	1.170648E-31	0.000000	-0.411880	-0.411870	0.421456	2.520176	2.520658	-2.060761
0.035000	0.000000	-5.577693E-28	8.211359E-30	2.400818E-30	0.000000	-0.411751	-0.412080	0.416788	2.290698	2.275032	-2.050843
0.036000	0.000000	1.077409E-28	-1.586138E-30	-4.637513E-31	0.000000	-0.411869	-0.411871	0.411873	2.277448	2.277344	-2.274096
0.037000	0.000000	2.084666E-27	-3.068999E-29	-8.973068E-30	0.000000	-0.407447	-0.407358	0.411498	2.494675	2.498937	-2.301283
0.038000	0.000000	-4.254884E-28	6.263949E-30	1.831439E-30	0.000000	-0.402289	-0.402289	0.411859	2.518914	2.519004	-2.079223
0.039000	0.000000	-7.791244E-27	1.147010E-28	3.353601E-29	0.000000	-0.400962	-0.400991	0.408390	2.347536	2.346127	-1.995704
0.040000	0.000000	1.675642E-27	-2.466844E-29	-7.212501E-30	0.000000	-0.402277	-0.402277	0.402277	2.278486	2.278193	-2.217313
0.041000	0.000000	2.911830E-26	-4.286732E-28	-1.253345E-28	0.000000	7.102023E-25	-1.045544E-26	-3.056938E-27	21.440154	21.440123	-21.433752
0.042000	0.000000	-6.582319E-27	9.690347E-29	2.833241E-29	0.000000	-1.605444E-25	2.363499E-27	6.910343E-28	21.217528	21.218624	-21.498391
0.043000	0.000000	-1.088213E-25	1.602043E-27	4.684016E-28	0.000000	-2.654177E-24	3.907422E-26	1.142443E-26	20.984018	20.984121	-21.441439
0.044000	0.000000	2.579775E-26	-3.797888E-28	-1.110418E-28	0.000000	6.292133E-25	-9.263142E-27	-2.708336E-27	20.978820	20.974720	-21.199548
0.045000	0.000000	4.066776E-25	-5.987020E-27	-1.750471E-27	0.000000	9.918966E-24	-1.460249E-25	-4.269441E-26	20.983363	20.983020	-20.983218
0.046000	0.000000	-1.008968E-25	1.485381E-27	4.342923E-28	0.000000	-2.460899E-24	3.622882E-26	1.059250E-26	20.759534	20.774870	-20.983561
0.047000	0.000000	-1.519761E-24	2.237360E-26	6.541540E-27	0.000000	-3.706735E-23	5.456975E-25	1.595498E-25	20.527100	20.528225	-20.983101
0.048000	0.000000	3.938610E-25	-5.798336E-27	-1.695304E-27	0.000000	9.606366E-24	-1.414228E-25	-4.134887E-26	20.523083	20.465729	-20.757381
0.049000	0.000000	5.679227E-24	-8.360835E-26	-2.444521E-26	0.000000	1.385177E-22	-2.039228E-24	-5.962247E-25	20.526557	20.522948	-20.526675
0.050000	0.000000	-1.534776E-24	2.259464E-26	6.606168E-27	0.000000	-3.743357E-23	5.510888E-25	1.611261E-25	20.301614	20.570036	-20.523536
0.051000	0.000000	-2.122226E-23	3.124296E-25	9.134742E-26	0.000000	-5.176162E-22	7.620233E-24	2.227986E-24	20.070201	20.526228	-20.526199
0.052000	0.000000	5.970946E-24	-8.790297E-26	-2.570086E-26	0.000000	1.456328E-22	-2.143975E-24	-6.268503E-25	20.067070	20.345389	-20.300810
0.053000	0.000000	7.930176E-23	-1.167463E-24	-3.413402E-25	0.000000	1.934189E-21	-2.847471E-23	-8.325370E-24	20.069725	20.072201	-20.069811
0.054000	0.000000	-2.319475E-23	3.414681E-25	9.983764E-26	0.000000	-5.657257E-22	8.328490E-24	2.435064E-24	19.844725	19.786226	-20.066407
0.055000	0.000000	-2.963211E-22	4.362375E-24	1.275461E-24	0.000000	-7.227344E-21	1.063994E-22	3.110880E-23	19.613346	19.612850	-20.069333
0.056000	0.000000	8.997704E-23	-1.324622E-24	-3.872900E-25	0.000000	2.194562E-21	-3.230786E-23	-9.446097E-24	19.607201	19.622866	-19.847043
0.057000	0.000000	1.107212E-21	-1.630014E-23	-4.765796E-24	0.000000	2.700518E-20	-3.975644E-22	-1.162389E-22	19.612809	19.612898	-19.613012
0.058000	0.000000	-3.485868E-22	5.131819E-24	1.500429E-24	0.000000	-8.502117E-21	1.251663E-22	3.659583E-23	19.402254	19.397990	-19.595140
0.059000	0.000000	-4.137022E-21	6.090434E-23	1.780707E-23	0.000000	-1.009030E-19	1.485472E-21	4.343187E-22	19.156612	19.156599	-19.612352
0.060000	0.000000	1.348854E-21	-1.985754E-23	-5.805901E-24	0.000000	3.289889E-20	-4.843303E-22	-1.416073E-22	19.093415	19.094833	-19.447119
0.061000	0.000000	1.545729E-20	-2.275589E-22	-6.653313E-23	0.000000	3.770071E-19	-5.550217E-21	-1.622759E-21	19.156053	19.156053	-19.156053
0.062000	0.000000	-5.213484E-21	7.675178E-23	2.244050E-23	0.000000	-1.271581E-19	1.871995E-21	5.473294E-22	-6.055183E-18	8.914310E-20	2.606345E-20
0.063000	0.000000	-5.775206E-20	8.502133E-22	2.485834E-22	0.000000	-1.408587E-18	2.073691E-20	6.063009E-21	-6.707556E-17	9.874718E-19	2.887147E-19
0.064000	0.000000	2.012939E-20	-2.963405E-22	-8.664333E-23	0.000000	4.909607E-19	-7.227817E-21	-2.113252E-21	2.337921E-17	-3.441836E-19	-1.006316E-19
0.065000	0.000000	2.157695E-19	-3.176512E-21	-9.287412E-22	0.000000	5.262672E-18	-7.747591E-20	-2.265222E-20	2.506034E-16	-3.689329E-18	-1.078677E-18
0.066000	0.000000	-7.764269E-20	1.143039E-21	3.341990E-22	0.000000	-1.893724E-18	2.787900E-20	8.151195E-21	-9.017781E-17	1.327578E-18	3.881542E-19
0.067000	0.000000	-8.061231E-19	1.186757E-20	3.469812E-21	0.000000	-1.966154E-17	2.894529E-19	8.462956E-20	-9.362636E-16	1.378347E-17	4.029978E-18
0.068000	0.000000	2.992012E-19	-4.404776E-21	-1.287858E-21	0.000000	7.297591E-18	-1.074336E-19	-3.141117E-20	3.475061E-16	-5.115910E-18	-1.495778E-18
0.069000	0.000000	3.011626E-18	-4.433651E-20	-1.296300E-20	0.000000	7.345430E-17	-1.081378E-18	-3.161708E-19	3.497823E-15	-5.149419E-17	-1.505575E-17
0.070000	0.000000	-1.151973E-18	1.695909E-20	4.958460E-21	0.000000	-2.809690E-17	4.136364E-19	1.209380E-19	-1.337954E-15	1.969707E-17	5.758983E-18
0.071000	0.000000	-1.125095E-17	1.656341E-19	4.842770E-20	0.000000	-2.744135E-16	4.039856E-18	1.181163E-18	-1.306731E-14	1.923740E-16	5.624587E-17
0.072000	0.000000	4.431577E-18	-6.524072E-20	-1.907493E-20	0.000000	1.080872E-16	-1.591237E-18	-4.652421E-19	5.147037E-15	-7.577355E-17	-2.215449E-17
0.073000	0.000000	4.203064E-17	-6.187659E-19	-1.809133E-19	0.000000	1.025138E-15	-1.509185E-17	-4.412520E-18	4.881607E-14	-7.186595E-16	-2.101200E-16
0.074000	0.000000	-1.703457E-17	2.507792E-19	7.332224E-20	0.000000	-4.154773E-16	6.116566E-18	1.788347E-18	-1.978472E-14	2.912664E-16	8.515979E-17
0.075000	0.000000	-1.570114E-16	2.311488E-18	6.758273E-19	0.000000	-3.829546E-15	5.637775E-17	1.648359E-17	-1.823593E-13	2.684654E-15	7.849329E-16
0.076000	0.000000	6.543026E-17	-9.632500E-19	-2.816328E-19	0.000000	1.595860E-15	-2.349390E-17	-6.869092E-18	7.599367E-14	-1.118762E-15	-3.271011E-16
0.077000	0.000000	5.865226E-16	-8.634659E-18	-2.524581E-18	0.000000	1.430543E-14	-2.106014E-16	-6.157515E-17	6.812109E-13	-1.002864E-14	-2.932150E-15
0.078000	0.000000	-2.511408E-16	3.697241E-18	1.080990E-18	0.000000	-6.125386E-15	9.017660E-17	2.636562E-17	-2.916863E-13	4.294143E-15	1.255511E-15
0.079000	0.000000	-2.190922E-15	3.225427E-17	9.430428E-18	0.000000	-5.343711E-14	7.866895E-16	2.300104E-16	-2.544624E-12	3.746140E-14	1.095288E-14
0.080000	0.000000	9.633020E-16	-1.418152E-17	-4.146360E-18	0.000000	2.349517E-14	-3.458908E-16	-1.011307E-16	1.118822E-12	-1.647106E-14	-4.815770E-15
0.081000	0.000000	8.183843E-15	-1.204808E-16	-3.522588E-17	0.000000	1.996059E-13	-2.938555E-15	-8.591678E-16	9.505042E-12	-1.399312E-13	-4.091274E-14
0.082000	0.000000	-3.692566E-15	5.436115E-17	1.589399E-17	0.000000	-9.006258E-14	1.325882E-15	3.876582E-16	-4.288712E-12	6.313749E-14	1.845999E-14
0.083000	0.000000	-3.056864E-14	4.500249E-16	1.315772E-16	0.000000	-7.455765E-13	1.097622E-14	3.209200E-15	-3.550364E-11	5.226769E-13	1.528190E-13
0.084000	0.000000	1.414581E-14	-2.082515E-16	-6.088809E-17	0.000000	3.450197E-13	-5.079305E-15	-1.485075E-15	1.642958E-11	-2.418727E-13	-7.071816E-14
0.085000	0.000000	1.141782E-13	-1.680907E-15	-4.914596E-16	0.000000	2.784835E-12	-4.099773E-14	-1.198682E-14	1.326112E-10	-1.952273E-12	-5.708009E-13
0.086000	0.000000	-5.415933E-14	7.973219E-16	2.331191E-16	0.000000	-1.320959E-12	1.944688E-14	5.685832E-15	-6.290307E-11	9.260454E-13	2.707550E-13
0.087000	0.000000	-4.264605E-13	6.278259E-15	1.835622E-15	0.000000	-1.040147E-11	1.531283E-13	4.477128E-14	-4.953082E-10	7.291820E-12	2.131965E-12
0.088000	0.000000	2.072412E-13	-3.050960E-15	-8.920326E-16	0.000000	5.054664E-12	-7.441366E-14	-2.175689E-14	2.406992E-10	-3.543522E-12	-1.036046E-12
0.089000	0.000000	1.592805E-12	-2.344893E-14	-6.855943E-15	0.000000	3.884890E-11	-5.719251E-13	-1.672181E-13	1.849947E-9	-2.723452E-11	-7.962766E-12
0.090000	0.000000	-7.925870E-13	1.166829E-14	3.411548E-15	0.000000	-1.933139E-11	2.845925E-13	8.320849E-14	-9.205458E-10	1.355208E-11	3.962324E-12
0.091000	0.000000	-5.948873E-12	8.757802E-14	2.560586E-14	0.000000	-1.450945E-10	2.136049E-12	6.245331E-13	-6.909259E-9	1.017166E-10	2.973966E-11
0.092000	0.000000	3.029672E-12	-4.460217E-14	-1.304068E-14	0.000000	7.389443E-11	-1.087858E-12	-3.180653E-13	3.518795E-9	-5.180294E-11	-1.514602E-11
0.093000	0.000000	2.221749E-11	-3.270811E-13	-9.563121E-14	0.000000	5.418901E-10	-7.977588E-12	-2.332469E-12	2.580429E-8	-3.798851E-10	-1.110699E-10
0.094000	0.000000	-1.157527E-11	1.704087E-13	4.982369E-14	0.000000	-2.823238E-10	4.156309E-12	1.215212E-12	-1.344404E-8	1.979202E-10	5.786744E-11
0.095000	0.000000	-8.297431E-11	1.221530E-12	3.571480E-13	0.000000	-2.023764E-9	2.979341E-11	8.710927E-12	-9.636968E-8	1.418734E-9	4.148060E-10
0.096000	0.000000	4.420413E-11	-6.507636E-13	-1.902687E-13	0.000000	1.078150E-9	-1.587228E-11	-4.640701E-12	5.134064E-8	-7.558257E-10	-2.209865E-10
0.097000	0.000000	3.098707E-10	-4.561849E-12	-1.333783E-12	0.000000	7.557821E-9	-1.112646E-10	-3.253128E-11	3.598962E-7	-5.298313E-9	-1.549108E-9
0.098000	0.000000	-1.687324E-10	2.484041E-12	7.262781E-13	0.000000	-4.115423E-9	6.058637E-11	1.771410E-11	-1.959732E-7	2.885075E-9	8.435315E-10
0.099000	0.000000	-1.157192E-9	1.703593E-11	4.980925E-12	0.000000	-2.822419E-8	4.155105E-10	1.214860E-10	-1.344009E-6	1.978621E-8	5.785045E-9
0.100000	0.000000	6.437918E-10	-9.477764E-12	-2.771086E-12	0.000000	1.570224E-8	-2.311650E-10	-6.758747E-11	7.477283E-7	-1.100789E-8	-3.218462E-9
0.101000	0.032035	4.321341E-9	-6.361784E-11	-1.860043E-11	0.000000	1.053986E-7	-1.551655E-9	-4.536691E-10	5.018978E-6	-7.388830E-8	-2.160329E-8
0.102000	0.063939	-2.455339E-9	3.614696E-11	1.056856E-11	0.000000	-5.988631E-8	8.816332E-10	2.577698E-10	-2.851738E-6	4.198267E-8	1.227480E-8
0.103000	0.095579	-1.613689E-8	2.375637E-10	6.945832E-11	0.000000	-3.935826E-7	5.794237E-9	1.694105E-9	-1.874202E-5	2.759160E-7	8.067167E-8
0.104000	0.126827	9.360584E-9	-1.378045E-10	-4.029095E-11	0.000000	2.283069E-7	-3.361085E-9	-9.827061E-10	1.087179E-5	-1.600522E-7	-4.679568E-8
0.105000	0.157554	6.025721E-8	-8.870935E-10	-2.593663E-10	0.000000	1.469688E-6	-2.163643E-8	-6.326008E-9	6.998513E-5	-1.030306E-6	-3.012384E-7
0.106000	0.187634	-3.567192E-8	5.251542E-10	1.535434E-10	0.000000	-8.700468E-7	1.280864E-8	3.744960E-9	-4.143093E-5	6.099372E-7	1.783320E-7
0.107000	0.216942	-2.250020E-7	3.312430E-9	9.684806E-10	0.000000	-5.487853E-6	8.079098E-8	2.362148E-8	-0.000261	3.847189E-6	1.124832E-6
0.108000	0.245359	1.358902E-7	-2.000546E-9	-5.849148E-10	0.000000	3.314394E-6	-4.879380E-8	-1.426622E-8	0.000158	-2.323521E-6	-6.793457E-7
0.109000	0.272767	8.401400E-7	-1.236836E-8	-3.616232E-9	0.000000	2.049122E-5	-3.016673E-7	-8.820077E-8	0.000976	-1.436511E-5	-4.200036E-6
0.110000	0.299055	-5.174798E-7	7.618225E-9	2.227399E-9	0.000000	-1.262146E-5	1.858104E-7	5.432680E-8	-0.000601	8.848140E-6	2.586998E-6
0.111000	0.324114	-3.136931E-6	4.618122E-8	1.350236E-8	0.000000	-7.651052E-5	1.126371E-6	3.293258E-7	-0.003643	5.363671E-5	1.568218E-5
0.112000	0.347841	1.969917E-6	-2.900069E-8	-8.479153E-9	0.000000	4.804675E-5	-7.073339E-7	-2.068086E-7	0.002288	-3.368267E-5	-9.848059E-6
0.113000	0.370139	1.171241E-5	-1.724276E-7	-5.041396E-8	0.000000	0.000286	-4.205550E-6	-1.229609E-6	0.013603	-0.000200	-5.855279E-5
0.114000	0.390916	-7.496468E-6	1.103614E-7	3.226720E-8	0.000000	-0.000183	2.691741E-6	7.870049E-7	-0.008707	0.000128	3.747653E-5
0.115000	0.410086	-4.372959E-5	6.437776E-7	1.882262E-7	0.000000	-0.001067	1.570189E-5	4.590882E-6	-0.050789	0.000748	0.000219
0.116000	0.427571	2.887487E-5	-4.198412E-7	-1.227522E-7	0.000000	0.000704	-1.024003E-5	-2.993956E-6	0.033537	-0.000488	-0.000143
0.117000	0.443300	0.000247	-2.403548E-6	-7.027438E-7	0.000000	0.006027	-5.862313E-5	-1.714009E-5	0.286992	-0.002792	-0.000816
0.118000	0.457206	0.000409	1.596676E-6	4.668323E-7	0.000000	0.009987	3.894331E-5	1.138615E-5	0.475563	0.001854	0.000542
0.119000	0.469234	0.000405	8.973415E-6	2.623626E-6	0.000000	0.009882	0.000219	6.399088E-5	0.470579	0.010422	0.003047
0.120000	0.479334	0.000402	-6.070389E-6	-1.774846E-6	0.000000	0.009800	-0.000148	-4.328893E-5	0.466651	-0.007050	-0.002061
0.121000	0.487464	0.000548	-3.350043E-5	-9.794778E-6	0.000000	0.013359	-0.000817	-0.000239	0.636126	-0.038909	-0.011376
0.122000	0.493591	0.000863	2.348691E-5	6.745790E-6	0.000000	0.021054	0.000573	0.000165	1.002585	0.027279	0.007835
0.123000	0.497690	0.001288	0.000211	3.656579E-5	0.000000	0.031414	0.005147	0.000892	1.495925	0.245092	0.042469
0.124000	0.499743	0.001622	0.000437	-2.606738E-5	0.000000	0.039567	0.010669	-0.000636	1.884146	0.508032	-0.030276
0.125000	0.499743	0.001791	0.000635	-0.000223	0.000000	0.043687	0.015480	-0.005443	2.080339	0.737149	-0.259211
0.126000	0.497690	0.002034	0.000827	-0.000430	0.000000	0.049606	0.020174	-0.010487	2.362139	0.960691	-0.499404
0.127000	0.493591	0.002458	0.001030	-0.000593	0.000000	0.059962	0.025129	-0.014457	2.855355	1.196616	-0.688432
0.128000	0.487464	0.002800	0.001214	-0.000859	0.000000	0.068287	0.029610	-0.020956	3.252033	1.410002	-0.997906
0.129000	0.479334	0.002948	0.001384	-0.001278	0.000000	0.071913	0.033767	-0.031171	3.424280	1.607958	-1.484319
0.130000	0.469234	0.003234	0.001638	-0.001629	0.000000	0.078870	0.039952	-0.039724	3.754721	1.902472	-1.891601
0.131000	0.457206	0.003826	0.002021	-0.001807	0.000000	0.093324	0.049297	-0.044068	4.444578	2.347461	-2.098458
0.132000	0.443300	0.004439	0.002449	-0.002029	0.000000	0.108273	0.059735	-0.049480	5.159498	2.844472	-2.356212
0.133000	0.427571	0.004862	0.002851	-0.002421	0.000000	0.118583	0.069541	-0.059046	5.644529	3.311509	-2.811723
0.134000	0.410086	0.005170	0.003222	-0.002834	0.000000	0.126090	0.078584	-0.069119	5.990676	3.742284	-3.291331
0.135000	0.390916	0.005500	0.003591	-0.003194	0.000000	0.134137	0.087574	-0.077898	6.396193	4.170064	-3.709456
0.136000	0.370139	0.006041	0.004041	-0.003658	0.000000	0.147351	0.098553	-0.089210	7.067525	4.692233	-4.248301
0.137000	0.347841	0.006840	0.004615	-0.004275	0.000000	0.166820	0.112550	-0.104278	7.910288	5.360013	-4.965477
0.138000	0.324114	0.007625	0.005254	-0.004817	0.000000	0.185986	0.128155	-0.117490	8.569461	6.105422	-5.593957
0.139000	0.299055	0.008229	0.005879	-0.005184	0.000000	0.200717	0.143390	-0.126448	9.082392	6.826241	-6.021862
0.140000	0.272767	0.008766	0.006386	-0.005620	0.000000	0.213814	0.155750	-0.137065	9.711037	7.406221	-6.529973
0.141000	0.245359	0.009342	0.006762	-0.006234	0.000000	0.227850	0.164922	-0.152050	10.383367	7.860481	-7.238429
0.142000	0.216942	0.009971	0.007182	-0.006787	0.000000	0.243203	0.175175	-0.165533	10.944967	8.380572	-7.871133
0.143000	0.187634	0.010606	0.007754	-0.007162	0.000000	0.258678	0.189134	-0.174677	11.315406	8.979097	-8.325767
0.144000	0.157554	0.011090	0.008405	-0.007578	0.000000	0.270483	0.204992	-0.184839	11.384198	9.516434	-8.844324
0.145000	0.126827	0.011424	0.009032	-0.008165	0.000000	0.278628	0.220296	-0.199137	11.383886	9.982268	-9.452450
0.146000	0.095579	0.011944	0.009528	-0.008785	0.000000	0.291306	0.232387	-0.214264	11.791385	10.328878	-9.943853
0.147000	0.063939	0.012767	0.009892	-0.009359	0.000000	0.311386	0.241266	-0.228278	12.465680	10.528171	-10.370996
0.148000	0.032035	0.013501	0.010341	-0.009980	0.000000	0.329303	0.252229	-0.243427	12.825795	10.814265	-10.903322
0.149000	6.123234E-17	0.013916	0.010957	-0.010636	0.000000	0.339416	0.267249	-0.259402	12.910883	11.316124	-11.354593
0.150000	0.000000	0.014214	0.011505	-0.011069	0.000000	0.346667	0.280604	-0.269967	13.083511	11.754126	-11.371259
0.151000	0.000000	0.014578	0.011879	-0.011224	0.000000	0.355581	0.289731	-0.273762	13.176745	11.894270	-11.144675
0.152000	0.000000	0.015056	0.012297	-0.011488	0.000000	0.367291	0.299927	-0.280204	13.046082	11.934778	-11.244578
0.153000	0.000000	0.015641	0.012882	-0.012068	0.000000	0.381442	0.314208	-0.294341	13.008033	12.117736	-11.660024
0.154000	0.000000	0.016257	0.013508	-0.012728	0.000000	0.396231	0.329463	-0.310450	13.221330	12.377251	-11.971587
0.155000	0.000000	0.016851	0.014091	-0.013313	0.000000	0.411174	0.343685	-0.324696	13.575425	12.623850	-12.170339
0.156000	0.000000	0.017428	0.014691	-0.013905	0.000000	0.426144	0.358309	-0.339155	13.905093	12.892118	-12.440841
0.157000	0.000000	0.018009	0.015312	-0.014529	0.000000	0.438543	0.373477	-0.354358	13.866276	13.091624	-12.626085
0.158000	0.000000	0.018623	0.015825	-0.015036	0.000000	0.448197	0.386039	-0.366726	13.398911	13.023284	-12.497512
0.159000	0.000000	0.019246	0.016201	-0.015400	0.000000	0.459428	0.395101	-0.375632	13.021049	12.711724	-12.292458
0.160000	0.000000	0.019751	0.016621	-0.015850	0.000000	0.471849	0.405166	-0.386641	12.911052	12.465516	-12.390132
0.161000	0.000000	0.020120	0.017194	-0.016467	0.000000	0.480938	0.419524	-0.401581	12.720200	12.560685	-12.595995
0.162000	0.000000	0.020557	0.017852	-0.017011	0.000000	0.488035	0.436236	-0.414674	12.389723	12.919731	-12.505873
0.163000	0.000000	0.021153	0.018486	-0.017384	0.000000	0.494883	0.450303	-0.424166	11.984775	13.101341	-12.315854
0.164000	0.000000	0.021753	0.018954	-0.017805	0.000000	0.499145	0.457136	-0.435164	11.450807	12.762000	-12.404174
0.165000	0.000000	0.022304	0.019285	-0.018393	0.000000	0.504428	0.459693	-0.447976	11.140276	12.128607	-12.530334
0.166000	0.000000	0.022991	0.019826	-0.019017	0.000000	0.517079	0.468072	-0.458395	11.354805	11.798841	-12.345595
0.167000	0.000000	0.023832	0.020663	-0.019600	0.000000	0.531671	0.483809	-0.467553	11.445948	11.972490	-12.061347
0.168000	0.000000	0.024495	0.021360	-0.020203	0.000000	0.537484	0.495846	-0.478288	10.766584	12.122842	-11.905211
0.169000	0.000000	0.024864	0.021729	-0.020825	0.000000	0.538161	0.500369	-0.486975	9.945603	11.816228	-11.597535
0.170000	0.000000	0.025273	0.022131	-0.021328	0.000000	0.544512	0.506015	-0.489022	9.766468	11.369838	-10.934284
0.171000	0.000000	0.025882	0.022742	-0.021693	0.000000	0.552391	0.514731	-0.489370	9.796392	11.148896	-10.447766
0.172000	0.000000	0.026458	0.023313	-0.022142	0.000000	0.551984	0.519303	-0.495975	9.352495	10.931994	-10.581565
0.173000	0.000000	0.026862	0.023707	-0.022753	0.000000	0.546904	0.518481	-0.505477	8.552985	10.407313	-10.727300
0.174000	0.000000	0.027190	0.024063	-0.023313	0.000000	0.544598	0.517371	-0.509554	7.769365	9.674445	-10.248244
0.175000	0.000000	0.027553	0.024464	-0.023709	0.000000	0.545925	0.518108	-0.509140	7.128294	8.983090	-9.461455
0.176000	0.000000	0.028044	0.024846	-0.024062	0.000000	0.549863	0.518421	-0.508978	6.604265	8.320759	-8.775320
0.177000	0.000000	0.028656	0.025208	-0.024454	0.000000	0.551577	0.516283	-0.507232	5.972969	7.522607	-8.003637
0.178000	0.000000	0.029205	0.025688	-0.024860	0.000000	0.545490	0.513985	-0.502057	5.092719	6.690875	-7.033292
0.179000	0.000000	0.029602	0.026303	-0.025255	0.000000	0.536012	0.513373	-0.498494	4.181641	6.063547	-6.274698
0.180000	0.000000	0.029953	0.026847	-0.025640	0.000000	0.529832	0.511409	-0.498910	3.352584	5.538464	-5.870377
0.181000	0.000000	0.030337	0.027233	-0.026025	0.000000	0.526124	0.508478	-0.497689	2.584517	4.919636	-5.288027
0.182000	0.000000	0.030764	0.027613	-0.026442	0.000000	0.522491	0.508561	-0.492888	1.978718	4.239845	-4.347916
0.183000	0.000000	0.031187	0.028036	-0.026866	0.000000	0.517464	0.508629	-0.489728	1.401387	3.447259	-3.574013
0.184000	0.000000	0.031489	0.028349	-0.027170	0.000000	0.509338	0.502316	-0.487995	0.688342	2.476808	-3.039496
0.185000	0.000000	0.031662	0.028523	-0.027343	0.000000	0.501772	0.490682	-0.482074	0.125078	1.597449	-2.233788
0.186000	0.000000	0.031902	0.028760	-0.027582	0.000000	0.499461	0.481175	-0.473586	-0.236516	1.022943	-1.219511
0.187000	0.000000	0.032295	0.029155	-0.027974	0.000000	0.496365	0.478720	-0.468029	-0.986376	0.507070	-0.458764
0.188000	0.000000	0.032725	0.029580	-0.028407	0.000000	0.486795	0.480209	-0.464564	-2.136990	-0.171408	0.142306
0.189000	0.000000	0.033119	0.029966	-0.028803	0.000000	0.478492	0.478661	-0.459075	-2.809124	-0.818332	0.914910
0.190000	0.000000	0.033501	0.030372	-0.029178	0.000000	0.477672	0.473536	-0.452252	-2.880432	-1.277794	1.653479
0.191000	0.000000	0.033891	0.030793	-0.029561	0.000000	0.479934	0.470441	-0.451039	-3.075135	-1.694016	1.808739
0.192000	0.000000	0.034296	0.031103	-0.029988	0.000000	0.480910	0.468880	-0.457653	-3.403863	-2.183347	1.510343
0.193000	0.000000	0.034699	0.031283	-0.030418	0.000000	0.479097	0.463082	-0.461707	-3.470788	-2.677222	1.631808
0.194000	0.000000	0.035061	0.031501	-0.030694	0.000000	0.473651	0.454113	-0.454289	-3.488238	-3.065125	2.437511
0.195000	0.000000	0.035418	0.031869	-0.030837	0.000000	0.467330	0.447833	-0.441682	-3.679454	-3.311315	3.232002
0.196000	0.000000	0.035928	0.032385	-0.031174	0.000000	0.465304	0.446194	-0.435641	-3.839096	-3.424495	3.499974
0.197000	0.000000	0.036570	0.032990	-0.031791	0.000000	0.466873	0.446317	-0.436245	-3.951919	-3.433484	3.463474
0.198000	0.000000	0.037023	0.033552	-0.032366	0.000000	0.463755	0.444864	-0.435045	-4.181974	-3.400919	3.437453
0.199000	0.000000	0.037196	0.033974	-0.032749	0.000000	0.453002	0.442647	-0.432005	-4.404215	-3.397069	3.335789
0.200000	0.000000	0.037395	0.034233	-0.033122	0.000000	0.442661	0.439800	-0.432226	-4.445273	-3.503486	3.155626
0.201000	0.000000	0.037783	0.034398	-0.033546	0.000000	0.439806	0.433598	-0.431607	-4.286951	-3.705299	3.204879
0.202000	0.000000	0.038249	0.034675	-0.033852	0.000000	0.442173	0.426353	-0.424031	-3.997654	-3.910736	3.507532
0.203000	0.000000	0.038672	0.035098	-0.034019	0.000000	0.441830	0.420636	-0.414815	-3.841024	-4.186866	3.717721
0.204000	0.000000	0.038951	0.035432	-0.034277	0.000000	0.434079	0.413309	-0.412019	-3.970713	-4.539058	3.700422
0.205000	0.000000	0.039115	0.035605	-0.034693	0.000000	0.423472	0.406124	-0.411896	-4.088886	-4.580582	3.623767
0.206000	0.000000	0.039390	0.035835	-0.035055	0.000000	0.416732	0.403663	-0.406383	-4.049491	-4.143763	3.604319
0.207000	0.000000	0.039816	0.036227	-0.035256	0.000000	0.410361	0.400024	-0.396070	-4.242891	-3.864324	3.691225
0.208000	0.000000	0.040141	0.036676	-0.035387	0.000000	0.397767	0.390555	-0.385051	-4.695133	-4.198364	3.951308
0.209000	0.000000	0.040304	0.037087	-0.035554	0.000000	0.385575	0.383598	-0.374432	-4.819962	-4.600543	4.292011
0.210000	0.000000	0.040568	0.037403	-0.035867	0.000000	0.383018	0.382282	-0.366881	-4.546378	-4.589478	4.390160
0.211000	0.000000	0.040996	0.037606	-0.036295	0.000000	0.383485	0.377448	-0.365045	-4.485103	-4.575582	4.152714
0.212000	0.000000	0.041319	0.037743	-0.036602	0.000000	0.376516	0.365886	-0.363641	-4.924665	-4.978831	4.161825
0.213000	0.000000	0.041477	0.037904	-0.036758	0.000000	0.366331	0.355897	-0.356503	-5.456161	-5.380132	4.816667
0.214000	0.000000	0.041757	0.038239	-0.037051	0.000000	0.363292	0.354434	-0.348716	-5.514540	-5.173698	5.380532
0.215000	0.000000	0.042202	0.038691	-0.037504	0.000000	0.366127	0.356764	-0.346133	-5.120170	-4.635691	5.150306
0.216000	0.000000	0.042463	0.038908	-0.037732	0.000000	0.363678	0.352274	-0.342038	-4.935790	-4.550445	4.744950
0.217000	0.000000	0.042440	0.038851	-0.037675	0.000000	0.351133	0.341597	-0.332037	-5.436715	-4.980808	4.933514
0.218000	0.000000	0.042427	0.038966	-0.037787	0.000000	0.335870	0.335550	-0.325193	-6.238237	-5.274624	5.288202
0.219000	0.000000	0.042604	0.039391	-0.038212	0.000000	0.326800	0.334210	-0.325662	-6.521665	-5.269228	5.208742
0.220000	0.000000	0.042946	0.039778	-0.038600	0.000000	0.325463	0.328673	-0.325487	-6.073283	-5.427327	5.072266
0.221000	0.000000	0.043362	0.039968	-0.038790	0.000000	0.327068	0.320033	-0.320744	-5.504441	-5.703216	5.308670
0.222000	0.000000	0.043692	0.040115	-0.038937	0.000000	0.325724	0.314195	-0.314933	-5.432464	-5.685848	5.555917
0.223000	0.000000	0.043884	0.040312	-0.039134	0.000000	0.320001	0.309742	-0.309552	-5.817715	-5.552885	5.451367
0.224000	0.000000	0.044047	0.040529	-0.039351	0.000000	0.313643	0.304700	-0.304509	-6.104151	-5.520760	5.252664
0.225000	0.000000	0.044243	0.040732	-0.039554	0.000000	0.311081	0.302006	-0.302050	-5.857035	-5.300110	5.236641
0.226000	0.000000	0.044455	0.040898	-0.039720	0.000000	0.312023	0.301849	-0.301879	-5.307064	-4.965450	5.238918
0.227000	0.000000	0.044659	0.041070	-0.039892	0.000000	0.311142	0.300227	-0.300246	-5.028111	-4.925538	5.054166
0.228000	0.000000	0.044826	0.041369	-0.040191	0.000000	0.305650	0.297902	-0.297975	-4.986242	-4.862945	4.671192
0.229000	0.000000	0.044998	0.041788	-0.040609	0.000000	0.299322	0.297746	-0.297627	-4.687900	-4.419454	4.163057
0.230000	0.000000	0.045298	0.042127	-0.040950	0.000000	0.297029	0.296608	-0.296288	-4.216501	-4.142359	3.721154
0.231000	0.000000	0.045716	0.042317	-0.041142	0.000000	0.297943	0.291341	-0.291804	-4.051204	-4.330499	3.575131
0.232000	0.000000	0.046055	0.042478	-0.041296	0.000000	0.296677	0.285012	-0.286220	-4.133680	-4.401728	3.753578
0.233000	0.000000	0.046245	0.042676	-0.041488	0.000000	0.291440	0.282278	-0.280493	-4.051235	-3.981299	3.959421
0.234000	0.000000	0.046406	0.042884	-0.041721	0.000000	0.285540	0.282953	-0.275682	-3.847183	-3.473557	3.848636
0.235000	0.000000	0.046604	0.043082	-0.041942	0.000000	0.281547	0.282470	-0.274351	-3.892612	-3.426850	3.541176
0.236000	0.000000	0.046812	0.043269	-0.042032	0.000000	0.277912	0.278055	-0.273039	-4.200718	-3.748031	3.480675
0.237000	0.000000	0.047010	0.043459	-0.042007	0.000000	0.270289	0.270105	-0.264213	-4.447107	-3.912804	3.705916
0.238000	0.000000	0.047197	0.043684	-0.042063	0.000000	0.259194	0.260828	-0.250526	-4.378039	-3.846122	3.881495
0.239000	0.000000	0.047387	0.043905	-0.042267	0.000000	0.252787	0.252535	-0.241503	-3.956351	-3.953124	3.985242
0.240000	0.000000	0.047612	0.043996	-0.042501	0.000000	0.254034	0.244439	-0.237850	-3.465060	-4.274811	4.181514
0.241000	0.000000	0.047832	0.043969	-0.042697	0.000000	0.254560	0.237481	-0.233537	-3.376334	-4.342445	4.378575
0.242000	0.000000	0.047924	0.044029	-0.042876	0.000000	0.247346	0.234889	-0.227580	-3.796261	-4.054480	4.436413
0.243000	0.000000	0.047900	0.044236	-0.043067	0.000000	0.235380	0.233203	-0.224753	-4.302090	-3.856768	4.294307
0.244000	0.000000	0.047950	0.044459	-0.043296	0.000000	0.226301	0.228319	-0.226261	-4.461897	-3.877309	3.966229
0.245000	0.000000	0.048150	0.044647	-0.043518	0.000000	0.224378	0.224760	-0.225383	-4.250678	-3.806687	3.767946
0.246000	0.000000	0.048409	0.044864	-0.043599	0.000000	0.226665	0.225838	-0.217217	-4.019804	-3.627049	4.039661
0.247000	0.000000	0.048626	0.045087	-0.043567	0.000000	0.225267	0.225649	-0.207604	-4.131255	-3.628598	4.489291
0.248000	0.000000	0.048707	0.045170	-0.043653	0.000000	0.216854	0.218141	-0.204800	-4.489904	-3.908860	4.545007
0.249000	0.000000	0.048683	0.045138	-0.043882	0.000000	0.208355	0.206386	-0.207212	-4.633096	-4.357897	4.322055
0.250000	0.000000	0.048738	0.045224	-0.044007	0.000000	0.205709	0.198458	-0.206159	-4.457731	-4.727995	4.355608
0.251000	0.000000	0.048939	0.045454	-0.043980	0.000000	0.204156	0.196368	-0.197861	-4.422516	-4.773351	4.686992
0.252000	0.000000	0.049196	0.045578	-0.044022	0.000000	0.200000	0.194420	-0.188478	-4.663982	-4.615282	4.920257
0.253000	0.000000	0.049413	0.045550	-0.044224	0.000000	0.197409	0.190416	-0.185891	-4.727081	-4.504561	4.777542
0.254000	0.000000	0.049493	0.045594	-0.044487	0.000000	0.195504	0.187541	-0.188511	-4.568393	-4.511273	4.380086
0.255000	0.000000	0.049469	0.045795	-0.044705	0.000000	0.188091	0.184309	-0.186700	-4.640413	-4.697344	4.237212
0.256000	0.000000	0.049524	0.046059	-0.044774	0.000000	0.178600	0.179714	-0.177308	-4.902234	-4.893142	4.621084
0.257000	0.000000	0.049725	0.046277	-0.044742	0.000000	0.177120	0.179732	-0.170963	-4.799641	-4.682040	4.860758
0.258000	0.000000	0.049986	0.046344	-0.044837	0.000000	0.184035	0.182761	-0.174669	-4.107322	-4.159256	4.264032
0.259000	0.000000	0.050203	0.046312	-0.045069	0.000000	0.189677	0.179186	-0.177599	-3.310352	-3.887728	3.472714
0.260000	0.000000	0.050272	0.046408	-0.045178	0.000000	0.187029	0.171164	-0.169915	-3.131342	-3.874783	3.408957
0.261000	0.000000	0.050240	0.046640	-0.045142	0.000000	0.177902	0.167359	-0.159563	-3.625344	-3.670465	3.727929
0.262000	0.000000	0.050335	0.046749	-0.045228	0.000000	0.170077	0.165394	-0.157011	-4.022981	-3.432744	3.644116
0.263000	0.000000	0.050567	0.046713	-0.045460	0.000000	0.167672	0.160930	-0.159104	-3.794020	-3.521862	3.260750
0.264000	0.000000	0.050678	0.046799	-0.045572	0.000000	0.165703	0.158205	-0.157023	-3.317939	-3.571313	3.225237
0.265000	0.000000	0.050644	0.047031	-0.045536	0.000000	0.160909	0.158593	-0.150861	-3.113914	-3.320249	3.590511
0.266000	0.000000	0.050720	0.047144	-0.045621	0.000000	0.157978	0.156409	-0.147985	-3.161915	-3.254823	3.685580
0.267000	0.000000	0.050945	0.047110	-0.045853	0.000000	0.158294	0.151504	-0.149586	-3.255782	-3.539706	3.220499
0.268000	0.000000	0.051095	0.047186	-0.045966	0.000000	0.156983	0.149185	-0.148164	-3.251646	-3.641156	2.830455
0.269000	0.000000	0.051087	0.047412	-0.045932	0.000000	0.152693	0.147374	-0.140025	-3.055270	-3.369839	3.084537
0.270000	0.000000	0.051022	0.047561	-0.046009	0.000000	0.146926	0.140797	-0.131693	-2.925171	-3.123305	3.596114
0.271000	0.000000	0.051004	0.047552	-0.046234	0.000000	0.139191	0.132313	-0.128878	-3.167527	-3.149799	3.680050
0.272000	0.000000	0.051129	0.047487	-0.046383	0.000000	0.132026	0.126094	-0.127830	-3.434780	-3.346375	3.334791
0.273000	0.000000	0.051352	0.047470	-0.046374	0.000000	0.129195	0.121754	-0.123845	-3.371652	-3.460284	3.077793
0.274000	0.000000	0.051478	0.047596	-0.046309	0.000000	0.127643	0.119984	-0.117576	-3.322190	-3.353909	3.253141
0.275000	0.000000	0.051463	0.047819	-0.046292	0.000000	0.123347	0.120345	-0.111493	-3.436006	-3.199813	3.667527
0.276000	0.000000	0.051439	0.047944	-0.046418	0.000000	0.117925	0.118572	-0.109167	-3.341244	-3.130311	3.692039
0.277000	0.000000	0.051448	0.047929	-0.046641	0.000000	0.113074	0.113646	-0.112402	-3.120287	-3.146086	3.090755
0.278000	0.000000	0.051427	0.047905	-0.046767	0.000000	0.107727	0.108424	-0.116113	-3.304433	-3.395606	2.611916
0.279000	0.000000	0.051406	0.047914	-0.046753	0.000000	0.102659	0.103161	-0.114398	-3.875061	-3.790455	2.870030
0.280000	0.000000	0.051521	0.047892	-0.046722	0.000000	0.100819	0.097240	-0.108649	-4.231315	-3.902183	3.283305
0.281000	0.000000	0.051745	0.047872	-0.046726	0.000000	0.100807	0.094538	-0.103062	-4.105765	-3.648883	3.183461
0.282000	0.000000	0.051874	0.047987	-0.046732	0.000000	0.098573	0.098001	-0.098430	-3.777545	-3.302789	2.911113
0.283000	0.000000	0.051859	0.048211	-0.046730	0.000000	0.095962	0.102011	-0.093992	-3.529282	-3.018229	3.000917
0.284000	0.000000	0.051826	0.048339	-0.046736	0.000000	0.095764	0.100078	-0.089490	-3.424199	-2.897695	3.314949
0.285000	0.000000	0.051830	0.048324	-0.046741	0.000000	0.094630	0.094266	-0.084040	-3.384464	-3.044754	3.475366
0.286000	0.000000	0.051839	0.048292	-0.046711	0.000000	0.089971	0.088907	-0.077898	-3.378031	-3.318385	3.474390
0.287000	0.000000	0.051838	0.048296	-0.046692	0.000000	0.083642	0.083708	-0.075456	-3.539812	-3.461949	3.453770
0.288000	0.000000	0.051836	0.048305	-0.046812	0.000000	0.078287	0.078490	-0.079156	-3.809818	-3.476898	3.353832
0.289000	0.000000	0.051836	0.048304	-0.047036	0.000000	0.076308	0.076419	-0.082500	-3.841647	-3.465032	3.126864
0.290000	0.000000	0.051836	0.048301	-0.047161	0.000000	0.076904	0.077155	-0.079977	-3.608994	-3.343764	2.859438
0.291000	0.000000	0.051836	0.048302	-0.047146	0.000000	0.075572	0.075056	-0.076556	-3.397808	-3.130509	2.625582
0.292000	0.000000	0.051836	0.048302	-0.047114	0.000000	0.070676	0.069473	-0.076443	-3.262644	-2.992369	2.496903
0.293000	0.000000	0.051836	0.048302	-0.047118	0.000000	0.064390	0.066449	-0.075506	-3.220757	-2.840252	2.491633
0.294000	0.000000	0.051836	0.048302	-0.047127	0.000000	0.059114	0.067112	-0.070803	-3.337160	-2.602021	2.525770
0.295000	0.000000	0.051836	0.048302	-0.047125	0.000000	0.057158	0.066057	-0.064344	-3.356408	-2.567941	2.534818
0.296000	0.000000	0.051836	0.048302	-0.047123	0.000000	0.057740	0.061139	-0.058972	-3.124185	-2.819337	2.500975
0.297000	0.000000	0.051836	0.048302	-0.047123	0.000000	0.056391	0.054708	-0.057312	-2.930209	-3.041148	2.469302
0.298000	0.000000	0.051836	0.048302	-0.047124	0.000000	0.051486	0.049399	-0.058108	-2.932743	-3.059382	2.585442
0.299000	0.000000	0.051836	0.048302	-0.047124	0.000000	0.045131	0.047745	-0.055784	-2.980771	-2.889486	2.872780
0.300000	0.000000	0.051836	0.048302	-0.047124	0.000000	0.039824	0.048525	-0.050129	-2.992117	-2.601706	3.060444
0.301000	0.000000	0.051836	0.048302	-0.047124	0.000000	0.038160	0.046188	-0.047451	-2.983774	-2.431062	2.914181
0.302000	0.000000	0.051836	0.048302	-0.047124	0.000000	0.038938	0.040536	-0.048328	-2.946187	-2.571488	2.606381
0.303000	0.000000	0.051836	0.048302	-0.047124	0.000000	0.036605	0.037872	-0.046251	-2.950846	-2.863297	2.484732
0.304000	0.000000	0.051836	0.048302	-0.047124	0.000000	0.030965	0.038745	-0.040572	-3.095088	-3.012670	2.543807
0.305000	0.000000	0.051836	0.048302	-0.047124	0.000000	0.028253	0.036667	-0.037850	-3.214792	-3.019568	2.459019
0.306000	0.000000	0.051836	0.048302	-0.047124	0.000000	0.029081	0.031000	-0.038732	-3.121369	-3.012668	2.157498
0.307000	0.000000	0.051836	0.048302	-0.047124	0.000000	0.027224	0.028232	-0.036657	-2.987923	-2.889294	1.963900
0.308000	0.000000	0.051836	0.048302	-0.047124	0.000000	0.021729	0.029069	-0.030986	-2.948256	-2.601849	2.117652
0.309000	0.000000	0.051836	0.048302	-0.047124	0.000000	0.018085	0.027215	-0.028231	-2.866787	-2.441657	2.425003
0.310000	0.000000	0.051836	0.048302	-0.047124	0.000000	0.018284	0.021714	-0.029070	-2.763066	-2.604994	2.544281
0.311000	0.000000	0.051836	0.048302	-0.047124	0.000000	0.019873	0.018079	-0.027200	-2.715788	-2.813160	2.513186
0.312000	0.000000	0.051836	0.048302	-0.047124	0.000000	0.020289	0.018287	-0.021696	-2.632547	-2.703292	2.612408
0.313000	0.000000	0.051836	0.048302	-0.047124	0.000000	0.017239	0.019878	-0.018075	-2.544624	-2.361679	2.779455
0.314000	0.000000	0.051836	0.048302	-0.047124	0.000000	0.011809	0.020286	-0.018293	-2.503856	-2.198214	2.724448
0.315000	0.000000	0.051836	0.048302	-0.047124	0.000000	0.008743	0.017223	-0.019880	-2.398654	-2.375664	2.424922
0.316000	0.000000	0.051836	0.048302	-0.047124	0.000000	0.009090	0.011789	-0.020278	-2.288958	-2.584205	2.098376
0.317000	0.000000	0.051836	0.048302	-0.047124	0.000000	0.009670	0.008735	-0.017215	-2.289034	-2.495432	1.988460
0.318000	0.000000	0.051838	0.048302	-0.047124	0.000000	0.009505	0.009104	-0.011790	-2.232639	-2.171631	2.167738
0.319000	0.000000	0.051839	0.048302	-0.047124	0.000000	0.010052	0.009687	-0.008701	-1.973065	-1.891072	2.352723
0.320000	0.000000	0.051830	0.048302	-0.047124	0.000000	0.010351	0.009467	-0.009043	-1.656170	-1.822793	2.225753
0.321000	0.000000	0.051827	0.048302	-0.047124	0.000000	0.007455	0.009992	-0.009805	-1.541398	-1.834895	1.920171
0.322000	0.000000	0.051859	0.048302	-0.047124	0.000000	0.002775	0.010493	-0.009703	-1.684997	-1.699766	1.797521
0.323000	0.000000	0.051872	0.048302	-0.047124	0.000000	-3.250452E-5	0.007673	-0.009549	-1.855716	-1.564917	1.846602
0.324000	0.000000	0.051745	0.048302	-0.047124	0.000000	-0.002776	0.002218	-0.009607	-1.875322	-1.697791	1.744922
0.325000	0.000000	0.051522	0.048302	-0.047124	0.000000	-0.007410	-0.000908	-0.009464	-1.827402	-1.888215	1.481322
0.326000	0.000000	0.051397	0.048302	-0.047124	0.000000	-0.010557	-0.000554	-0.009337	-1.848101	-1.772411	1.357792
0.327000	0.000000	0.051414	0.048301	-0.047124	0.000000	-0.010361	0.000228	-0.010067	-1.878207	-1.465308	1.365042
0.328000	0.000000	0.051479	0.048304	-0.047123	0.000000	-0.008753	0.000185	-0.010511	-1.713177	-1.335568	1.245029
0.329000	0.000000	0.051487	0.048305	-0.047123	0.000000	-0.008490	-2.024585E-6	-0.007592	-1.438960	-1.384336	1.113982
0.330000	0.000000	0.051339	0.048296	-0.047126	0.000000	-0.012112	-0.000192	-0.002196	-1.437936	-1.305076	1.239753
0.331000	0.000000	0.051114	0.048292	-0.047126	0.000000	-0.017620	-0.000220	0.000853	-1.709707	-1.044471	1.424917
0.332000	0.000000	0.051035	0.048326	-0.047118	0.000000	-0.019545	0.000586	0.000684	-1.877037	-0.832989	1.327790
0.333000	0.000000	0.051068	0.048338	-0.047114	0.000000	-0.018731	0.000879	-9.823831E-6	-1.858094	-0.828971	1.032657
0.334000	0.000000	0.050966	0.048205	-0.047148	0.000000	-0.021229	-0.002373	-0.000720	-1.831774	-1.059558	0.826402
0.335000	0.000000	0.050738	0.047981	-0.047160	0.000000	-0.026798	-0.007821	-0.000814	-1.838405	-1.338447	0.832336
0.336000	0.000000	0.050611	0.047871	-0.047026	0.000000	-0.029888	-0.010506	0.002425	-1.839572	-1.320441	1.062149
0.337000	0.000000	0.050632	0.047894	-0.046803	0.000000	-0.029377	-0.009955	0.007820	-1.831772	-1.035442	1.338044
0.338000	0.000000	0.050687	0.047913	-0.046693	0.000000	-0.028035	-0.009485	0.010499	-1.795469	-0.867642	1.319704
0.339000	0.000000	0.050689	0.047904	-0.046716	0.000000	-0.027984	-0.009710	0.009957	-1.785215	-0.895912	1.035529
0.340000	0.000000	0.050582	0.047932	-0.046735	0.000000	-0.030602	-0.009016	0.009487	-1.935919	-0.890587	0.866090
0.341000	0.000000	0.050372	0.047946	-0.046726	0.000000	-0.035712	-0.008678	0.009708	-2.193461	-0.864038	0.892903
0.342000	0.000000	0.050122	0.047804	-0.046754	0.000000	-0.041812	-0.012157	0.009015	-2.346042	-1.054745	0.896223
0.343000	0.000000	0.049919	0.047577	-0.046768	0.000000	-0.046769	-0.017687	0.008688	-2.359247	-1.341879	0.875797
0.344000	0.000000	0.049860	0.047502	-0.046625	0.000000	-0.048191	-0.019502	0.012160	-2.293268	-1.294079	1.033781
0.345000	0.000000	0.049885	0.047537	-0.046399	0.000000	-0.047597	-0.018664	0.017679	-2.134304	-0.994388	1.299360
0.346000	0.000000	0.049806	0.047419	-0.046322	0.000000	-0.049515	-0.021526	0.019559	-2.004996	-0.981822	1.382047
0.347000	0.000000	0.049590	0.047187	-0.046355	0.000000	-0.054789	-0.027188	0.018748	-2.106286	-1.268322	1.337377
0.348000	0.000000	0.049329	0.047107	-0.046250	0.000000	-0.061155	-0.029143	0.021324	-2.418728	-1.398602	1.494788
0.349000	0.000000	0.049127	0.047143	-0.046021	0.000000	-0.066068	-0.028271	0.026894	-2.729315	-1.355068	1.781175
0.350000	0.000000	0.049084	0.047026	-0.045895	0.000000	-0.067119	-0.031122	0.029966	-2.791870	-1.481901	1.788475
0.351000	0.000000	0.049112	0.046794	-0.045917	0.000000	-0.066458	-0.036790	0.029425	-2.587899	-1.742796	1.505752
0.352000	0.000000	0.048987	0.046714	-0.045984	0.000000	-0.069487	-0.038722	0.027799	-2.469828	-1.833424	1.283107
0.353000	0.000000	0.048758	0.046750	-0.045988	0.000000	-0.075075	-0.037852	0.027714	-2.644272	-1.830379	1.287161
0.354000	0.000000	0.048670	0.046632	-0.045832	0.000000	-0.077229	-0.040734	0.031503	-2.785599	-1.981529	1.500596
0.355000	0.000000	0.048701	0.046400	-0.045609	0.000000	-0.076462	-0.046398	0.036950	-2.630172	-2.096434	1.793818
0.356000	0.000000	0.048629	0.046322	-0.045538	0.000000	-0.078236	-0.048300	0.038681	-2.449448	-1.927564	1.880692
0.357000	0.000000	0.048409	0.046357	-0.045570	0.000000	-0.083582	-0.047435	0.037894	-2.556857	-1.758535	1.688990
0.358000	0.000000	0.048146	0.046238	-0.045461	0.000000	-0.089995	-0.050334	0.040570	-2.886583	-1.922784	1.559506
0.359000	0.000000	0.047947	0.046006	-0.045232	0.000000	-0.094904	-0.055989	0.046138	-3.184249	-2.214460	1.697094
0.360000	0.000000	0.047907	0.045927	-0.045109	0.000000	-0.095898	-0.057926	0.049135	-3.233962	-2.295998	1.865652
0.361000	0.000000	0.047933	0.045962	-0.045133	0.000000	-0.095052	-0.057084	0.048556	-3.069012	-2.288975	1.860418
0.362000	0.000000	0.047805	0.045852	-0.045200	0.000000	-0.098076	-0.059750	0.046930	-2.969742	-2.432005	1.772518
0.363000	0.000000	0.047577	0.045623	-0.045201	0.000000	-0.104433	-0.065338	0.046893	-2.981961	-2.532437	1.803683
0.364000	0.000000	0.047492	0.045504	-0.045043	0.000000	-0.106833	-0.068241	0.050764	-2.860211	-2.407347	2.003600
0.365000	0.000000	0.047524	0.045529	-0.044820	0.000000	-0.102955	-0.067628	0.056193	-2.607783	-2.291673	2.096796
0.366000	0.000000	0.047448	0.045583	-0.044755	0.000000	-0.099389	-0.066311	0.057781	-2.466298	-2.268904	1.909601
0.367000	0.000000	0.047226	0.045581	-0.044787	0.000000	-0.101744	-0.066344	0.056996	-2.487108	-2.134192	1.782724
0.368000	0.000000	0.046965	0.045469	-0.044665	0.000000	-0.108510	-0.069076	0.059986	-2.558155	-1.994647	1.963695
0.369000	0.000000	0.046769	0.045257	-0.044434	0.000000	-0.114886	-0.074320	0.065585	-2.558622	-2.151318	2.107657
0.370000	0.000000	0.046723	0.045003	-0.044350	0.000000	-0.116204	-0.080523	0.067647	-2.387426	-2.488180	1.940643
0.371000	0.000000	0.046747	0.044804	-0.044382	0.000000	-0.112013	-0.085161	0.066922	-2.137831	-2.573276	1.759823
0.372000	0.000000	0.046648	0.044765	-0.044305	0.000000	-0.108934	-0.086029	0.068818	-2.022709	-2.344669	1.875849
0.373000	0.000000	0.046425	0.044791	-0.044083	0.000000	-0.112430	-0.086214	0.074026	-2.044924	-2.261542	2.201302
0.374000	0.000000	0.046212	0.044660	-0.043819	0.000000	-0.118444	-0.089719	0.080365	-2.065188	-2.469847	2.507193
0.375000	0.000000	0.046024	0.044431	-0.043623	0.000000	-0.120539	-0.092032	0.085957	-2.062369	-2.442781	2.593058
0.376000	0.000000	0.045799	0.044351	-0.043589	0.000000	-0.120447	-0.088551	0.087097	-2.094500	-2.007286	2.387981
0.377000	0.000000	0.045595	0.044382	-0.043614	0.000000	-0.122337	-0.085094	0.083224	-2.100031	-1.752103	2.121104
0.378000	0.000000	0.045539	0.044302	-0.043477	0.000000	-0.124216	-0.087595	0.081103	-1.934921	-1.912351	2.057591
0.379000	0.000000	0.045564	0.044079	-0.043249	0.000000	-0.124943	-0.093514	0.084002	-1.664186	-2.056211	2.068209
0.380000	0.000000	0.045477	0.043819	-0.043182	0.000000	-0.127115	-0.099624	0.086181	-1.533825	-2.077868	1.906822
0.381000	0.000000	0.045255	0.043625	-0.043216	0.000000	-0.129911	-0.105054	0.085833	-1.619686	-2.244182	1.747512
0.382000	0.000000	0.044997	0.043580	-0.043087	0.000000	-0.131090	-0.106491	0.088756	-1.716099	-2.352705	1.914271
0.383000	0.000000	0.044803	0.043603	-0.042856	0.000000	-0.129726	-0.102461	0.095070	-1.507147	-2.033847	2.292361
0.384000	0.000000	0.044757	0.043510	-0.042789	0.000000	-0.125884	-0.099198	0.097044	-1.021484	-1.612372	2.388145
0.385000	0.000000	0.044780	0.043288	-0.042823	0.000000	-0.123913	-0.102801	0.092747	-0.813297	-1.645730	1.999206
0.386000	0.000000	0.044689	0.043039	-0.042693	0.000000	-0.126721	-0.109690	0.090390	-1.131751	-2.002985	1.628447
0.387000	0.000000	0.044467	0.042847	-0.042463	0.000000	-0.130222	-0.111526	0.094129	-1.468238	-2.153099	1.730870
0.388000	0.000000	0.044209	0.042768	-0.042396	0.000000	-0.131233	-0.107778	0.096571	-1.404222	-1.973053	1.884489
0.389000	0.000000	0.044016	0.042787	-0.042429	0.000000	-0.129583	-0.105365	0.093178	-1.003442	-1.728060	1.580564
0.390000	0.000000	0.043974	0.042835	-0.042301	0.000000	-0.125693	-0.105081	0.090745	-0.514629	-1.464782	1.198109
0.391000	0.000000	0.043997	0.042832	-0.042071	0.000000	-0.124093	-0.102290	0.093279	-0.375663	-1.036530	1.220558
0.392000	0.000000	0.043895	0.042704	-0.041996	0.000000	-0.127227	-0.099734	0.095637	-0.724449	-0.693980	1.367352
0.393000	0.000000	0.043671	0.042487	-0.042029	0.000000	-0.129657	-0.103104	0.096472	-0.986765	-0.813108	1.316877
0.394000	0.000000	0.043447	0.042281	-0.041933	0.000000	-0.129530	-0.108991	0.098902	-0.814277	-1.084596	1.184596
0.395000	0.000000	0.043258	0.042091	-0.041706	0.000000	-0.131998	-0.110753	0.100649	-0.645453	-1.001652	0.965905
0.396000	0.000000	0.043078	0.041864	-0.041492	0.000000	-0.137167	-0.110633	0.100422	-0.791812	-0.885778	0.688795
0.397000	0.000000	0.042880	0.041663	-0.041304	0.000000	-0.140224	-0.113625	0.103273	-0.941752	-1.193973	0.770288
0.398000	0.000000	0.042645	0.041613	-0.041078	0.000000	-0.140595	-0.115719	0.109558	-0.869456	-1.458351	1.254013
0.399000	0.000000	0.042446	0.041637	-0.040877	0.000000	-0.139012	-0.112230	0.111785	-0.704612	-1.173096	1.461013
0.400000	0.000000	0.042402	0.041545	-0.040828	0.000000	-0.135248	-0.108812	0.107427	-0.490690	-0.728499	1.115464
0.401000	0.000000	0.042425	0.041320	-0.040852	0.000000	-0.133699	-0.112356	0.103835	-0.313556	-0.606298	0.840661
0.402000	0.000000	0.042320	0.041060	-0.040757	0.000000	-0.136920	-0.119555	0.106742	-0.333744	-0.690502	0.995678
0.403000	0.000000	0.042094	0.040869	-0.040531	0.000000	-0.139301	-0.121536	0.113860	-0.391037	-0.716448	1.195471
0.404000	0.000000	0.041883	0.040841	-0.040283	0.000000	-0.138881	-0.116637	0.119954	-0.435919	-0.675023	1.184968
0.405000	0.000000	0.041694	0.040863	-0.040093	0.000000	-0.141415	-0.113200	0.120711	-0.739573	-0.666750	1.127022
0.406000	0.000000	0.041468	0.040720	-0.040020	0.000000	-0.147705	-0.117306	0.117079	-1.132988	-0.690708	1.158643
0.407000	0.000000	0.041268	0.040494	-0.040040	0.000000	-0.150713	-0.124135	0.114987	-1.142469	-0.687852	1.171255
0.408000	0.000000	0.041220	0.040427	-0.040084	0.000000	-0.146482	-0.125712	0.114709	-0.774268	-0.675517	0.979988
0.409000	0.000000	0.041244	0.040458	-0.040079	0.000000	-0.139539	-0.122216	0.111850	-0.395527	-0.687516	0.727600
0.410000	0.000000	0.041149	0.040356	-0.039960	0.000000	-0.137065	-0.119514	0.109142	-0.356330	-0.673731	0.760204
0.411000	0.000000	0.040923	0.040128	-0.039741	0.000000	-0.141471	-0.118899	0.112398	-0.751323	-0.657994	1.031099
0.412000	0.000000	0.040665	0.039916	-0.039490	0.000000	-0.148332	-0.119221	0.119309	-1.154230	-0.806220	1.239518
0.413000	0.000000	0.040477	0.039728	-0.039300	0.000000	-0.150514	-0.122860	0.122084	-1.108905	-1.101243	1.259409
0.414000	0.000000	0.040441	0.039501	-0.039262	0.000000	-0.145960	-0.129028	0.117575	-0.776369	-1.234508	1.004875
0.415000	0.000000	0.040462	0.039302	-0.039283	0.000000	-0.140248	-0.130669	0.110631	-0.510390	-1.032319	0.558497
0.416000	0.000000	0.040353	0.039260	-0.039176	0.000000	-0.138318	-0.126142	0.108483	-0.300927	-0.732809	0.373060
0.417000	0.000000	0.040127	0.039283	-0.038949	0.000000	-0.138354	-0.123599	0.113160	-0.056543	-0.617427	0.606587
0.418000	0.000000	0.039908	0.039173	-0.038727	0.000000	-0.138714	-0.127054	0.119192	0.071895	-0.639514	0.758027
0.419000	0.000000	0.039719	0.038946	-0.038538	0.000000	-0.141951	-0.130639	0.120463	-0.064533	-0.710446	0.519266
0.420000	0.000000	0.039526	0.038736	-0.038358	0.000000	-0.147278	-0.130314	0.119295	-0.393601	-0.861166	0.357635
0.421000	0.000000	0.039327	0.038547	-0.038159	0.000000	-0.150004	-0.128588	0.122534	-0.702661	-0.941677	0.719352
0.422000	0.000000	0.039139	0.038319	-0.037923	0.000000	-0.149182	-0.129408	0.129103	-0.737277	-0.811981	1.203222
0.423000	0.000000	0.038942	0.038123	-0.037729	0.000000	-0.147690	-0.133110	0.130689	-0.512882	-0.645490	1.140329
0.424000	0.000000	0.038708	0.038081	-0.037690	0.000000	-0.148652	-0.134668	0.126002	-0.445273	-0.625327	0.578154
0.425000	0.000000	0.038514	0.038104	-0.037712	0.000000	-0.152280	-0.131844	0.123818	-0.638061	-0.724152	0.183983
0.426000	0.000000	0.038475	0.037995	-0.037599	0.000000	-0.153786	-0.129082	0.127395	-0.589097	-0.756302	0.318289
0.427000	0.000000	0.038497	0.037767	-0.037372	0.000000	-0.151031	-0.128584	0.129775	-0.158377	-0.537058	0.604579
0.428000	0.000000	0.038387	0.037545	-0.037163	0.000000	-0.148294	-0.129306	0.129266	0.115202	-0.246212	0.679979
0.429000	0.000000	0.038159	0.037357	-0.036974	0.000000	-0.147562	-0.131980	0.132251	-0.051472	-0.298460	0.835322
0.430000	0.000000	0.037937	0.037176	-0.036746	0.000000	-0.148260	-0.136846	0.138617	-0.415293	-0.696666	1.274634
0.431000	0.000000	0.037749	0.036977	-0.036551	0.000000	-0.151824	-0.142876	0.140249	-0.702773	-1.112485	1.481282
0.432000	0.000000	0.037569	0.036741	-0.036509	0.000000	-0.156781	-0.148554	0.135664	-0.729073	-1.412159	1.107912
0.433000	0.000000	0.037369	0.036549	-0.036531	0.000000	-0.159185	-0.150132	0.133298	-0.516834	-1.471960	0.666145
0.434000	0.000000	0.037133	0.036510	-0.036430	0.000000	-0.159467	-0.145791	0.136555	-0.426360	-1.091910	0.689071
0.435000	0.000000	0.036941	0.036531	-0.036201	0.000000	-0.158687	-0.140246	0.139806	-0.606018	-0.534158	1.058651
0.436000	0.000000	0.036903	0.036429	-0.035941	0.000000	-0.155006	-0.138094	0.140602	-0.702777	-0.353568	1.427195
0.437000	0.000000	0.036924	0.036200	-0.035758	0.000000	-0.150084	-0.138148	0.139852	-0.560323	-0.571705	1.493765
0.438000	0.000000	0.036821	0.035940	-0.035738	0.000000	-0.147778	-0.139581	0.135749	-0.448777	-0.761010	1.075682
0.439000	0.000000	0.036591	0.035757	-0.035756	0.000000	-0.147649	-0.142811	0.129824	-0.425463	-0.750310	0.506273
0.440000	0.000000	0.036334	0.035738	-0.035602	0.000000	-0.149073	-0.143873	0.128676	-0.339182	-0.630186	0.391070
0.441000	0.000000	0.036151	0.035755	-0.035379	0.000000	-0.152444	-0.141213	0.132895	-0.245973	-0.519003	0.647631
0.442000	0.000000	0.036123	0.035601	-0.035324	0.000000	-0.153713	-0.139497	0.134841	-0.176639	-0.519474	0.586061
0.443000	0.000000	0.036142	0.035379	-0.035353	0.000000	-0.150682	-0.138566	0.131803	-0.071420	-0.436114	0.128567
0.444000	0.000000	0.036022	0.035323	-0.035240	0.000000	-0.148100	-0.135270	0.129050	-0.019520	-0.102870	-0.078075
0.445000	0.000000	0.035794	0.035352	-0.035010	0.000000	-0.148500	-0.133871	0.128621	0.007243	0.037950	0.124741
0.446000	0.000000	0.035587	0.035242	-0.034800	0.000000	-0.148959	-0.137097	0.129101	0.158162	-0.250173	0.251556
0.447000	0.000000	0.035397	0.035011	-0.034611	0.000000	-0.148072	-0.139250	0.131916	0.272097	-0.484178	0.215256
0.448000	0.000000	0.035167	0.034792	-0.034382	0.000000	-0.148800	-0.139074	0.138000	0.106253	-0.499506	0.391657
0.449000	0.000000	0.034975	0.034604	-0.034190	0.000000	-0.152315	-0.142022	0.143758	-0.191492	-0.605524	0.690106
0.450000	0.000000	0.034941	0.034411	-0.034155	0.000000	-0.153733	-0.147496	0.144473	-0.293852	-0.738872	0.582039
0.451000	0.000000	0.034962	0.034212	-0.034176	0.000000	-0.150908	-0.149858	0.141059	-0.126096	-0.619613	0.116289
0.452000	0.000000	0.034844	0.034024	-0.034060	0.000000	-0.148253	-0.148877	0.138573	0.170030	-0.285782	-0.079804
0.453000	0.000000	0.034615	0.033826	-0.033830	0.000000	-0.147569	-0.148530	0.138051	0.438700	0.001126	0.113644
0.454000	0.000000	0.034398	0.033591	-0.033610	0.000000	-0.148263	-0.149668	0.138779	0.520132	0.022081	0.260994
0.455000	0.000000	0.034210	0.033403	-0.033422	0.000000	-0.151978	-0.148735	0.142429	0.356640	-0.140194	0.279712
0.456000	0.000000	0.034016	0.033372	-0.033242	0.000000	-0.157213	-0.144643	0.147359	0.070170	-0.209391	0.359644
0.457000	0.000000	0.033818	0.033391	-0.033040	0.000000	-0.159393	-0.143129	0.149641	-0.208873	-0.239759	0.430415
0.458000	0.000000	0.033630	0.033269	-0.032803	0.000000	-0.158466	-0.146681	0.149903	-0.399128	-0.406341	0.478602
0.459000	0.000000	0.033431	0.033040	-0.032616	0.000000	-0.157963	-0.149591	0.149044	-0.484975	-0.476675	0.633099
0.460000	0.000000	0.033197	0.032834	-0.032587	0.000000	-0.159069	-0.149083	0.145153	-0.543855	-0.298647	0.729970
0.461000	0.000000	0.033009	0.032644	-0.032606	0.000000	-0.158940	-0.148600	0.140293	-0.469847	-0.225112	0.553201
0.462000	0.000000	0.032977	0.032411	-0.032482	0.000000	-0.154891	-0.149667	0.138444	-0.116563	-0.402552	0.264220
0.463000	0.000000	0.032996	0.032222	-0.032253	0.000000	-0.149818	-0.148719	0.138286	0.185474	-0.439171	0.164067
0.464000	0.000000	0.032886	0.032202	-0.032047	0.000000	-0.147717	-0.144413	0.138569	0.141194	-0.278423	0.322226
0.465000	0.000000	0.032653	0.032218	-0.031857	0.000000	-0.147701	-0.142997	0.142281	0.018984	-0.367942	0.630093
0.466000	0.000000	0.032397	0.032058	-0.031624	0.000000	-0.149194	-0.147460	0.148499	-0.033063	-0.647094	0.946552
0.467000	0.000000	0.032220	0.031838	-0.031436	0.000000	-0.152562	-0.150177	0.150334	-0.171579	-0.622843	1.011125
0.468000	0.000000	0.032198	0.031790	-0.031416	0.000000	-0.153645	-0.145783	0.145269	-0.265363	-0.311104	0.635855
0.469000	0.000000	0.032213	0.031818	-0.031432	0.000000	-0.150580	-0.139698	0.139763	-0.084756	-0.029725	0.083970
0.470000	0.000000	0.032086	0.031698	-0.031272	0.000000	-0.148121	-0.138040	0.139061	0.199743	0.189611	-0.223707
0.471000	0.000000	0.031857	0.031465	-0.031052	0.000000	-0.148301	-0.139301	0.138879	0.258700	0.390228	-0.266399
0.472000	0.000000	0.031652	0.031258	-0.031002	0.000000	-0.148722	-0.139482	0.135325	0.104092	0.494095	-0.273083
0.473000	0.000000	0.031461	0.031068	-0.031030	0.000000	-0.148967	-0.138375	0.133620	-0.033981	0.500087	-0.235839
0.474000	0.000000	0.031230	0.030838	-0.030922	0.000000	-0.149719	-0.139295	0.136807	-0.102392	0.439767	-0.059239
0.475000	0.000000	0.031043	0.030650	-0.030685	0.000000	-0.148544	-0.142909	0.140113	-0.013386	0.321875	0.063545
0.476000	0.000000	0.031016	0.030622	-0.030429	0.000000	-0.144520	-0.144121	0.140768	0.355155	0.219694	-0.079090
0.477000	0.000000	0.031034	0.030641	-0.030255	0.000000	-0.143139	-0.141181	0.138694	0.670198	0.164838	-0.412605
0.478000	0.000000	0.030907	0.030517	-0.030234	0.000000	-0.146769	-0.138600	0.134726	0.601125	0.215685	-0.710223
0.479000	0.000000	0.030676	0.030285	-0.030249	0.000000	-0.149869	-0.137926	0.133887	0.409374	0.416896	-0.762667
0.480000	0.000000	0.030471	0.030067	-0.030122	0.000000	-0.149272	-0.138801	0.137392	0.413868	0.513774	-0.554874
0.481000	0.000000	0.030280	0.029880	-0.029892	0.000000	-0.147664	-0.142876	0.139271	0.543100	0.295571	-0.280125
0.482000	0.000000	0.030049	0.029700	-0.029674	0.000000	-0.148839	-0.147696	0.139154	0.481002	0.043044	-0.054206
0.483000	0.000000	0.029863	0.029497	-0.029487	0.000000	-0.152679	-0.148884	0.142354	0.105370	0.037294	0.186219
0.484000	0.000000	0.029838	0.029257	-0.029306	0.000000	-0.153738	-0.149312	0.147491	-0.186682	-0.028227	0.438331
0.485000	0.000000	0.029855	0.029076	-0.029103	0.000000	-0.150406	-0.152379	0.149697	-0.128055	-0.379336	0.529891
0.486000	0.000000	0.029726	0.029062	-0.028866	0.000000	-0.148008	-0.153413	0.149836	-0.014606	-0.495994	0.359737
0.487000	0.000000	0.029495	0.029075	-0.028684	0.000000	-0.148581	-0.150415	0.149169	0.029197	-0.140712	0.031916
0.488000	0.000000	0.029290	0.028909	-0.028658	0.000000	-0.148946	-0.148831	0.145195	0.172165	0.064113	-0.244725
0.489000	0.000000	0.029099	0.028691	-0.028675	0.000000	-0.148011	-0.148800	0.139196	0.268264	-0.143653	-0.289175
0.490000	0.000000	0.028869	0.028647	-0.028558	0.000000	-0.148941	-0.145301	0.137357	0.078038	-0.266783	-0.114569
0.491000	0.000000	0.028684	0.028674	-0.028322	0.000000	-0.152606	-0.139938	0.142277	-0.213566	-0.090378	0.153157
0.492000	0.000000	0.028657	0.028560	-0.028065	0.000000	-0.153766	-0.137863	0.149057	-0.260269	0.068494	0.484646
0.493000	0.000000	0.028675	0.028321	-0.027894	0.000000	-0.150474	-0.139102	0.150377	-0.083437	0.018080	0.716790
0.494000	0.000000	0.028557	0.028067	-0.027888	0.000000	-0.147744	-0.140481	0.144917	0.058219	-0.100289	0.537954
0.495000	0.000000	0.028320	0.027896	-0.027897	0.000000	-0.148234	-0.138919	0.139336	0.070706	0.017899	0.120429
0.496000	0.000000	0.028063	0.027876	-0.027723	0.000000	-0.149915	-0.134783	0.138999	-0.065307	0.386963	-0.053065
0.497000	0.000000	0.027894	0.027890	-0.027509	0.000000	-0.149324	-0.133702	0.139816	-0.228794	0.496130	-0.045321
0.498000	0.000000	0.027888	0.027769	-0.027481	0.000000	-0.144623	-0.137138	0.135591	-0.070684	0.192536	-0.147743
0.499000	0.000000	0.027896	0.027533	-0.027501	0.000000	-0.139843	-0.139917	0.129323	0.329806	-0.062740	-0.257289
0.500000	0.000000	0.027724	0.027280	-0.027336	0.000000	-0.139201	-0.140487	0.128783	0.508010	-0.121913	-0.243024
0.501000	0.000000	0.027509	0.027110	-0.027118	0.000000	-0.138726	-0.139619	0.133398	0.502197	-0.038925	-0.190167
0.502000	0.000000	0.027473	0.027091	-0.027076	0.000000	-0.135032	-0.135426	0.134874	0.601536	0.354741	-0.209377
0.503000	0.000000	0.027497	0.027104	-0.027102	0.000000	-0.133657	-0.129426	0.131224	0.722956	0.869982	-0.377628
0.504000	0.000000	0.027366	0.026981	-0.026986	0.000000	-0.137319	-0.127817	0.128470	0.731402	1.003186	-0.661163
0.505000	0.000000	0.027132	0.026745	-0.026745	0.000000	-0.140333	-0.133099	0.129318	0.638356	0.772070	-0.865416
0.506000	0.000000	0.026928	0.026492	-0.026490	0.000000	-0.139633	-0.139661	0.130888	0.513014	0.605621	-0.895668
0.507000	0.000000	0.026737	0.026323	-0.026323	0.000000	-0.138061	-0.139880	0.129300	0.473659	0.644415	-0.977906
0.508000	0.000000	0.026505	0.026306	-0.026309	0.000000	-0.139387	-0.134925	0.125034	0.437807	0.737644	-1.149310
0.509000	0.000000	0.026324	0.026319	-0.026320	0.000000	-0.143248	-0.133459	0.124297	0.271329	0.732000	-0.995129
0.510000	0.000000	0.026305	0.026194	-0.026182	0.000000	-0.144092	-0.137162	0.128055	0.186647	0.554186	-0.530508
0.511000	0.000000	0.026319	0.025957	-0.025951	0.000000	-0.140658	-0.140025	0.129777	0.394437	0.251242	-0.360935
0.512000	0.000000	0.026182	0.025705	-0.025749	0.000000	-0.138407	-0.140501	0.129350	0.676126	-0.026828	-0.615545
0.513000	0.000000	0.025950	0.025537	-0.025556	0.000000	-0.139054	-0.139539	0.132825	0.700570	-0.079801	-0.772932
0.514000	0.000000	0.025749	0.025521	-0.025325	0.000000	-0.139326	-0.135296	0.139148	0.530867	0.181263	-0.534753
0.515000	0.000000	0.025556	0.025533	-0.025146	0.000000	-0.138394	-0.129395	0.140891	0.445223	0.527932	-0.191748
0.516000	0.000000	0.025321	0.025407	-0.025124	0.000000	-0.139555	-0.127896	0.135636	0.413270	0.524895	-0.176168
0.517000	0.000000	0.025144	0.025169	-0.025139	0.000000	-0.143223	-0.133021	0.129017	0.318654	0.083898	-0.475330
0.518000	0.000000	0.025137	0.024917	-0.025015	0.000000	-0.143840	-0.139609	0.127788	0.261172	-0.281263	-0.572763
0.519000	0.000000	0.025144	0.024750	-0.024775	0.000000	-0.140545	-0.140649	0.133134	0.194229	-0.167173	-0.117032
0.520000	0.000000	0.024969	0.024736	-0.024520	0.000000	-0.139193	-0.135338	0.139730	0.030965	0.218056	0.495553
0.521000	0.000000	0.024756	0.024747	-0.024356	0.000000	-0.139380	-0.129739	0.140644	-0.008498	0.511788	0.564811
0.522000	0.000000	0.024721	0.024617	-0.024356	0.000000	-0.135574	-0.128373	0.135009	0.150096	0.535538	0.076711
0.523000	0.000000	0.024745	0.024380	-0.024359	0.000000	-0.129363	-0.129762	0.129621	0.269961	0.269725	-0.250105
0.524000	0.000000	0.024623	0.024138	-0.024178	0.000000	-0.127806	-0.130701	0.129499	0.278646	-0.060687	-0.082132
0.525000	0.000000	0.024380	0.023968	-0.023968	0.000000	-0.133119	-0.129006	0.130174	0.199999	-0.056611	0.081123
0.526000	0.000000	0.024124	0.023918	-0.023950	0.000000	-0.139789	-0.125799	0.125685	0.025915	0.347612	-0.172981
0.527000	0.000000	0.023963	0.023949	-0.023964	0.000000	-0.140570	-0.124717	0.119559	-0.044614	0.711629	-0.539471
0.528000	0.000000	0.023964	0.023988	-0.023787	0.000000	-0.134899	-0.124059	0.119441	0.150605	0.753419	-0.469459
0.529000	0.000000	0.023966	0.023965	-0.023575	0.000000	-0.129861	-0.120578	0.123970	0.453617	0.683160	-0.050644
0.530000	0.000000	0.023783	0.023822	-0.023555	0.000000	-0.129668	-0.118758	0.124875	0.646686	0.700018	0.027496
0.531000	0.000000	0.023575	0.023591	-0.023571	0.000000	-0.129125	-0.123319	0.121645	0.712687	0.659185	-0.305267
0.532000	0.000000	0.023557	0.023340	-0.023397	0.000000	-0.125057	-0.130078	0.120135	0.742901	0.473671	-0.459180
0.533000	0.000000	0.023571	0.023177	-0.023183	0.000000	-0.124060	-0.131296	0.119070	0.683187	0.438327	-0.489520
0.534000	0.000000	0.023394	0.023177	-0.023151	0.000000	-0.128793	-0.125463	0.115701	0.488652	0.670276	-0.815428
0.535000	0.000000	0.023182	0.023179	-0.023174	0.000000	-0.131100	-0.119206	0.114993	0.391699	0.766152	-1.150212
0.536000	0.000000	0.023154	0.022998	-0.023049	0.000000	-0.125998	-0.119447	0.118248	0.590307	0.473713	-1.078215
0.537000	0.000000	0.023175	0.022789	-0.022804	0.000000	-0.119236	-0.124084	0.119979	0.967568	0.181566	-0.745573
0.538000	0.000000	0.023035	0.022759	-0.022549	0.000000	-0.118519	-0.125139	0.120982	1.176405	0.375296	-0.382605
0.539000	0.000000	0.022799	0.022781	-0.022390	0.000000	-0.124119	-0.121652	0.124166	0.939066	0.855070	-0.172456
0.540000	0.000000	0.022598	0.022653	-0.022393	0.000000	-0.129215	-0.119003	0.124584	0.539507	1.030754	-0.407142
0.541000	0.000000	0.022405	0.022409	-0.022393	0.000000	-0.129732	-0.118791	0.120561	0.450510	0.787938	-0.912798
0.542000	0.000000	0.022170	0.022158	-0.022210	0.000000	-0.130240	-0.120765	0.119691	0.435236	0.427340	-0.997805
0.543000	0.000000	0.021998	0.021998	-0.022002	0.000000	-0.133529	-0.124220	0.123749	0.097375	0.197736	-0.536201
0.544000	0.000000	0.021998	0.021988	-0.021974	0.000000	-0.134121	-0.124783	0.125071	-0.226553	0.237095	-0.216700
0.545000	0.000000	0.022000	0.021996	-0.021995	0.000000	-0.130889	-0.121589	0.121720	-0.146852	0.433877	-0.370469
0.546000	0.000000	0.021814	0.021863	-0.021867	0.000000	-0.129715	-0.119063	0.118989	0.162114	0.473443	-0.532598
0.547000	0.000000	0.021608	0.021621	-0.021622	0.000000	-0.129753	-0.118802	0.118749	0.477878	0.333160	-0.330289
0.548000	0.000000	0.021594	0.021369	-0.021368	0.000000	-0.125425	-0.120837	0.120847	0.721162	0.184743	0.061313
0.549000	0.000000	0.021605	0.021211	-0.021211	0.000000	-0.119498	-0.124263	0.124348	0.733347	-0.009741	0.233652
0.550000	0.000000	0.021426	0.021213	-0.021213	0.000000	-0.119481	-0.124524	0.124560	0.494289	-0.187875	0.028095
0.551000	0.000000	0.021215	0.021213	-0.021213	0.000000	-0.124147	-0.121492	0.121205	0.262881	-0.130170	-0.174775
0.552000	0.000000	0.021188	0.021037	-0.021038	0.000000	-0.125149	-0.119979	0.119826	0.189328	0.159056	-0.086591
0.553000	0.000000	0.021209	0.020824	-0.020824	0.000000	-0.121298	-0.119034	0.120102	0.179012	0.525906	-0.001570
0.554000	0.000000	0.021079	0.020763	-0.020759	0.000000	-0.118814	-0.116438	0.117004	0.249790	0.707528	-0.098413
0.555000	0.000000	0.020833	0.020809	-0.020808	0.000000	-0.119898	-0.114931	0.110178	0.423559	0.501499	-0.263023
0.556000	0.000000	0.020578	0.020851	-0.020865	0.000000	-0.121403	-0.114181	0.104403	0.461766	0.239283	-0.504285
0.557000	0.000000	0.020425	0.020820	-0.020823	0.000000	-0.119430	-0.111881	0.104921	0.312744	0.360275	-0.634642
0.558000	0.000000	0.020432	0.020670	-0.020619	0.000000	-0.114924	-0.109717	0.110256	0.205335	0.684108	-0.462999
0.559000	0.000000	0.020427	0.020437	-0.020427	0.000000	-0.114864	-0.109253	0.111914	0.174063	0.756518	-0.431818
0.560000	0.000000	0.020236	0.020188	-0.020420	0.000000	-0.119715	-0.111272	0.106227	0.209731	0.494283	-0.854255
0.561000	0.000000	0.020034	0.020032	-0.020426	0.000000	-0.120364	-0.114751	0.099847	0.421489	0.202475	-1.177927
0.562000	0.000000	0.020026	0.020038	-0.020242	0.000000	-0.115380	-0.114848	0.100348	0.683436	0.187800	-0.962510
0.563000	0.000000	0.020033	0.020034	-0.020035	0.000000	-0.114351	-0.111785	0.105401	0.756581	0.427614	-0.680433
0.564000	0.000000	0.019845	0.019842	-0.020011	0.000000	-0.119507	-0.110675	0.106049	0.667675	0.645008	-0.842842
0.565000	0.000000	0.019641	0.019641	-0.020030	0.000000	-0.121521	-0.109689	0.101154	0.599990	0.718762	-1.138900
0.566000	0.000000	0.019632	0.019633	-0.019897	0.000000	-0.115807	-0.105715	0.099311	0.718212	0.755941	-1.067081
0.567000	0.000000	0.019640	0.019640	-0.019649	0.000000	-0.109372	-0.104342	0.104890	0.968694	0.701007	-0.671385
0.568000	0.000000	0.019451	0.019451	-0.019396	0.000000	-0.110030	-0.109705	0.111426	0.939209	0.433218	-0.348712
0.569000	0.000000	0.019248	0.019248	-0.019245	0.000000	-0.115037	-0.115632	0.110783	0.494666	0.247872	-0.479234
0.570000	0.000000	0.019240	0.019240	-0.019254	0.000000	-0.115264	-0.115240	0.105390	0.201621	0.429667	-0.902759
0.571000	0.000000	0.019247	0.019247	-0.019247	0.000000	-0.110636	-0.111595	0.105083	0.421194	0.615627	-0.927472
0.572000	0.000000	0.019057	0.019057	-0.019054	0.000000	-0.110186	-0.110585	0.110169	0.664844	0.519373	-0.525506
0.573000	0.000000	0.018854	0.018854	-0.018854	0.000000	-0.114703	-0.109421	0.110791	0.497452	0.502763	-0.430231
0.574000	0.000000	0.018848	0.018847	-0.018845	0.000000	-0.115205	-0.105592	0.105810	0.290142	0.640065	-0.680567
0.575000	0.000000	0.018853	0.018853	-0.018853	0.000000	-0.110762	-0.105462	0.104825	0.383449	0.522678	-0.579963
0.576000	0.000000	0.018663	0.018663	-0.018676	0.000000	-0.110233	-0.110157	0.109689	0.460216	0.227366	-0.023270
0.577000	0.000000	0.018461	0.018461	-0.018462	0.000000	-0.114481	-0.110676	0.111863	0.329613	0.166913	0.355231
0.578000	0.000000	0.018455	0.018455	-0.018402	0.000000	-0.115112	-0.105711	0.107361	0.205619	0.293834	0.116208
0.579000	0.000000	0.018460	0.018460	-0.018454	0.000000	-0.111576	-0.104865	0.099865	0.159460	0.231054	-0.494828
0.580000	0.000000	0.018268	0.018269	-0.018510	0.000000	-0.110510	-0.110042	0.094638	0.207296	-0.037577	-0.822680
0.581000	0.000000	0.018067	0.018067	-0.018461	0.000000	-0.110513	-0.111856	0.095906	0.438203	-0.027799	-0.491496
0.582000	0.000000	0.018063	0.018059	-0.018253	0.000000	-0.105909	-0.106104	0.100980	0.688297	0.411770	0.053949
0.583000	0.000000	0.018067	0.018066	-0.018067	0.000000	-0.100071	-0.099799	0.101069	0.729012	0.716601	0.034319
0.584000	0.000000	0.017874	0.017887	-0.018067	0.000000	-0.100592	-0.100265	0.095986	0.655212	0.548551	-0.448333
0.585000	0.000000	0.017674	0.017675	-0.018066	0.000000	-0.105459	-0.105206	0.095313	0.668979	0.260432	-0.511276
0.586000	0.000000	0.017670	0.017621	-0.017872	0.000000	-0.105593	-0.106713	0.100562	0.758469	0.141686	-0.028177
0.587000	0.000000	0.017673	0.017670	-0.017673	0.000000	-0.100986	-0.102261	0.102273	0.705763	0.164467	0.141072
0.588000	0.000000	0.017480	0.017711	-0.017671	0.000000	-0.100688	-0.095379	0.096363	0.413533	0.426810	-0.406064
0.589000	0.000000	0.017280	0.017673	-0.017673	0.000000	-0.105211	-0.090140	0.090118	0.229451	0.931665	-1.014678
0.590000	0.000000	0.017278	0.017517	-0.017479	0.000000	-0.105554	-0.090093	0.091028	0.451589	1.216145	-0.940715
0.591000	0.000000	0.017280	0.017282	-0.017280	0.000000	-0.101111	-0.095876	0.095927	0.673942	0.922079	-0.450634
0.592000	0.000000	0.017086	0.017036	-0.017277	0.000000	-0.100710	-0.101876	0.095991	0.472655	0.462814	-0.432936
0.593000	0.000000	0.016887	0.016887	-0.017280	0.000000	-0.104907	-0.101238	0.091674	0.251371	0.445113	-0.880723
0.594000	0.000000	0.016882	0.016895	-0.017088	0.000000	-0.105546	-0.095827	0.091125	0.436054	0.647311	-0.936485
0.595000	0.000000	0.016887	0.016887	-0.016887	0.000000	-0.102255	-0.094540	0.094449	0.616663	0.526291	-0.540999
0.596000	0.000000	0.016705	0.016702	-0.016871	0.000000	-0.100668	-0.100171	0.096011	0.480648	0.251943	-0.419710
0.597000	0.000000	0.016494	0.016494	-0.016886	0.000000	-0.099625	-0.106281	0.097044	0.505171	0.184580	-0.602146
0.598000	0.000000	0.016439	0.016441	-0.016744	0.000000	-0.097198	-0.106803	0.099478	0.822999	0.184425	-0.589753
0.599000	0.000000	0.016493	0.016493	-0.016493	0.000000	-0.096063	-0.101873	0.100623	0.907102	0.182752	-0.320877
