LabVIEW Measurement	
Writer_Version	2
Reader_Version	2
Separator	Tab
Decimal_Separator	.
Multi_Headings	No
X_Columns	One
Time_Pref	Relative
Operator	MSE_SETUP3
Date	2025/02/24
Time	13:44:14.7474989891052246094
***End_of_Header***	
	
Channels	11											
Samples	600	600	600	600	600	600	600	600	600	600	600	
Date	1903/12/31	1903/12/31	1903/12/31	1903/12/31	1903/12/31	1903/12/31	1903/12/31	1903/12/31	1903/12/31	1903/12/31	1903/12/31	
Time	19:00:00	19:00:00	19:00:00	19:00:00	19:00:00	19:00:00	19:00:00	19:00:00	19:00:00	19:00:00	19:00:00	
X_Dimension	Time	Time	Time	Time	Time	Time	Time	Time	Time	Time	Time	
X0	0.0000000000000000E+0	0.0000000000000000E+0	0.0000000000000000E+0	0.0000000000000000E+0	0.0000000000000000E+0	0.0000000000000000E+0	0.0000000000000000E+0	0.0000000000000000E+0	0.0000000000000000E+0	0.0000000000000000E+0	0.0000000000000000E+0	
Delta_X	0.001000	0.001000	0.001000	0.001000	0.001000	0.001000	0.001000	0.001000	0.001000	0.001000	0.001000	
***End_of_Header***												
X_Value	Input Trajectory	Displacement 1	Displacement 2	Displacement 3	Control Effort	Velocity 1	Velocity 2	Velocity 3	Acceleration 1	Acceleration 2	Acceleration 3	Comment
0.000000	0.000000	0.000000	0.000000	0.000000	0.000000	-1.417847	-1.398519	1.360207	-59.048347	-58.587077	56.761170
0.001000	0.000000	-1.699470E-38	-1.866611E-39	7.929016E-40	0.000000	-1.413185	-1.398293	1.360041	-58.836070	-58.584571	56.706510
0.002000	0.000000	1.516101E-40	1.665208E-41	-7.073493E-42	0.000000	-1.408283	-1.398481	1.360184	-58.651487	-58.640188	56.811814
0.003000	0.000000	5.109638E-38	5.612164E-39	-2.383943E-39	0.000000	-1.403364	-1.395133	1.356513	-58.386714	-58.450300	56.873692
0.004000	0.000000	-1.064655E-39	-1.169362E-40	4.967233E-41	0.000000	-1.398662	-1.389199	1.350828	-57.946615	-57.951541	56.580855
0.005000	0.000000	-1.877231E-37	-2.061854E-38	8.758375E-39	0.000000	-1.394222	-1.383114	1.345975	-57.496402	-57.424316	55.948635
0.006000	0.000000	5.948788E-39	6.533843E-40	-2.775456E-40	0.000000	-1.389145	-1.379331	1.341226	-57.193524	-57.185155	55.372006
0.007000	0.000000	7.009990E-37	7.699413E-38	-3.270568E-38	0.000000	-1.383042	-1.379258	1.335541	-56.946289	-57.219673	55.035772
0.008000	0.000000	-2.967485E-38	-3.259333E-39	1.384504E-39	0.000000	-1.379284	-1.379325	1.331450	-56.779573	-57.226720	54.957930
0.009000	0.000000	-2.620701E-36	-2.878444E-37	1.222710E-37	0.000000	-1.380372	-1.375664	1.331281	-56.822221	-57.063590	55.181584
0.010000	0.000000	1.388181E-37	1.524707E-38	-6.476671E-39	0.000000	-1.379502	-1.369939	1.331426	-56.792330	-56.833812	55.398281
0.011000	0.000000	9.798127E-36	1.076176E-36	-4.571396E-37	0.000000	-1.370217	-1.364841	1.327782	-56.343158	-56.507579	55.268974
0.012000	0.000000	-6.234114E-37	-6.847230E-38	2.908577E-38	0.000000	-1.360354	-1.360293	1.322031	-55.815243	-56.072327	54.958062
0.013000	0.000000	-3.663194E-35	-4.023464E-36	1.709093E-36	0.000000	-1.358791	-1.355576	1.316923	-55.778819	-55.868317	54.714167
0.014000	0.000000	2.721822E-36	2.989510E-37	-1.269889E-37	0.000000	-1.360105	-1.350712	1.312387	-56.107450	-56.022995	54.496508
0.015000	0.000000	1.369511E-34	1.504201E-35	-6.389567E-36	0.000000	-1.356809	-1.345894	1.307694	-56.164028	-56.123807	54.231910
0.016000	0.000000	-1.164073E-35	-1.278558E-36	5.431080E-37	0.000000	-1.350739	-1.341115	1.302809	-55.707522	-55.929002	54.043500
0.017000	0.000000	-5.119884E-34	-5.623418E-35	2.388724E-35	0.000000	-1.345544	-1.336324	1.297903	-55.144884	-55.629139	54.030937
0.018000	0.000000	4.900630E-35	5.382600E-36	-2.286429E-36	0.000000	-1.341089	-1.331522	1.293199	-54.891211	-55.380827	54.027402
0.019000	0.000000	1.914006E-33	2.102246E-34	-8.929953E-35	0.000000	-1.336397	-1.326723	1.288733	-54.906610	-55.180675	53.882863
0.020000	0.000000	-2.037599E-34	-2.237994E-35	9.506585E-36	0.000000	-1.331508	-1.321927	1.283649	-54.968177	-54.998919	53.628961
0.021000	0.000000	-7.155094E-33	-7.858788E-34	3.338268E-34	0.000000	-1.326683	-1.317132	1.277639	4.341124	3.875559	-3.931847
0.022000	0.000000	8.387090E-34	9.211950E-35	-3.913066E-35	0.000000	-1.321911	-1.312334	1.273910	4.346386	4.093306	-4.101442
0.023000	0.000000	2.674706E-32	2.937760E-33	-1.247906E-33	0.000000	-1.317121	-1.307532	1.274731	4.341046	4.330924	-4.069212
0.024000	0.000000	-3.423658E-33	-3.760370E-34	1.597335E-34	0.000000	-1.312318	-1.302739	1.273996	4.335516	4.399701	-3.929386
0.025000	0.000000	-9.998285E-32	-1.098160E-32	4.664781E-33	0.000000	-1.307518	-1.297961	1.265792	4.340157	4.344678	-4.049347
0.026000	0.000000	1.387821E-32	1.524311E-33	-6.474992E-34	0.000000	-1.302723	-1.293147	1.254944	4.357066	4.284148	-4.334823
0.027000	0.000000	3.737349E-31	4.104912E-32	-1.743691E-32	0.000000	-1.297928	-1.288280	1.247847	4.343661	4.335739	-4.446657
0.028000	0.000000	-5.592293E-32	-6.142287E-33	2.609130E-33	0.000000	-1.293130	-1.283547	1.245158	4.281560	4.557671	-4.303927
0.029000	0.000000	-1.396981E-30	-1.534372E-31	6.517729E-32	0.000000	-1.288329	-1.279010	1.245476	4.331211	4.776943	-4.094018
0.030000	0.000000	2.241897E-31	2.462384E-32	-1.045975E-32	0.000000	-1.283535	-1.273971	1.245178	4.611256	4.842543	-4.100162
0.031000	0.000000	5.221630E-30	5.735171E-31	-2.436194E-31	0.000000	-1.278752	-1.268207	1.241241	4.797605	4.844407	-4.294509
0.032000	0.000000	-8.947416E-31	-9.827382E-32	4.174490E-32	0.000000	-1.273942	-1.264323	1.235637	4.584540	4.786564	-4.387889
0.033000	0.000000	-1.951688E-29	-2.143634E-30	9.105761E-31	0.000000	-1.269094	-1.264289	1.230848	4.345726	4.571635	-4.342090
0.034000	0.000000	3.556892E-30	3.906708E-31	-1.659497E-31	0.000000	-1.264346	-1.264317	1.226041	4.497380	4.345678	-4.327704
0.035000	0.000000	7.294634E-29	8.012051E-30	-3.403371E-30	0.000000	-1.259738	-1.260519	1.220362	4.779345	4.294925	-4.382122
0.036000	0.000000	-1.409060E-29	-1.547639E-30	6.574083E-31	0.000000	-1.254757	-1.254759	1.216422	4.859589	4.339765	-4.346290
0.037000	0.000000	-2.726373E-28	-2.994508E-29	1.272011E-29	0.000000	-1.249254	-1.249693	1.216319	4.832609	4.353432	-4.118565
0.038000	0.000000	5.564634E-29	6.111908E-30	-2.596225E-30	0.000000	-1.245152	-1.245159	1.216414	4.780569	4.341190	-3.880420
0.039000	0.000000	1.018957E-27	1.119170E-28	-4.754025E-29	0.000000	-1.244180	-1.240450	1.212855	4.614669	4.336745	-3.825912
0.040000	0.000000	-2.191443E-28	-2.406968E-29	1.022436E-29	0.000000	-1.245143	-1.235565	1.206831	4.345404	4.340832	-3.900061
0.041000	0.000000	-3.808156E-27	-4.182684E-28	1.776726E-28	0.000000	-9.288187E-26	-1.020167E-26	4.333479E-27	63.405155	62.948927	-61.126120
0.042000	0.000000	8.608505E-28	9.455140E-29	-4.016368E-29	0.000000	2.099635E-26	2.306132E-27	-9.796020E-28	63.175396	62.720581	-60.839933
0.043000	0.000000	1.423189E-26	1.563158E-27	-6.640005E-28	0.000000	3.471193E-25	3.812580E-26	-1.619513E-26	62.948138	62.492079	-60.662401
0.044000	0.000000	-3.373887E-27	-3.705705E-28	1.574115E-28	0.000000	-8.228994E-26	-9.038304E-27	3.839304E-27	62.720065	62.263407	-60.701459
0.045000	0.000000	-5.318622E-26	-5.841701E-27	2.481446E-27	0.000000	-1.297225E-24	-1.424805E-25	6.052308E-26	62.491319	62.035195	-60.666476
0.046000	0.000000	1.319552E-26	1.449328E-27	-6.156476E-28	0.000000	3.218419E-25	3.534946E-26	-1.501580E-26	62.262784	61.807655	-60.275817
0.047000	0.000000	1.987578E-25	2.183054E-26	-9.273209E-27	0.000000	4.847752E-24	5.324522E-25	-2.261758E-25	62.034451	61.578420	-59.759233
0.048000	0.000000	-5.151003E-26	-5.657597E-27	2.403243E-27	0.000000	-1.256342E-24	-1.379902E-25	5.861567E-26	61.806093	61.346680	-59.421272
0.049000	0.000000	-7.427422E-25	-8.157899E-26	3.465324E-26	0.000000	-1.811566E-23	-1.989731E-24	8.452010E-25	61.577599	61.121294	-59.293251
0.050000	0.000000	2.007215E-25	2.204622E-26	-9.364826E-27	0.000000	4.895646E-24	5.377127E-25	-2.284104E-25	61.348989	60.905214	-59.308363
0.051000	0.000000	2.775496E-24	3.048462E-25	-1.294930E-25	0.000000	6.769502E-23	7.435273E-24	-3.158366E-24	61.120728	60.665278	-59.294171
0.052000	0.000000	-7.808938E-25	-8.576936E-26	3.643324E-26	0.000000	-1.904619E-23	-2.091936E-24	8.886155E-25	60.892950	60.390795	-59.106733
0.053000	0.000000	-1.037126E-23	-1.139126E-24	4.838798E-25	0.000000	-2.529576E-22	-2.778357E-23	1.180195E-23	60.663906	60.205875	-58.839835
0.054000	0.000000	3.033462E-24	3.331799E-25	-1.415286E-25	0.000000	7.398688E-23	8.126339E-24	-3.451918E-24	60.433058	60.204233	-58.611788
0.055000	0.000000	3.875354E-23	4.256490E-24	-1.808078E-24	0.000000	9.452083E-22	1.038168E-22	-4.409947E-23	60.206946	60.205560	-58.382917
0.056000	0.000000	-1.176740E-23	-1.292471E-24	5.490177E-25	0.000000	-2.870098E-22	-3.152368E-23	1.339067E-23	59.987538	60.024702	-58.112488
0.057000	0.000000	-1.448037E-22	-1.590450E-23	6.755936E-24	0.000000	-3.531798E-21	-3.879146E-22	1.647789E-22	59.750352	59.750425	-57.924853
0.058000	0.000000	4.558897E-23	5.007258E-24	-2.126990E-24	0.000000	1.111926E-21	1.221282E-22	-5.187782E-23	59.488283	59.509184	-57.919946
0.059000	0.000000	5.410491E-22	5.942606E-23	-2.524309E-23	0.000000	1.319632E-20	1.449416E-21	-6.156851E-22	59.292953	59.293268	-57.924495
0.060000	0.000000	-1.764062E-22	-1.937555E-23	8.230376E-24	0.000000	-4.302591E-21	-4.725745E-22	2.007409E-22	59.246690	59.069051	-57.755001
0.061000	0.000000	-2.021539E-21	-2.220355E-22	9.431657E-23	0.000000	-4.930584E-20	-5.415500E-21	2.300404E-21	59.292544	58.836448	-57.468158
0.062000	0.000000	6.818312E-22	7.488884E-23	-3.181139E-23	0.000000	1.663003E-20	1.826557E-21	-7.758876E-22	7.919106E-19	8.697939E-20	-3.694723E-20
0.063000	0.000000	7.552945E-21	8.295767E-22	-3.523888E-22	0.000000	1.842182E-19	2.023358E-20	-8.594849E-21	8.772293E-18	9.635036E-19	-4.092785E-19
0.064000	0.000000	-2.632567E-21	-2.891476E-22	1.228246E-22	0.000000	-6.420895E-20	-7.052381E-21	2.995721E-21	-3.057585E-18	-3.358295E-19	1.426541E-19
0.065000	0.000000	-2.821883E-20	-3.099411E-21	1.316572E-21	0.000000	-6.882641E-19	-7.559540E-20	3.211152E-20	-3.277448E-17	-3.599780E-18	1.529120E-18
0.066000	0.000000	1.015429E-20	1.115295E-21	-4.737565E-22	0.000000	2.476655E-19	2.720231E-20	-1.155504E-20	1.179366E-17	1.295355E-18	-5.502427E-19
0.067000	0.000000	1.054266E-19	1.157952E-20	-4.918764E-21	0.000000	2.571380E-18	2.824272E-19	-1.199698E-19	1.224467E-16	1.344891E-17	-5.712849E-18
0.068000	0.000000	-3.913021E-20	-4.297862E-21	1.825652E-21	0.000000	-9.543955E-19	-1.048259E-19	4.452810E-20	-4.544763E-17	-4.991735E-18	2.120396E-18
0.069000	0.000000	-3.938673E-19	-4.326036E-20	1.837620E-20	0.000000	-9.606519E-18	-1.055131E-18	4.482000E-19	-4.574532E-16	-5.024431E-17	2.134285E-17
0.070000	0.000000	1.506576E-19	1.654746E-20	-7.029054E-21	0.000000	3.674576E-18	4.035965E-19	-1.714403E-19	1.749807E-16	1.921898E-17	-8.163866E-18
0.071000	0.000000	1.471425E-18	1.616138E-19	-6.865053E-20	0.000000	3.588841E-17	3.941799E-18	-1.674403E-18	1.708972E-15	1.877047E-16	-7.973348E-17
0.072000	0.000000	-5.795717E-19	-6.365718E-20	2.704039E-20	0.000000	-1.413589E-17	-1.552614E-18	6.595217E-19	-6.731411E-16	-7.393436E-17	3.140595E-17
0.073000	0.000000	-5.496862E-18	-6.037471E-19	2.564606E-19	0.000000	-1.340698E-16	-1.472554E-17	6.255136E-18	-6.384275E-15	-7.012160E-16	2.978636E-16
0.074000	0.000000	2.227819E-18	2.446922E-19	-1.039407E-19	0.000000	5.433706E-17	5.968103E-18	-2.535140E-18	2.587491E-15	2.841967E-16	-1.207215E-16
0.075000	0.000000	2.053430E-17	2.255383E-18	-9.580447E-19	0.000000	5.008367E-16	5.500933E-17	-2.336694E-17	2.384936E-14	2.619492E-15	-1.112711E-15
0.076000	0.000000	-8.557117E-18	-9.398698E-19	3.992393E-19	0.000000	-2.087102E-16	-2.292365E-17	9.737543E-18	-9.938624E-15	-1.091607E-15	4.636946E-16
0.077000	0.000000	-7.670675E-17	-8.425076E-18	3.578816E-18	0.000000	-1.870896E-15	-2.054897E-16	8.728820E-17	-8.909029E-14	-9.785221E-15	4.156580E-15
0.078000	0.000000	3.284476E-17	3.607500E-18	-1.532399E-18	0.000000	8.010918E-16	8.798781E-17	-3.737559E-17	3.814740E-14	4.189914E-15	-1.779798E-15
0.079000	0.000000	2.865337E-16	3.147139E-17	-1.336846E-17	0.000000	6.988626E-15	7.675948E-16	-3.260600E-16	3.327917E-13	3.655213E-14	-1.552667E-14
0.080000	0.000000	-1.259828E-16	-1.383730E-17	5.877831E-18	0.000000	-3.072751E-15	-3.374952E-16	1.433617E-16	-1.463221E-13	-1.607127E-14	6.826778E-15
0.081000	0.000000	-1.070301E-15	-1.175564E-16	4.993579E-17	0.000000	-2.610491E-14	-2.867230E-15	1.217946E-15	-1.243091E-12	-1.365347E-13	5.799742E-14
0.082000	0.000000	4.829221E-16	5.304168E-17	-2.253112E-17	0.000000	1.177859E-14	1.293700E-15	-5.495396E-16	5.608875E-13	6.160500E-14	-2.616866E-14
0.083000	0.000000	3.997836E-15	4.391017E-16	-1.865223E-16	0.000000	9.750818E-14	1.070980E-14	-4.549324E-15	4.643246E-12	5.099903E-13	-2.166344E-13
0.084000	0.000000	-1.850021E-15	-2.031968E-16	8.631423E-17	0.000000	-4.512246E-14	-4.956019E-15	2.105225E-15	-2.148697E-12	-2.360019E-13	1.002492E-13
0.085000	0.000000	-1.493249E-14	-1.640108E-15	6.966873E-16	0.000000	-3.642070E-13	-4.000262E-14	1.699237E-14	-1.734319E-11	-1.904886E-12	8.091605E-13
0.086000	0.000000	7.083080E-15	7.779691E-16	-3.304669E-16	0.000000	1.727580E-13	1.897486E-14	-8.060167E-15	8.226606E-12	9.035682E-13	-3.838190E-13
0.087000	0.000000	5.577346E-14	6.125871E-15	-2.602156E-15	0.000000	1.360328E-12	1.494115E-13	-6.346723E-14	6.477753E-11	7.114831E-12	-3.022249E-12
0.088000	0.000000	-2.710347E-14	-2.976906E-15	1.264535E-15	0.000000	-6.610604E-13	-7.260748E-14	3.084231E-14	-3.147919E-11	-3.457512E-12	1.468687E-12
0.089000	0.000000	-2.083106E-13	-2.287977E-14	9.718903E-15	0.000000	-5.080747E-12	-5.580432E-13	2.370464E-13	-2.419403E-10	-2.657348E-11	1.128792E-11
0.090000	0.000000	1.036563E-13	1.138508E-14	-4.836170E-15	0.000000	2.528203E-12	2.776848E-13	-1.179554E-13	1.203911E-10	1.322314E-11	-5.616943E-12
0.091000	0.000000	7.780071E-13	8.545230E-14	-3.629856E-14	0.000000	1.897578E-11	2.084203E-12	-8.853306E-13	9.036085E-10	9.924772E-11	-4.215859E-11
0.092000	0.000000	-3.962273E-13	-4.351957E-14	1.848631E-14	0.000000	-9.664080E-12	-1.061453E-12	4.508856E-13	-4.601960E-10	-5.054557E-11	2.147082E-11
0.093000	0.000000	-2.905654E-12	-3.191421E-13	1.355657E-13	0.000000	-7.086961E-11	-7.783954E-12	3.306480E-12	-3.374743E-9	-3.706644E-10	1.574514E-10
0.094000	0.000000	1.513841E-12	1.662725E-13	-7.062947E-14	0.000000	3.692294E-11	4.055426E-12	-1.722670E-12	1.758242E-9	1.931162E-10	-8.203220E-11
0.095000	0.000000	1.085157E-11	1.191881E-12	-5.062888E-13	0.000000	2.646724E-10	2.907026E-11	-1.234851E-11	1.260344E-8	1.384298E-9	-5.880240E-10
0.096000	0.000000	-5.781116E-12	-6.349681E-13	2.697227E-13	0.000000	-1.410028E-10	-1.548703E-11	6.578602E-12	-6.714444E-9	-7.374801E-10	3.132679E-10
0.097000	0.000000	-4.052558E-11	-4.451122E-12	1.890754E-12	0.000000	-9.884289E-10	-1.085640E-10	4.611596E-11	-4.706803E-8	-5.169711E-9	2.195997E-9
0.098000	0.000000	2.206720E-11	2.423748E-12	-1.029563E-12	0.000000	5.382243E-10	5.911580E-11	-2.511130E-11	2.562982E-8	2.815048E-9	-1.195780E-9
0.099000	0.000000	1.513402E-10	1.662243E-11	-7.060900E-12	0.000000	3.691224E-9	4.054251E-10	-1.722171E-10	1.757725E-7	1.930595E-8	-8.200811E-9
0.100000	0.000000	-8.419655E-11	-9.247717E-12	3.928259E-12	0.000000	-2.053574E-9	-2.255541E-10	9.581119E-11	-9.778959E-8	-1.074071E-8	4.562453E-9
0.101000	0.032035	-5.651547E-10	-6.207369E-11	2.636775E-11	0.000000	-1.378426E-8	-1.513992E-9	6.431159E-10	-6.563932E-7	-7.209486E-8	3.062456E-8
0.102000	0.063939	3.211147E-10	3.526959E-11	-1.498187E-11	0.000000	7.832067E-9	8.602340E-10	-3.654115E-10	3.729568E-7	4.096366E-8	-1.740060E-8
0.103000	0.095579	2.110418E-9	2.317975E-10	-9.846329E-11	0.000000	5.147362E-8	5.653598E-9	-2.401544E-9	2.451124E-6	2.692189E-7	-1.143592E-7
0.104000	0.126827	-1.224198E-9	-1.344597E-10	5.711597E-11	0.000000	-2.985849E-8	-3.279504E-9	1.393072E-9	-1.421838E-6	-1.561674E-7	6.633700E-8
0.105000	0.157554	-7.880574E-9	-8.655618E-10	3.676746E-10	0.000000	-1.922091E-7	-2.111126E-8	8.967673E-9	-9.152813E-6	-1.005298E-6	4.270320E-7
0.106000	0.187634	4.665254E-9	5.124076E-10	-2.176612E-10	0.000000	1.137867E-7	1.249775E-8	-5.308811E-9	5.418431E-6	5.951326E-7	-2.528013E-7
0.107000	0.216942	2.942627E-8	3.232030E-9	-1.372907E-9	0.000000	7.177138E-7	7.883000E-8	-3.348552E-8	3.417684E-5	3.753809E-6	-1.594548E-6
0.108000	0.245359	-1.777202E-8	-1.951988E-9	8.291683E-10	0.000000	-4.334640E-7	-4.760946E-8	2.022362E-8	-2.064121E-5	-2.267124E-6	9.630324E-7
0.109000	0.272767	-1.098754E-7	-1.206815E-8	5.126327E-9	0.000000	-2.679888E-6	-2.943451E-7	1.250324E-7	-0.000128	-1.401643E-5	5.953921E-6
0.110000	0.299055	6.767718E-8	7.433314E-9	-3.157534E-9	0.000000	1.650663E-6	1.813003E-7	-7.701302E-8	7.860323E-5	8.633376E-6	-3.667298E-6
0.111000	0.324114	4.102550E-7	4.506030E-8	-1.914078E-8	0.000000	1.000622E-5	1.099032E-6	-4.668483E-7	0.000476	5.233483E-5	-2.223087E-5
0.112000	0.347841	-2.576302E-7	-2.829678E-8	1.201995E-8	0.000000	-6.283663E-6	-6.901653E-7	2.931694E-7	-0.000299	-3.286511E-5	1.396049E-5
0.113000	0.370139	-1.531775E-6	-1.682423E-7	7.146623E-8	0.000000	-3.736038E-5	-4.103472E-6	1.743079E-6	-0.001779	-0.000195	8.300373E-5
0.114000	0.390916	9.804050E-7	1.076827E-7	-4.574160E-8	0.000000	2.391232E-5	2.626406E-6	-1.115649E-6	0.001139	0.000125	-5.312629E-5
0.115000	0.410086	5.719055E-6	6.281516E-7	-2.668272E-7	0.000000	0.000139	1.532077E-5	-6.507980E-6	0.006642	0.000730	-0.000310
0.116000	0.427571	-3.729696E-6	-4.096507E-7	1.740120E-7	0.000000	-9.096820E-5	-9.991480E-6	4.244196E-6	-0.004332	-0.000476	0.000202
0.117000	0.443300	-2.135214E-5	-2.345209E-6	9.962013E-7	0.000000	-0.000521	-5.720022E-5	2.429759E-5	-0.024799	-0.002724	0.001157
0.118000	0.457206	1.455947E-5	1.557921E-6	-6.617759E-7	0.000000	0.000355	3.799807E-5	-1.614088E-5	0.016910	0.001809	-0.000769
0.119000	0.469234	0.000164	8.755610E-6	-3.719221E-6	0.000000	0.004006	0.000214	-9.071270E-5	0.190774	0.010169	-0.004320
0.120000	0.479334	0.000467	-5.923047E-6	2.516001E-6	0.000000	0.011391	-0.000144	6.136587E-5	0.542416	-0.006879	0.002922
0.121000	0.487464	0.000888	-3.268730E-5	1.388496E-5	0.000000	0.021651	-0.000797	0.000339	1.030978	-0.037964	0.016127
0.122000	0.493591	0.001232	2.292690E-5	-9.562751E-6	0.000000	0.030045	0.000559	-0.000233	1.430693	0.026628	-0.011107
0.123000	0.497690	0.001413	0.000208	-5.183523E-5	0.000000	0.034461	0.005073	-0.001264	1.640997	0.241567	-0.060204
0.124000	0.499743	0.001630	0.000440	3.677097E-5	0.000000	0.039752	0.010721	0.000897	1.892937	0.510504	0.042707
0.125000	0.499743	0.002011	0.000646	0.000280	0.000000	0.049041	0.015757	0.006834	2.335310	0.750310	0.325415
0.126000	0.497690	0.002445	0.000819	0.000388	0.000000	0.059633	0.019977	0.009474	2.839682	0.951303	0.451119
0.127000	0.493591	0.002842	0.000988	0.000205	0.000000	0.069318	0.024097	0.005004	3.300847	1.147484	0.238278
0.128000	0.487464	0.003223	0.001245	-4.612790E-5	0.000000	0.078619	0.030370	-0.001125	3.743750	1.446210	-0.053573
0.129000	0.479334	0.003614	0.001630	-0.000222	0.000000	0.088146	0.039768	-0.005412	4.197429	1.893709	-0.257707
0.130000	0.469234	0.004014	0.002053	-0.000457	0.000000	0.097914	0.050070	-0.011146	4.662678	2.384304	-0.530766
0.131000	0.457206	0.004415	0.002447	-0.000838	0.000000	0.107690	0.059674	-0.020441	5.128033	2.841614	-0.973396
0.132000	0.443300	0.004792	0.002836	-0.001272	0.000000	0.116878	0.069168	-0.031036	5.565141	3.293640	-1.477863
0.133000	0.427571	0.005158	0.003235	-0.001678	0.000000	0.125811	0.078911	-0.040915	5.991283	3.757692	-1.948347
0.134000	0.410086	0.005612	0.003616	-0.002041	0.000000	0.136879	0.088197	-0.049783	6.519850	4.200067	-2.370681
0.135000	0.390916	0.006196	0.003985	-0.002400	0.000000	0.151116	0.097188	-0.058529	7.194882	4.627890	-2.787026
0.136000	0.370139	0.006813	0.004434	-0.002872	0.000000	0.166172	0.108136	-0.070056	7.906310	5.148602	-3.335678
0.137000	0.347841	0.007400	0.005010	-0.003483	0.000000	0.180480	0.122190	-0.084953	8.598609	5.819069	-4.045597
0.138000	0.324114	0.007994	0.005645	-0.004039	0.000000	0.194970	0.137675	-0.098511	9.309072	6.558678	-4.692175
0.139000	0.299055	0.008603	0.006260	-0.004435	0.000000	0.209839	0.152682	-0.108179	9.975409	7.268782	-5.150589
0.140000	0.272767	0.009150	0.006789	-0.004805	0.000000	0.223163	0.165574	-0.117187	10.436052	7.874306	-5.576029
0.141000	0.245359	0.009665	0.007291	-0.005310	0.000000	0.235735	0.177838	-0.129516	10.683049	8.475333	-6.170337
0.142000	0.216942	0.010428	0.008085	-0.006116	0.000000	0.254352	0.197198	-0.149176	11.081005	9.428326	-7.119729
0.143000	0.187634	0.011481	0.009183	-0.007174	0.000000	0.280035	0.223972	-0.174975	11.904300	10.638702	-8.321039
0.144000	0.157554	0.012330	0.009926	-0.008006	0.000000	0.300740	0.242104	-0.195276	12.679979	11.287213	-9.238657
0.145000	0.126827	0.012729	0.010066	-0.008396	0.000000	0.310472	0.245517	-0.204777	12.891430	11.180799	-9.794003
0.146000	0.095579	0.013055	0.010329	-0.008745	0.000000	0.318419	0.251918	-0.213305	12.827502	11.245789	-10.482774
0.147000	0.063939	0.013598	0.011117	-0.009322	0.000000	0.331669	0.271139	-0.227358	12.954079	11.960087	-11.277684
0.148000	0.032035	0.014332	0.011967	-0.009976	0.000000	0.349564	0.291879	-0.243307	13.345070	12.751492	-11.824332
0.149000	6.123234E-17	0.015151	0.012567	-0.010577	0.000000	0.369528	0.306509	-0.257985	13.852796	13.149458	-12.231444
0.150000	0.000000	0.015868	0.013098	-0.011130	0.000000	0.387021	0.319462	-0.271475	14.232178	13.318788	-12.669670
0.151000	0.000000	0.016432	0.013693	-0.011687	0.000000	0.400767	0.333982	-0.285045	14.421610	13.519593	-13.042819
0.152000	0.000000	0.017067	0.014280	-0.012362	0.000000	0.416265	0.348295	-0.301518	14.694038	13.743854	-13.384595
0.153000	0.000000	0.017872	0.014840	-0.013171	0.000000	0.435913	0.361952	-0.321245	15.192130	13.942098	-13.819485
0.154000	0.000000	0.018636	0.015503	-0.013919	0.000000	0.454575	0.378120	-0.339498	15.655462	14.248069	-14.218223
0.155000	0.000000	0.019235	0.016305	-0.014510	0.000000	0.469131	0.397672	-0.353904	15.821487	14.736902	-14.481988
0.156000	0.000000	0.019778	0.017071	-0.015075	0.000000	0.482245	0.416361	-0.367687	15.768016	15.198693	-14.721806
0.157000	0.000000	0.020356	0.017687	-0.015683	0.000000	0.496572	0.431392	-0.382527	15.733338	15.393152	-14.879575
0.158000	0.000000	0.020984	0.018189	-0.016234	0.000000	0.512324	0.443692	-0.395983	15.802092	15.309578	-14.810940
0.159000	0.000000	0.021712	0.018705	-0.016752	0.000000	0.529199	0.456187	-0.408578	15.915673	15.167251	-14.765059
0.160000	0.000000	0.022667	0.019493	-0.017527	0.000000	0.548859	0.475214	-0.427389	16.143829	15.358647	-15.200490
0.161000	0.000000	0.023759	0.020550	-0.018584	0.000000	0.568103	0.501372	-0.453330	16.425681	15.990383	-16.006800
0.162000	0.000000	0.024473	0.021376	-0.019413	0.000000	0.575262	0.522167	-0.473834	16.167962	16.396656	-16.396105
0.163000	0.000000	0.024644	0.021757	-0.019794	0.000000	0.571025	0.530105	-0.482558	15.079686	15.852752	-15.875365
0.164000	0.000000	0.024825	0.022112	-0.020148	0.000000	0.571032	0.534242	-0.490158	13.857029	14.774768	-15.008692
0.165000	0.000000	0.025373	0.022696	-0.020732	0.000000	0.579114	0.542829	-0.506556	13.255861	14.320219	-14.822868
0.166000	0.000000	0.026141	0.023343	-0.021380	0.000000	0.588545	0.553595	-0.528292	13.241570	14.670379	-15.405457
0.167000	0.000000	0.026952	0.023935	-0.021971	0.000000	0.597731	0.563803	-0.545346	13.300558	14.851653	-15.811520
0.168000	0.000000	0.027676	0.024510	-0.022547	0.000000	0.605714	0.573699	-0.554928	13.049776	14.407618	-15.598567
0.169000	0.000000	0.028269	0.025099	-0.023139	0.000000	0.610873	0.581811	-0.563235	12.443270	13.806331	-15.234658
0.170000	0.000000	0.028828	0.025693	-0.023727	0.000000	0.614982	0.586896	-0.573293	11.688268	13.351736	-15.014660
0.171000	0.000000	0.029418	0.026283	-0.024309	0.000000	0.619588	0.590972	-0.581750	11.074624	12.929032	-14.775024
0.172000	0.000000	0.030016	0.026873	-0.024920	0.000000	0.624404	0.595772	-0.587373	10.649372	12.466205	-14.396543
0.173000	0.000000	0.030606	0.027465	-0.025541	0.000000	0.629610	0.600723	-0.591919	10.159302	12.020366	-13.828602
0.174000	0.000000	0.031194	0.028050	-0.026045	0.000000	0.635018	0.605228	-0.594329	9.481186	11.584607	-13.003996
0.175000	0.000000	0.031784	0.028632	-0.026416	0.000000	0.638343	0.610133	-0.594516	8.750829	11.048239	-12.143733
0.176000	0.000000	0.032374	0.029244	-0.026849	0.000000	0.638500	0.616092	-0.596314	8.065225	10.400939	-11.543296
0.177000	0.000000	0.032964	0.029865	-0.027436	0.000000	0.637822	0.620277	-0.599114	7.408428	9.710275	-11.020352
0.178000	0.000000	0.033555	0.030367	-0.028065	0.000000	0.637942	0.618477	-0.599560	6.731895	8.908813	-10.334912
0.179000	0.000000	0.034148	0.030738	-0.028658	0.000000	0.637896	0.612041	-0.600456	5.979646	8.016620	-9.736815
0.180000	0.000000	0.034731	0.031172	-0.029232	0.000000	0.637266	0.607603	-0.604786	5.146060	7.210262	-9.343241
0.181000	0.000000	0.035313	0.031760	-0.029814	0.000000	0.638135	0.609055	-0.609971	4.251211	6.373377	-8.694411
0.182000	0.000000	0.035927	0.032389	-0.030429	0.000000	0.640529	0.612135	-0.612664	3.448894	5.274449	-7.587319
0.183000	0.000000	0.036547	0.032982	-0.031049	0.000000	0.637038	0.607230	-0.608116	2.941722	4.050593	-6.394378
0.184000	0.000000	0.037047	0.033555	-0.031550	0.000000	0.623550	0.594436	-0.594536	2.501206	3.063343	-5.332258
0.185000	0.000000	0.037417	0.034136	-0.031922	0.000000	0.611861	0.590481	-0.583303	1.944201	2.678059	-4.435483
0.186000	0.000000	0.037854	0.034755	-0.032353	0.000000	0.612801	0.602155	-0.584323	1.604179	2.825042	-3.703178
0.187000	0.000000	0.038447	0.035377	-0.032938	0.000000	0.619304	0.610931	-0.590052	1.464710	2.730276	-2.940956
0.188000	0.000000	0.039066	0.035868	-0.033580	0.000000	0.621153	0.603679	-0.591679	1.115333	1.898878	-2.206297
0.189000	0.000000	0.039646	0.036228	-0.034190	0.000000	0.617408	0.591727	-0.590597	0.556830	0.858477	-1.698547
0.190000	0.000000	0.040256	0.036694	-0.034709	0.000000	0.612325	0.588477	-0.588575	0.069119	0.317415	-1.206669
0.191000	0.000000	0.040882	0.037321	-0.035115	0.000000	0.610113	0.590814	-0.584998	-0.231824	0.186594	-0.557366
0.192000	0.000000	0.041361	0.037834	-0.035441	0.000000	0.608039	0.588803	-0.579371	-0.549981	-0.103287	0.113311
0.193000	0.000000	0.041704	0.038177	-0.035785	0.000000	0.600902	0.582853	-0.571286	-1.119165	-0.615190	0.766025
0.194000	0.000000	0.042226	0.038690	-0.036344	0.000000	0.593999	0.581704	-0.565185	-1.695792	-0.905663	1.273023
0.195000	0.000000	0.043029	0.039493	-0.037146	0.000000	0.594948	0.585121	-0.566507	-1.908071	-0.957483	1.324841
0.196000	0.000000	0.043835	0.040301	-0.037943	0.000000	0.599998	0.585288	-0.571524	-1.825959	-1.183100	1.094863
0.197000	0.000000	0.044456	0.040922	-0.038563	0.000000	0.601899	0.581717	-0.572869	-1.742948	-1.636913	1.116387
0.198000	0.000000	0.044894	0.041360	-0.039004	0.000000	0.598503	0.577397	-0.568806	-1.872302	-2.041910	1.443253
0.199000	0.000000	0.045251	0.041717	-0.039361	0.000000	0.591888	0.573851	-0.564075	-2.193025	-2.125045	1.689740
0.200000	0.000000	0.045745	0.042211	-0.039855	0.000000	0.586186	0.573313	-0.563472	-2.462399	-1.844149	1.761147
0.201000	0.000000	0.046386	0.042852	-0.040495	0.000000	0.578498	0.569735	-0.560210	-2.798488	-1.803238	2.122643
0.202000	0.000000	0.046846	0.043312	-0.040956	0.000000	0.563092	0.555155	-0.545647	-3.573436	-2.566656	3.063058
0.203000	0.000000	0.047024	0.043489	-0.041133	0.000000	0.550003	0.539342	-0.529750	-4.310765	-3.466377	3.948291
0.204000	0.000000	0.047204	0.043670	-0.041314	0.000000	0.550258	0.534463	-0.524867	-4.132373	-3.465067	3.964213
0.205000	0.000000	0.047573	0.044039	-0.041683	0.000000	0.554833	0.534815	-0.525239	-3.272277	-2.839054	3.299859
0.206000	0.000000	0.048109	0.044575	-0.042219	0.000000	0.554532	0.533638	-0.524061	-2.729916	-2.706842	2.821014
0.207000	0.000000	0.048723	0.045188	-0.042832	0.000000	0.550783	0.532791	-0.523222	-2.953236	-3.303056	2.909591
0.208000	0.000000	0.049251	0.045718	-0.043362	0.000000	0.543881	0.531294	-0.521727	-3.591539	-3.792236	3.253587
0.209000	0.000000	0.049639	0.046109	-0.043752	0.000000	0.535681	0.526807	-0.517192	-4.070078	-3.660585	3.547003
0.210000	0.000000	0.050007	0.046468	-0.044112	0.000000	0.530182	0.521172	-0.511551	-4.153586	-3.359753	3.764103
0.211000	0.000000	0.050408	0.046860	-0.044507	0.000000	0.526344	0.516261	-0.506824	-4.094327	-3.438876	3.892916
0.212000	0.000000	0.050785	0.047269	-0.044909	0.000000	0.521150	0.511853	-0.502437	-4.236350	-3.760028	3.931477
0.213000	0.000000	0.051151	0.047669	-0.045302	0.000000	0.515480	0.507211	-0.497103	-4.407573	-3.885339	3.917504
0.214000	0.000000	0.051640	0.048035	-0.045693	0.000000	0.513028	0.501689	-0.491512	-4.184439	-3.864942	3.798757
0.215000	0.000000	0.052256	0.048402	-0.046087	0.000000	0.513699	0.496392	-0.488831	-3.823805	-4.062466	3.635898
0.216000	0.000000	0.052794	0.048893	-0.046479	0.000000	0.512444	0.494171	-0.489340	-3.928771	-4.330939	3.674613
0.217000	0.000000	0.053181	0.049506	-0.046871	0.000000	0.507478	0.494172	-0.488343	-4.405689	-4.338883	3.960991
0.218000	0.000000	0.053545	0.050052	-0.047271	0.000000	0.501990	0.492364	-0.483776	-4.757546	-4.254884	4.242556
0.219000	0.000000	0.053947	0.050447	-0.047671	0.000000	0.497364	0.489755	-0.478200	-4.816182	-4.173427	4.314544
0.220000	0.000000	0.054324	0.050778	-0.048038	0.000000	0.492109	0.488783	-0.472702	-4.751377	-4.050877	4.351094
0.221000	0.000000	0.054691	0.051146	-0.048405	0.000000	0.486812	0.487188	-0.467656	-4.732094	-4.101231	4.562680
0.222000	0.000000	0.055182	0.051652	-0.048899	0.000000	0.484604	0.485169	-0.465512	-4.471140	-4.026925	4.509444
0.223000	0.000000	0.055797	0.052269	-0.049515	0.000000	0.484649	0.484869	-0.465503	-3.735409	-3.346943	3.816397
0.224000	0.000000	0.056335	0.052796	-0.050052	0.000000	0.482644	0.483284	-0.463482	-3.207606	-2.669396	3.155608
0.225000	0.000000	0.056722	0.053176	-0.050438	0.000000	0.479880	0.478570	-0.460683	-3.351344	-2.661577	3.056403
0.226000	0.000000	0.057082	0.053563	-0.050800	0.000000	0.479637	0.473833	-0.460440	-3.580732	-2.903922	3.085649
0.227000	0.000000	0.057479	0.053986	-0.051199	0.000000	0.478646	0.469053	-0.459645	-3.613647	-3.075449	3.067448
0.228000	0.000000	0.057875	0.054279	-0.051587	0.000000	0.473851	0.461032	-0.454864	-3.663440	-3.417057	3.255131
0.229000	0.000000	0.058261	0.054443	-0.051966	0.000000	0.468171	0.453064	-0.448432	-3.605273	-3.725222	3.490232
0.230000	0.000000	0.058678	0.054718	-0.052411	0.000000	0.464193	0.450970	-0.444407	-3.404206	-3.611276	3.465946
0.231000	0.000000	0.059096	0.055143	-0.052855	0.000000	0.459515	0.449965	-0.442585	-3.365083	-3.390840	3.284092
0.232000	0.000000	0.059389	0.055471	-0.053042	0.000000	0.451372	0.442666	-0.437228	-3.570069	-3.504517	3.314065
0.233000	0.000000	0.059562	0.055641	-0.052990	0.000000	0.443912	0.434324	-0.428023	-3.678018	-3.691868	3.543528
0.234000	0.000000	0.059806	0.055876	-0.053102	0.000000	0.441501	0.431690	-0.422362	-3.522818	-3.596254	3.559110
0.235000	0.000000	0.060200	0.056271	-0.053512	0.000000	0.438392	0.428817	-0.418751	-3.554119	-3.470092	3.464825
0.236000	0.000000	0.060656	0.056729	-0.053968	0.000000	0.429920	0.420404	-0.410295	-3.989464	-3.618455	3.739810
0.237000	0.000000	0.061072	0.057145	-0.054351	0.000000	0.420397	0.410818	-0.400197	-4.383183	-3.969217	4.244918
0.238000	0.000000	0.061350	0.057423	-0.054753	0.000000	0.412069	0.402474	-0.394869	-4.543316	-4.366555	4.451134
0.239000	0.000000	0.061522	0.057595	-0.055172	0.000000	0.405547	0.395970	-0.394322	-4.592520	-4.590203	4.259692
0.240000	0.000000	0.061778	0.057851	-0.055464	0.000000	0.403085	0.393510	-0.392756	-4.489478	-4.583059	4.068753
0.241000	0.000000	0.062180	0.058253	-0.055635	0.000000	0.400840	0.391260	-0.384884	-4.346160	-4.643949	4.181846
0.242000	0.000000	0.062606	0.058680	-0.055887	0.000000	0.395623	0.386046	-0.375411	-4.342320	-4.816249	4.392592
0.243000	0.000000	0.062997	0.059070	-0.056289	0.000000	0.393925	0.384355	-0.373992	-4.318036	-4.800699	4.358106
0.244000	0.000000	0.063383	0.059456	-0.056719	0.000000	0.399021	0.389434	-0.380140	-4.077520	-4.544528	4.064877
0.245000	0.000000	0.063779	0.059851	-0.057111	0.000000	0.404264	0.394658	-0.385289	-3.732370	-4.220310	3.723461
0.246000	0.000000	0.064167	0.060242	-0.057490	0.000000	0.404722	0.395177	-0.385524	-3.578974	-3.971092	3.578995
0.247000	0.000000	0.064553	0.060630	-0.057879	0.000000	0.401073	0.391600	-0.381964	-3.741161	-3.915883	3.736952
0.248000	0.000000	0.064976	0.061043	-0.058295	0.000000	0.396419	0.386713	-0.377151	-3.915582	-3.920951	3.928307
0.249000	0.000000	0.065395	0.061453	-0.058705	0.000000	0.393754	0.383785	-0.374229	-3.814142	-3.678431	3.839762
0.250000	0.000000	0.065671	0.061768	-0.059019	0.000000	0.391025	0.381927	-0.372363	-3.673606	-3.387476	3.622297
0.251000	0.000000	0.065835	0.061962	-0.059213	0.000000	0.386047	0.377925	-0.368318	-3.721247	-3.478322	3.623255
0.252000	0.000000	0.066124	0.062105	-0.059356	0.000000	0.383302	0.371821	-0.362172	-3.629236	-3.721114	3.829198
0.253000	0.000000	0.066554	0.062281	-0.059532	0.000000	0.384610	0.366154	-0.356672	-3.179149	-3.643402	3.836030
0.254000	0.000000	0.066856	0.062592	-0.059844	0.000000	0.383052	0.363989	-0.354682	-2.898085	-3.349293	3.492424
0.255000	0.000000	0.067011	0.063010	-0.060261	0.000000	0.374889	0.365246	-0.355312	-3.171961	-3.163977	3.192844
0.256000	0.000000	0.067318	0.063348	-0.060599	0.000000	0.367375	0.364550	-0.353961	-3.381783	-3.060353	3.085249
0.257000	0.000000	0.067769	0.063541	-0.060792	0.000000	0.365241	0.357267	-0.349086	-3.079978	-3.006545	2.914742
0.258000	0.000000	0.067971	0.063673	-0.060924	0.000000	0.360742	0.345555	-0.342773	-2.840710	-3.107760	2.734465
0.259000	0.000000	0.067911	0.063849	-0.061100	0.000000	0.350379	0.336520	-0.337300	-2.937597	-3.140652	2.741379
0.260000	0.000000	0.068046	0.064174	-0.061425	0.000000	0.343884	0.334795	-0.335467	-2.936319	-2.913070	2.802641
0.261000	0.000000	0.068480	0.064599	-0.061851	0.000000	0.345263	0.337083	-0.336884	-2.753387	-2.687017	2.660570
0.262000	0.000000	0.068861	0.064898	-0.062148	0.000000	0.345621	0.335408	-0.335182	-2.629457	-2.659634	2.366756
0.263000	0.000000	0.069047	0.065061	-0.062310	0.000000	0.338181	0.327064	-0.327075	-2.735367	-2.808673	2.301754
0.264000	0.000000	0.069171	0.065338	-0.062594	0.000000	0.326176	0.318762	-0.318998	-3.226162	-3.123448	2.618729
0.265000	0.000000	0.069351	0.065761	-0.063023	0.000000	0.317446	0.316212	-0.316369	-3.884510	-3.486795	3.036742
0.266000	0.000000	0.069670	0.066100	-0.063332	0.000000	0.315814	0.315206	-0.314484	-4.211874	-3.783398	3.371682
0.267000	0.000000	0.070088	0.066283	-0.063494	0.000000	0.317218	0.310245	-0.309610	-4.166821	-4.044390	3.614931
0.268000	0.000000	0.070421	0.066442	-0.063769	0.000000	0.315672	0.303818	-0.306591	-4.066728	-4.180069	3.589191
0.269000	0.000000	0.070611	0.066641	-0.064192	0.000000	0.310647	0.301512	-0.307450	-4.084385	-4.057213	3.319053
0.270000	0.000000	0.070746	0.066855	-0.064530	0.000000	0.304521	0.302731	-0.306440	-4.249197	-3.859721	3.228051
0.271000	0.000000	0.070925	0.067056	-0.064713	0.000000	0.298722	0.300946	-0.300049	-4.395387	-3.856238	3.443527
0.272000	0.000000	0.071246	0.067221	-0.064874	0.000000	0.296331	0.294585	-0.293148	-4.272160	-3.968587	3.579555
0.273000	0.000000	0.071665	0.067397	-0.065075	0.000000	0.299419	0.290897	-0.293484	-3.994414	-3.853540	3.270851
0.274000	0.000000	0.071990	0.067710	-0.065281	0.000000	0.303123	0.294363	-0.299771	-3.880359	-3.418641	2.709580
0.275000	0.000000	0.072173	0.068130	-0.065476	0.000000	0.301632	0.298880	-0.301812	-3.877151	-3.100450	2.517626
0.276000	0.000000	0.072338	0.068457	-0.065671	0.000000	0.296040	0.297202	-0.296547	-3.754739	-3.240191	2.798328
0.277000	0.000000	0.072539	0.068639	-0.065868	0.000000	0.289827	0.290486	-0.290243	-3.692752	-3.526848	3.034160
0.278000	0.000000	0.072742	0.068804	-0.066063	0.000000	0.284637	0.284367	-0.285675	-3.838250	-3.471407	3.019545
0.279000	0.000000	0.072936	0.069005	-0.066259	0.000000	0.282573	0.282483	-0.280629	-3.722324	-3.003419	2.959227
0.280000	0.000000	0.073138	0.069208	-0.066463	0.000000	0.283331	0.283244	-0.275404	-3.192773	-2.536980	2.947461
0.281000	0.000000	0.073341	0.069402	-0.066665	0.000000	0.282018	0.281725	-0.273191	-2.946029	-2.527184	2.965502
0.282000	0.000000	0.073508	0.069606	-0.066831	0.000000	0.276289	0.276913	-0.273080	-3.284490	-2.865253	3.038331
0.283000	0.000000	0.073685	0.069810	-0.067008	0.000000	0.270208	0.271466	-0.271245	-3.591136	-3.044822	3.044588
0.284000	0.000000	0.074000	0.069969	-0.067325	0.000000	0.268364	0.265812	-0.269177	-3.324605	-2.916788	2.757006
0.285000	0.000000	0.074420	0.070141	-0.067747	0.000000	0.269188	0.260610	-0.268983	-2.713704	-2.769166	2.381682
0.286000	0.000000	0.074744	0.070487	-0.068063	0.000000	0.267433	0.259409	-0.267117	-2.381561	-2.704893	2.345341
0.287000	0.000000	0.074925	0.070926	-0.068239	0.000000	0.262402	0.260596	-0.262180	-2.543428	-2.600496	2.490653
0.288000	0.000000	0.075089	0.071130	-0.068434	0.000000	0.256981	0.256082	-0.257442	-2.868461	-2.579203	2.484221
0.289000	0.000000	0.075290	0.071087	-0.068654	0.000000	0.251553	0.244974	-0.252648	-3.053241	-2.802090	2.568737
0.290000	0.000000	0.075497	0.071126	-0.068739	0.000000	0.246402	0.235922	-0.244723	-3.059275	-3.123330	2.987011
0.291000	0.000000	0.075694	0.071343	-0.068711	0.000000	0.244464	0.233542	-0.236387	-2.859842	-3.294748	3.335847
0.292000	0.000000	0.075880	0.071579	-0.068780	0.000000	0.245021	0.234558	-0.233325	-2.557191	-3.161335	3.177356
0.293000	0.000000	0.076073	0.071770	-0.068993	0.000000	0.242656	0.235747	-0.235055	-2.555949	-2.801802	2.766341
0.294000	0.000000	0.076301	0.071958	-0.069221	0.000000	0.237734	0.236032	-0.236321	-2.937387	-2.612635	2.722074
0.295000	0.000000	0.076515	0.072158	-0.069413	0.000000	0.235598	0.233301	-0.233406	-3.215470	-2.907736	3.160224
0.296000	0.000000	0.076590	0.072349	-0.069603	0.000000	0.233637	0.227784	-0.227867	-3.237866	-3.385506	3.521197
0.297000	0.000000	0.076563	0.072541	-0.069803	0.000000	0.225484	0.224201	-0.224466	-3.359827	-3.476261	3.432423
0.298000	0.000000	0.076636	0.072768	-0.069993	0.000000	0.216266	0.225056	-0.224431	-3.502900	-3.115721	3.133913
0.299000	0.000000	0.076850	0.072982	-0.070185	0.000000	0.216548	0.227040	-0.225876	-3.242334	-2.729871	2.847594
0.300000	0.000000	0.077077	0.073055	-0.070412	0.000000	0.223568	0.224535	-0.227118	-2.809797	-2.759426	2.548147
0.301000	0.000000	0.077269	0.073028	-0.070625	0.000000	0.224937	0.215948	-0.224388	-2.780671	-3.204578	2.429309
0.302000	0.000000	0.077460	0.073104	-0.070701	0.000000	0.219020	0.207452	-0.215859	-2.999915	-3.536795	2.730085
0.303000	0.000000	0.077659	0.073320	-0.070675	0.000000	0.214579	0.205408	-0.207985	-2.938571	-3.404972	3.099723
0.304000	0.000000	0.077849	0.073538	-0.070741	0.000000	0.214666	0.206759	-0.205643	-2.644853	-3.081287	3.123927
0.305000	0.000000	0.078040	0.073726	-0.070951	0.000000	0.216333	0.204583	-0.203822	-2.477655	-2.915673	3.112168
0.306000	0.000000	0.078270	0.073948	-0.071212	0.000000	0.217552	0.199691	-0.199744	-2.458873	-2.900912	3.297078
0.307000	0.000000	0.078484	0.074164	-0.071422	0.000000	0.214973	0.196683	-0.197313	-2.498133	-2.986956	3.323996
0.308000	0.000000	0.078548	0.074228	-0.071476	0.000000	0.206336	0.193775	-0.194677	-2.669819	-3.181957	3.214419
0.309000	0.000000	0.078516	0.074196	-0.071445	0.000000	0.197443	0.189118	-0.187234	-2.835118	-3.188736	3.343221
0.310000	0.000000	0.078624	0.074306	-0.071558	0.000000	0.195441	0.186953	-0.179653	-2.672028	-2.762902	3.475941
0.311000	0.000000	0.078855	0.074538	-0.071790	0.000000	0.197770	0.187391	-0.177063	-2.315806	-2.310972	3.221896
0.312000	0.000000	0.078958	0.074631	-0.071882	0.000000	0.195915	0.184740	-0.174850	-2.311875	-2.323869	2.930345
0.313000	0.000000	0.078927	0.074595	-0.071846	0.000000	0.187353	0.179849	-0.170042	-2.746091	-2.605226	3.013469
0.314000	0.000000	0.078987	0.074696	-0.071947	0.000000	0.178597	0.178008	-0.167617	-3.050422	-2.749499	3.211315
0.315000	0.000000	0.079200	0.074928	-0.072179	0.000000	0.175867	0.176029	-0.168247	-2.946039	-2.857245	3.241616
0.316000	0.000000	0.079464	0.075032	-0.072283	0.000000	0.177837	0.168322	-0.166015	-2.750487	-3.094223	3.209077
0.317000	0.000000	0.079671	0.075000	-0.072251	0.000000	0.178860	0.159603	-0.160503	-2.608396	-3.246700	3.207787
0.318000	0.000000	0.079722	0.075061	-0.072312	0.000000	0.175196	0.156633	-0.157173	-2.394667	-3.217520	3.204453
0.319000	0.000000	0.079692	0.075275	-0.072526	0.000000	0.169521	0.157820	-0.157621	-2.225933	-3.201702	3.181432
0.320000	0.000000	0.079809	0.075539	-0.072790	0.000000	0.167630	0.159358	-0.159301	-2.329446	-3.222969	3.170239
0.321000	0.000000	0.080040	0.075745	-0.072996	0.000000	0.168336	0.159447	-0.159339	-2.630076	-3.099445	3.227584
0.322000	0.000000	0.080127	0.075795	-0.073046	0.000000	0.165534	0.155927	-0.155619	-2.828698	-2.858139	3.274706
0.323000	0.000000	0.080091	0.075765	-0.073016	0.000000	0.160578	0.150224	-0.150860	-2.782915	-2.725141	3.095202
0.324000	0.000000	0.080199	0.075883	-0.073134	0.000000	0.158886	0.148120	-0.149403	-2.652063	-2.727993	2.789641
0.325000	0.000000	0.080432	0.076114	-0.073365	0.000000	0.156890	0.149878	-0.147296	-2.751206	-2.708612	2.778407
0.326000	0.000000	0.080521	0.076203	-0.073454	0.000000	0.148804	0.147843	-0.139184	-3.215666	-2.701906	3.078013
0.327000	0.000000	0.080485	0.076168	-0.073419	0.000000	0.140015	0.138557	-0.130641	-3.692212	-2.911115	3.290657
0.328000	0.000000	0.080593	0.076265	-0.073517	0.000000	0.138226	0.130229	-0.128721	-3.654578	-3.164473	3.266254
0.329000	0.000000	0.080826	0.076494	-0.073745	0.000000	0.139906	0.130833	-0.129528	-3.163354	-2.997253	3.102348
0.330000	0.000000	0.080915	0.076625	-0.073876	0.000000	0.137202	0.135075	-0.127381	-2.868628	-2.573475	2.850142
0.331000	0.000000	0.080880	0.076606	-0.073857	0.000000	0.131276	0.133655	-0.124839	-3.055447	-2.538011	2.610196
0.332000	0.000000	0.080981	0.076542	-0.073793	0.000000	0.128943	0.126801	-0.123962	-3.277449	-2.885237	2.528645
0.333000	0.000000	0.081211	0.076536	-0.073787	0.000000	0.130006	0.120885	-0.122123	-3.138537	-3.040728	2.510799
0.334000	0.000000	0.081330	0.076674	-0.073925	0.000000	0.128229	0.119615	-0.120305	-2.815422	-2.868254	2.368409
0.335000	0.000000	0.081306	0.076895	-0.074146	0.000000	0.122076	0.120411	-0.120119	-2.691478	-2.742721	2.261810
0.336000	0.000000	0.081283	0.077014	-0.074266	0.000000	0.116299	0.118453	-0.118352	-2.836576	-2.741748	2.375943
0.337000	0.000000	0.081293	0.076996	-0.074248	0.000000	0.114709	0.113348	-0.113271	-3.006105	-2.617815	2.511608
0.338000	0.000000	0.081268	0.076935	-0.074186	0.000000	0.114769	0.107183	-0.106902	-3.051952	-2.496191	2.552412
0.339000	0.000000	0.081255	0.076929	-0.074180	0.000000	0.112662	0.101502	-0.102104	-2.977806	-2.625290	2.622350
0.340000	0.000000	0.081385	0.077069	-0.074322	0.000000	0.110614	0.099683	-0.100903	-2.805127	-2.768434	2.700848
0.341000	0.000000	0.081608	0.077290	-0.074544	0.000000	0.110503	0.103282	-0.100783	-2.720359	-2.670276	2.786562
0.342000	0.000000	0.081728	0.077408	-0.074651	0.000000	0.108767	0.106825	-0.098175	-2.836640	-2.505785	2.912547
0.343000	0.000000	0.081709	0.077389	-0.074628	0.000000	0.103637	0.104493	-0.095774	-2.947475	-2.449214	2.849770
0.344000	0.000000	0.081646	0.077327	-0.074609	0.000000	0.097253	0.097730	-0.095939	-3.015482	-2.499706	2.615290
0.345000	0.000000	0.081642	0.077322	-0.074618	0.000000	0.092509	0.092280	-0.094554	-3.160814	-2.659088	2.611865
0.346000	0.000000	0.081785	0.077465	-0.074591	0.000000	0.091341	0.091215	-0.088794	-3.121410	-2.793489	2.785836
0.347000	0.000000	0.082007	0.077687	-0.074579	0.000000	0.091130	0.091188	-0.082115	-2.746404	-2.697849	2.717547
0.348000	0.000000	0.082114	0.077794	-0.074714	0.000000	0.088521	0.088550	-0.080295	-2.452084	-2.381295	2.397395
0.349000	0.000000	0.082091	0.077771	-0.074937	0.000000	0.086428	0.086426	-0.084427	-2.466587	-2.085866	2.109281
0.350000	0.000000	0.082063	0.077744	-0.075046	0.000000	0.086514	0.086525	-0.087826	-2.542446	-2.109894	1.985837
0.351000	0.000000	0.082070	0.077750	-0.075023	0.000000	0.084037	0.083988	-0.084501	-2.531684	-2.432719	2.041917
0.352000	0.000000	0.082077	0.077758	-0.074994	0.000000	0.078594	0.078525	-0.078162	-2.508686	-2.625240	2.222693
0.353000	0.000000	0.082075	0.077756	-0.075001	0.000000	0.076035	0.076232	-0.076077	-2.519465	-2.408074	2.280245
0.354000	0.000000	0.082073	0.077752	-0.075009	0.000000	0.076737	0.077002	-0.077151	-2.536601	-2.089676	2.141525
0.355000	0.000000	0.082074	0.077752	-0.075007	0.000000	0.075279	0.074535	-0.074647	-2.521418	-2.146705	2.174232
0.356000	0.000000	0.082074	0.077761	-0.075003	0.000000	0.070103	0.069118	-0.068884	-2.474900	-2.442517	2.439784
0.357000	0.000000	0.082074	0.077764	-0.075003	0.000000	0.063663	0.066635	-0.066342	-2.506473	-2.467525	2.476663
0.358000	0.000000	0.082074	0.077729	-0.075013	0.000000	0.058609	0.066551	-0.067343	-2.671455	-2.228397	2.187055
0.359000	0.000000	0.082074	0.077720	-0.075015	0.000000	0.057378	0.064858	-0.065913	-2.732904	-2.015482	1.951867
0.360000	0.000000	0.082074	0.077860	-0.074980	0.000000	0.058100	0.063065	-0.059857	-2.598179	-1.830298	2.011767
0.361000	0.000000	0.082074	0.078083	-0.074972	0.000000	0.055253	0.062053	-0.053215	-2.636222	-1.791902	2.270883
0.362000	0.000000	0.082074	0.078188	-0.075112	0.000000	0.049609	0.059585	-0.051612	-2.899691	-2.080809	2.341467
0.363000	0.000000	0.082074	0.078163	-0.075335	0.000000	0.047480	0.057776	-0.055829	-2.918420	-2.335696	2.016484
0.364000	0.000000	0.082074	0.078136	-0.075439	0.000000	0.048360	0.057824	-0.059091	-2.632237	-2.222328	1.746843
0.365000	0.000000	0.082074	0.078143	-0.075414	0.000000	0.045728	0.055127	-0.055624	-2.453604	-2.028737	1.919770
0.366000	0.000000	0.082074	0.078150	-0.075387	0.000000	0.040042	0.049671	-0.049332	-2.498399	-2.028956	2.153429
0.367000	0.000000	0.082074	0.078148	-0.075394	0.000000	0.037879	0.047457	-0.047325	-2.545814	-2.083726	1.974710
0.368000	0.000000	0.082074	0.078146	-0.075401	0.000000	0.038767	0.048256	-0.048348	-2.493450	-2.044353	1.607980
0.369000	0.000000	0.082074	0.078147	-0.075399	0.000000	0.036131	0.045887	-0.045922	-2.494782	-2.031552	1.636800
0.370000	0.000000	0.082074	0.078147	-0.075397	0.000000	0.030450	0.040331	-0.040307	-2.665606	-2.194964	2.100937
0.371000	0.000000	0.082074	0.078147	-0.075398	0.000000	0.028264	0.037124	-0.037115	-2.773841	-2.352421	2.414803
0.372000	0.000000	0.082074	0.078147	-0.075398	0.000000	0.029130	0.037589	-0.037596	-2.614605	-2.209475	2.233571
0.373000	0.000000	0.082074	0.078147	-0.075398	0.000000	0.026662	0.039153	-0.039155	-2.472963	-1.874860	1.857477
0.374000	0.000000	0.082074	0.078147	-0.075398	0.000000	0.021060	0.039304	-0.039302	-2.617848	-1.758450	1.751165
0.375000	0.000000	0.082074	0.078147	-0.075398	0.000000	0.018150	0.035919	-0.035920	-2.789873	-1.956313	1.963396
0.376000	0.000000	0.082074	0.078147	-0.075398	0.000000	0.018735	0.030535	-0.030537	-2.692569	-2.095225	2.100464
0.377000	0.000000	0.082074	0.078147	-0.075398	0.000000	0.019285	0.027628	-0.027624	-2.419939	-1.975704	1.964722
0.378000	0.000000	0.082074	0.078147	-0.075398	0.000000	0.019055	0.028070	-0.028064	-2.124171	-1.836409	1.822740
0.379000	0.000000	0.082074	0.078147	-0.075398	0.000000	0.019653	0.029562	-0.029577	-1.855038	-1.761379	1.798413
0.380000	0.000000	0.082074	0.078147	-0.075398	0.000000	0.019973	0.029701	-0.029722	-1.781196	-1.674159	1.723390
0.381000	0.000000	0.082074	0.078147	-0.075398	0.000000	0.016808	0.026297	-0.026244	-1.966264	-1.750858	1.600604
0.382000	0.000000	0.082074	0.078147	-0.075398	0.000000	0.011375	0.020913	-0.020834	-2.089448	-1.959052	1.541926
0.383000	0.000000	0.082074	0.078147	-0.075398	0.000000	0.008434	0.018036	-0.018237	-1.960692	-1.978503	1.589279
0.384000	0.000000	0.082074	0.078147	-0.075398	0.000000	0.008912	0.018501	-0.018793	-1.836549	-1.870245	1.763634
0.385000	0.000000	0.082074	0.078147	-0.075398	0.000000	0.010437	0.020008	-0.019255	-1.805852	-1.800757	1.896934
0.386000	0.000000	0.082074	0.078147	-0.075398	0.000000	0.010550	0.020126	-0.019039	-1.675137	-1.666709	1.742124
0.387000	0.000000	0.082074	0.078147	-0.075398	0.000000	0.007044	0.016625	-0.019685	-1.571361	-1.573651	1.411765
0.388000	0.000000	0.082074	0.078147	-0.075398	0.000000	0.001650	0.011226	-0.019979	-1.725156	-1.725282	1.302176
0.389000	0.000000	0.082074	0.078147	-0.075398	0.000000	-0.000962	0.008611	-0.016695	-1.891869	-1.887887	1.507245
0.390000	0.000000	0.082074	0.078147	-0.075398	0.000000	-0.000428	0.009162	-0.011248	-1.740890	-1.748830	1.651175
0.391000	0.000000	0.082073	0.078147	-0.075398	0.000000	0.000244	0.009840	-0.008585	-1.438419	-1.451989	1.510563
0.392000	0.000000	0.082076	0.078147	-0.075398	0.000000	0.000162	0.009696	-0.009157	-1.338166	-1.306100	1.331341
0.393000	0.000000	0.082077	0.078147	-0.075398	0.000000	-1.117201E-5	0.009501	-0.009847	-1.387673	-1.337558	1.321360
0.394000	0.000000	0.082066	0.078147	-0.075398	0.000000	-0.000226	0.009519	-0.009694	-1.280374	-1.411118	1.402900
0.395000	0.000000	0.082065	0.078147	-0.075398	0.000000	-0.000198	0.009626	-0.009495	-1.012282	-1.413251	1.419391
0.396000	0.000000	0.082104	0.078149	-0.075398	0.000000	0.000746	0.009695	-0.009531	-0.828753	-1.248758	1.256588
0.397000	0.000000	0.082107	0.078149	-0.075398	0.000000	0.000799	0.009462	-0.009640	-0.854113	-1.003475	0.995070
0.398000	0.000000	0.081946	0.078140	-0.075398	0.000000	-0.003122	0.009167	-0.009649	-1.066978	-0.879092	0.855953
0.399000	0.000000	0.081725	0.078139	-0.075398	0.000000	-0.008516	0.009999	-0.009411	-1.312933	-0.860532	0.888264
0.400000	0.000000	0.081670	0.078176	-0.075398	0.000000	-0.009853	0.011104	-0.009340	-1.405030	-0.878968	0.963644
0.401000	0.000000	0.081701	0.078177	-0.075398	0.000000	-0.009111	0.007734	-0.010188	-1.384975	-1.046060	0.930195
0.402000	0.000000	0.081563	0.078025	-0.075400	0.000000	-0.012461	-0.001404	-0.010455	-1.393770	-1.319097	0.751857
0.403000	0.000000	0.081335	0.077805	-0.075400	0.000000	-0.018035	-0.009345	-0.007029	-1.400460	-1.440834	0.657403
0.404000	0.000000	0.081274	0.077715	-0.075391	0.000000	-0.019504	-0.010947	-0.001362	-1.330389	-1.380156	0.803558
0.405000	0.000000	0.081307	0.077743	-0.075390	0.000000	-0.018720	-0.009578	0.001194	-1.315822	-1.337067	0.951774
0.406000	0.000000	0.081170	0.077758	-0.075427	0.000000	-0.022039	-0.009383	-0.000313	-1.546503	-1.399611	0.901974
0.407000	0.000000	0.080942	0.077750	-0.075428	0.000000	-0.027618	-0.009755	-0.000993	-1.817533	-1.422899	0.859349
0.408000	0.000000	0.080879	0.077780	-0.075274	0.000000	-0.029146	-0.008987	0.002920	-1.723310	-1.219624	1.076417
0.409000	0.000000	0.080911	0.077782	-0.075054	0.000000	-0.028368	-0.008878	0.008464	-1.429439	-0.957352	1.354435
0.410000	0.000000	0.080786	0.077633	-0.074966	0.000000	-0.031413	-0.012530	0.010580	-1.450029	-1.006702	1.298836
0.411000	0.000000	0.080558	0.077413	-0.074995	0.000000	-0.036984	-0.017920	0.009816	-1.740759	-1.289644	1.003046
0.412000	0.000000	0.080450	0.077312	-0.075009	0.000000	-0.039622	-0.020375	0.009483	-1.898351	-1.438806	0.860393
0.413000	0.000000	0.080482	0.077342	-0.075001	0.000000	-0.038843	-0.019645	0.009687	-1.857394	-1.397199	0.897327
0.414000	0.000000	0.080547	0.077402	-0.075031	0.000000	-0.037247	-0.018179	0.008952	-1.773116	-1.318061	0.895197
0.415000	0.000000	0.080538	0.077393	-0.075033	0.000000	-0.037472	-0.018389	0.008911	-1.773615	-1.328995	0.885952
0.416000	0.000000	0.080365	0.077235	-0.074882	0.000000	-0.041677	-0.022258	0.012590	-1.975193	-1.518285	1.051687
0.417000	0.000000	0.080148	0.077017	-0.074662	0.000000	-0.046968	-0.027561	0.017961	-2.272108	-1.774112	1.309167
0.418000	0.000000	0.080101	0.076919	-0.074563	0.000000	-0.048137	-0.029950	0.020378	-2.330266	-1.876741	1.429448
0.419000	0.000000	0.080129	0.076949	-0.074593	0.000000	-0.047451	-0.029221	0.019632	-2.110939	-1.827984	1.394327
0.420000	0.000000	0.079988	0.077012	-0.074653	0.000000	-0.050879	-0.027683	0.018169	-2.017290	-1.794366	1.313324
0.421000	0.000000	0.079761	0.077002	-0.074644	0.000000	-0.056413	-0.027920	0.018408	-2.217135	-1.858315	1.321326
0.422000	0.000000	0.079694	0.076829	-0.074483	0.000000	-0.058045	-0.032154	0.022311	-2.330200	-1.899423	1.547592
0.423000	0.000000	0.079725	0.076612	-0.074266	0.000000	-0.057286	-0.037431	0.027605	-2.134537	-1.715604	1.812390
0.424000	0.000000	0.079632	0.076567	-0.074170	0.000000	-0.059559	-0.038533	0.029954	-1.977337	-1.389925	1.761086
0.425000	0.000000	0.079402	0.076595	-0.074201	0.000000	-0.065175	-0.037863	0.029205	-2.174812	-1.281732	1.455600
0.426000	0.000000	0.079144	0.076449	-0.074264	0.000000	-0.071470	-0.041427	0.027672	-2.511913	-1.516653	1.260851
0.427000	0.000000	0.078959	0.076223	-0.074253	0.000000	-0.075984	-0.046942	0.027941	-2.568786	-1.788493	1.345468
0.428000	0.000000	0.078924	0.076171	-0.074078	0.000000	-0.076825	-0.048197	0.032210	-2.343181	-1.830578	1.581111
0.429000	0.000000	0.078944	0.076201	-0.073862	0.000000	-0.076348	-0.047471	0.037468	-2.247704	-1.832565	1.645139
0.430000	0.000000	0.078841	0.076055	-0.073819	0.000000	-0.078863	-0.051018	0.038529	-2.404531	-2.006644	1.431680
0.431000	0.000000	0.078613	0.075829	-0.073845	0.000000	-0.084407	-0.056539	0.037875	-2.523539	-2.095655	1.299762
0.432000	0.000000	0.078357	0.075778	-0.073698	0.000000	-0.090640	-0.057780	0.041465	-2.555066	-1.898055	1.507092
0.433000	0.000000	0.078173	0.075808	-0.073473	0.000000	-0.095214	-0.057063	0.046966	-2.647232	-1.747027	1.784890
0.434000	0.000000	0.078139	0.075662	-0.073420	0.000000	-0.096047	-0.060618	0.048261	-2.724012	-1.951065	1.836843
0.435000	0.000000	0.078158	0.075436	-0.073449	0.000000	-0.095314	-0.066116	0.047541	-2.765113	-2.282724	1.837582
0.436000	0.000000	0.078055	0.075383	-0.073315	0.000000	-0.097821	-0.067407	0.050802	-2.873759	-2.334150	1.994799
0.437000	0.000000	0.077826	0.075412	-0.073088	0.000000	-0.104361	-0.066749	0.056347	-2.984945	-2.118650	2.083643
0.438000	0.000000	0.077566	0.075278	-0.072988	0.000000	-0.110747	-0.070029	0.058796	-3.037102	-2.022269	1.944494
0.439000	0.000000	0.077383	0.075051	-0.073023	0.000000	-0.111288	-0.075335	0.057931	-3.007189	-2.161198	1.788258
0.440000	0.000000	0.077365	0.074951	-0.073088	0.000000	-0.106345	-0.077750	0.056358	-2.804437	-2.310899	1.748895
0.441000	0.000000	0.077382	0.074987	-0.073073	0.000000	-0.104589	-0.077770	0.056705	-2.557612	-2.385093	1.835050
0.442000	0.000000	0.077225	0.075051	-0.072894	0.000000	-0.109162	-0.076267	0.061073	-2.511879	-2.302193	2.031669
0.443000	0.000000	0.077003	0.075035	-0.072680	0.000000	-0.111228	-0.072928	0.066341	-2.532509	-1.941594	2.096664
0.444000	0.000000	0.076958	0.074859	-0.072642	0.000000	-0.106757	-0.071842	0.067288	-2.355771	-1.638583	1.889661
0.445000	0.000000	0.076985	0.074646	-0.072667	0.000000	-0.104618	-0.074849	0.066436	-2.145677	-1.729353	1.737256
0.446000	0.000000	0.076837	0.074594	-0.072514	0.000000	-0.109022	-0.076817	0.070152	-2.087982	-1.854936	1.949864
0.447000	0.000000	0.076612	0.074621	-0.072290	0.000000	-0.111188	-0.076513	0.076513	-1.891342	-1.670742	2.325739
0.448000	0.000000	0.076556	0.074519	-0.072245	0.000000	-0.106976	-0.078813	0.077644	-1.475807	-1.517699	2.366811
0.449000	0.000000	0.076585	0.074286	-0.072272	0.000000	-0.104727	-0.085212	0.073221	-1.328631	-1.762591	1.952872
0.450000	0.000000	0.076474	0.074030	-0.072124	0.000000	-0.108214	-0.091528	0.071478	-1.517466	-2.097966	1.619532
0.451000	0.000000	0.076242	0.073849	-0.071899	0.000000	-0.110824	-0.092290	0.074800	-1.521942	-1.965323	1.727174
0.452000	0.000000	0.076024	0.073820	-0.071841	0.000000	-0.110584	-0.087627	0.076921	-1.246515	-1.480383	1.859326
0.453000	0.000000	0.075836	0.073838	-0.071871	0.000000	-0.112515	-0.084729	0.076536	-1.041675	-1.283310	1.670064
0.454000	0.000000	0.075643	0.073729	-0.071769	0.000000	-0.118010	-0.088106	0.078833	-1.085556	-1.478244	1.517477
0.455000	0.000000	0.075444	0.073498	-0.071535	0.000000	-0.124452	-0.095214	0.085279	-1.352618	-1.647438	1.762773
0.456000	0.000000	0.075256	0.073240	-0.071278	0.000000	-0.128816	-0.101302	0.091578	-1.595333	-1.675508	2.097010
0.457000	0.000000	0.075058	0.073061	-0.071099	0.000000	-0.129444	-0.101801	0.092264	-1.505883	-1.637808	1.974423
0.458000	0.000000	0.074824	0.073045	-0.071071	0.000000	-0.129863	-0.096869	0.087573	-1.214373	-1.434281	1.486968
0.459000	0.000000	0.074636	0.073060	-0.071089	0.000000	-0.133287	-0.094121	0.084730	-1.073333	-1.147275	1.234988
0.460000	0.000000	0.074603	0.072901	-0.070979	0.000000	-0.134781	-0.098731	0.088166	-1.118705	-1.114087	1.439724
0.461000	0.000000	0.074622	0.072681	-0.070747	0.000000	-0.130868	-0.105647	0.095287	-1.167793	-1.328475	1.853744
0.462000	0.000000	0.074512	0.072628	-0.070488	0.000000	-0.128023	-0.106694	0.101346	-1.115876	-1.377357	2.125746
0.463000	0.000000	0.074280	0.072656	-0.070311	0.000000	-0.132066	-0.101765	0.101775	-1.090660	-1.214205	1.938212
0.464000	0.000000	0.074025	0.072552	-0.070298	0.000000	-0.139040	-0.099038	0.096796	-1.324380	-1.243325	1.450218
0.465000	0.000000	0.073847	0.072316	-0.070311	0.000000	-0.141108	-0.103681	0.094116	-1.635732	-1.516170	1.277524
0.466000	0.000000	0.073821	0.072057	-0.070147	0.000000	-0.136132	-0.110683	0.098876	-1.500651	-1.706350	1.544735
0.467000	0.000000	0.073837	0.071881	-0.069928	0.000000	-0.129425	-0.111411	0.105747	-0.971556	-1.647341	1.694992
0.468000	0.000000	0.073724	0.071868	-0.069890	0.000000	-0.127669	-0.106199	0.106394	-0.784791	-1.413631	1.422943
0.469000	0.000000	0.073491	0.071881	-0.069915	0.000000	-0.132506	-0.104628	0.101528	-1.215722	-1.229252	1.137315
0.470000	0.000000	0.073237	0.071719	-0.069759	0.000000	-0.139204	-0.109313	0.100065	-1.641772	-1.147671	1.278325
0.471000	0.000000	0.073060	0.071500	-0.069537	0.000000	-0.140998	-0.111113	0.104427	-1.561145	-0.932593	1.568990
0.472000	0.000000	0.073038	0.071450	-0.069486	0.000000	-0.135984	-0.106793	0.106327	-1.198109	-0.690624	1.501289
0.473000	0.000000	0.073053	0.071478	-0.069515	0.000000	-0.129368	-0.104875	0.102039	-0.894488	-0.821330	1.196111
0.474000	0.000000	0.072929	0.071370	-0.069407	0.000000	-0.127890	-0.108236	0.099165	-0.732147	-1.119380	1.077565
0.475000	0.000000	0.072698	0.071133	-0.069170	0.000000	-0.132689	-0.110453	0.103647	-0.698990	-1.064126	1.181627
0.476000	0.000000	0.072479	0.070877	-0.068913	0.000000	-0.138517	-0.111188	0.110628	-0.669742	-0.760679	1.207063
0.477000	0.000000	0.072293	0.070703	-0.068739	0.000000	-0.140537	-0.114154	0.111621	-0.558150	-0.612013	0.954437
0.478000	0.000000	0.072115	0.070682	-0.068719	0.000000	-0.139284	-0.115377	0.106553	-0.468554	-0.646506	0.680406
0.479000	0.000000	0.071911	0.070697	-0.068734	0.000000	-0.137930	-0.111743	0.103753	-0.384169	-0.708281	0.770461
0.480000	0.000000	0.071661	0.070571	-0.068604	0.000000	-0.139575	-0.109275	0.107786	-0.299409	-0.721608	1.097897
0.481000	0.000000	0.071482	0.070340	-0.068374	0.000000	-0.143475	-0.112479	0.114963	-0.414018	-0.654680	1.276071
0.482000	0.000000	0.071507	0.070122	-0.068170	0.000000	-0.143281	-0.118668	0.119589	-0.591085	-0.620028	1.157224
0.483000	0.000000	0.071507	0.069935	-0.067978	0.000000	-0.139459	-0.124767	0.119882	-0.544604	-0.860596	0.882697
0.484000	0.000000	0.071169	0.069754	-0.067747	0.000000	-0.142295	-0.128821	0.120317	-0.487104	-1.288406	0.882952
0.485000	0.000000	0.070738	0.069551	-0.067562	0.000000	-0.151704	-0.129476	0.123890	-0.603060	-1.449433	1.290208
0.486000	0.000000	0.070626	0.069314	-0.067538	0.000000	-0.155089	-0.130032	0.125098	-0.665768	-1.254807	1.475308
0.487000	0.000000	0.070687	0.069132	-0.067554	0.000000	-0.149989	-0.133210	0.120964	-0.659856	-1.072739	1.051834
0.488000	0.000000	0.070580	0.069106	-0.067424	0.000000	-0.147118	-0.134505	0.118685	-0.842520	-1.099693	0.616087
0.489000	0.000000	0.070337	0.069123	-0.067193	0.000000	-0.151674	-0.131592	0.123205	-1.143076	-1.209194	0.800525
0.490000	0.000000	0.070127	0.069006	-0.066989	0.000000	-0.157532	-0.128790	0.128849	-1.191714	-1.150577	1.300993
0.491000	0.000000	0.069939	0.068770	-0.066798	0.000000	-0.159408	-0.128292	0.129894	-0.962120	-0.903760	1.420410
0.492000	0.000000	0.069709	0.068515	-0.066564	0.000000	-0.159353	-0.130094	0.130120	-0.874011	-0.903864	1.223455
0.493000	0.000000	0.069524	0.068344	-0.066381	0.000000	-0.158524	-0.133565	0.133170	-1.073343	-1.274869	1.278243
0.494000	0.000000	0.069501	0.068327	-0.066368	0.000000	-0.154536	-0.134407	0.134211	-1.198454	-1.406306	1.531962
0.495000	0.000000	0.069517	0.068340	-0.066380	0.000000	-0.149418	-0.131448	0.131432	-1.025139	-1.105330	1.536485
0.496000	0.000000	0.069388	0.068206	-0.066211	0.000000	-0.147729	-0.129077	0.129845	-0.716176	-0.886869	1.247501
0.497000	0.000000	0.069155	0.067975	-0.065995	0.000000	-0.148814	-0.128401	0.128856	-0.490330	-0.819677	0.867999
0.498000	0.000000	0.068940	0.067772	-0.065957	0.000000	-0.149216	-0.128994	0.125421	-0.413268	-0.706673	0.657127
0.499000	0.000000	0.068753	0.067580	-0.065981	0.000000	-0.148066	-0.133299	0.124148	-0.418169	-0.853435	0.837856
0.500000	0.000000	0.068562	0.067348	-0.065852	0.000000	-0.148137	-0.139313	0.127723	-0.486023	-1.312851	1.141445
0.501000	0.000000	0.068363	0.067166	-0.065618	0.000000	-0.152197	-0.139871	0.130740	-0.601040	-1.456944	1.093057
0.502000	0.000000	0.068162	0.067146	-0.065413	0.000000	-0.157573	-0.134992	0.130075	-0.671361	-1.072035	0.719611
0.503000	0.000000	0.067967	0.067161	-0.065222	0.000000	-0.159637	-0.133346	0.128437	-0.778865	-0.698937	0.421344
0.504000	0.000000	0.067781	0.067025	-0.064991	0.000000	-0.158509	-0.137342	0.129745	-0.907108	-0.598836	0.469644
0.505000	0.000000	0.067579	0.066794	-0.064810	0.000000	-0.157205	-0.140436	0.133857	-0.709988	-0.553066	0.644736
0.506000	0.000000	0.067346	0.066593	-0.064789	0.000000	-0.158565	-0.139583	0.134691	-0.326691	-0.481322	0.514300
0.507000	0.000000	0.067166	0.066400	-0.064804	0.000000	-0.162302	-0.137961	0.130318	-0.343499	-0.377557	0.248601
0.508000	0.000000	0.067137	0.066159	-0.064671	0.000000	-0.163413	-0.139561	0.128219	-0.639241	-0.302413	0.345477
0.509000	0.000000	0.067156	0.065983	-0.064438	0.000000	-0.160203	-0.143546	0.132992	-0.623110	-0.430550	0.681278
0.510000	0.000000	0.067059	0.066000	-0.064224	0.000000	-0.156890	-0.143442	0.138804	-0.248381	-0.564276	0.742767
0.511000	0.000000	0.066808	0.065997	-0.064037	0.000000	-0.156796	-0.139571	0.139563	0.035051	-0.513397	0.510219
0.512000	0.000000	0.066427	0.065694	-0.063846	0.000000	-0.161791	-0.141593	0.138810	-0.113440	-0.633388	0.424555
0.513000	0.000000	0.066024	0.065246	-0.063646	0.000000	-0.171051	-0.151334	0.142434	-0.557066	-1.011435	0.586425
0.514000	0.000000	0.065731	0.064931	-0.063445	0.000000	-0.178598	-0.159690	0.148028	-0.955871	-1.244048	0.707512
0.515000	0.000000	0.065588	0.064801	-0.063251	0.000000	-0.179047	-0.160222	0.150145	-1.167212	-1.229277	0.758799
0.516000	0.000000	0.065586	0.064805	-0.063065	0.000000	-0.173465	-0.154358	0.148898	-1.145074	-1.090931	0.831735
0.517000	0.000000	0.065590	0.064805	-0.062863	0.000000	-0.168026	-0.148100	0.147574	-0.966534	-0.905877	0.844242
0.518000	0.000000	0.065450	0.064663	-0.062626	0.000000	-0.166893	-0.147298	0.149088	-0.860941	-0.899843	0.963469
0.519000	0.000000	0.065219	0.064433	-0.062451	0.000000	-0.168197	-0.152407	0.152895	-0.903865	-1.114904	1.308271
0.520000	0.000000	0.065007	0.064223	-0.062435	0.000000	-0.168392	-0.157901	0.153637	-0.967918	-1.171524	1.404258
0.521000	0.000000	0.064820	0.064035	-0.062447	0.000000	-0.166856	-0.159412	0.150175	-0.891377	-0.957067	1.069116
0.522000	0.000000	0.064627	0.063839	-0.062310	0.000000	-0.167206	-0.158551	0.147918	-0.714705	-0.889517	0.818007
0.523000	0.000000	0.064428	0.063641	-0.062076	0.000000	-0.172674	-0.158054	0.148627	-0.719076	-1.098223	0.883409
0.524000	0.000000	0.064231	0.063454	-0.061864	0.000000	-0.177470	-0.158066	0.149128	-0.849160	-1.177134	0.985301
0.525000	0.000000	0.064034	0.063252	-0.061677	0.000000	-0.174009	-0.158566	0.148054	-0.738120	-1.010661	0.871859
0.526000	0.000000	0.063835	0.063016	-0.061482	0.000000	-0.168356	-0.159382	0.148301	-0.531004	-0.902204	0.687819
0.527000	0.000000	0.063640	0.062842	-0.061284	0.000000	-0.170404	-0.157862	0.152527	-0.563747	-0.870414	0.849342
0.528000	0.000000	0.063454	0.062828	-0.061097	0.000000	-0.176422	-0.153775	0.157501	-0.672366	-0.753029	1.294411
0.529000	0.000000	0.063251	0.062839	-0.060895	0.000000	-0.178754	-0.152867	0.159252	-0.730541	-0.633607	1.477730
0.530000	0.000000	0.063015	0.062700	-0.060659	0.000000	-0.178600	-0.156677	0.159379	-0.876018	-0.625273	1.256556
0.531000	0.000000	0.062841	0.062466	-0.060485	0.000000	-0.177686	-0.159515	0.158638	-0.990327	-0.765388	0.944506
0.532000	0.000000	0.062828	0.062253	-0.060471	0.000000	-0.173434	-0.158932	0.154304	-0.792305	-0.921963	0.701907
0.533000	0.000000	0.062838	0.062067	-0.060482	0.000000	-0.167573	-0.157278	0.148332	-0.275378	-0.746910	0.453461
0.534000	0.000000	0.062699	0.061875	-0.060343	0.000000	-0.166473	-0.157771	0.147280	0.217997	-0.306533	0.230724
0.535000	0.000000	0.062464	0.061675	-0.060108	0.000000	-0.171617	-0.162243	0.152694	0.332399	-0.121582	0.222195
0.536000	0.000000	0.062250	0.061475	-0.059894	0.000000	-0.177250	-0.167446	0.158217	0.085572	-0.343984	0.384342
0.537000	0.000000	0.062065	0.061280	-0.059709	0.000000	-0.178601	-0.168912	0.158597	-0.244590	-0.693060	0.461843
0.538000	0.000000	0.061883	0.061095	-0.059527	0.000000	-0.177366	-0.167817	0.157764	-0.444768	-0.938912	0.485244
0.539000	0.000000	0.061677	0.060891	-0.059321	0.000000	-0.177159	-0.167826	0.161862	-0.488855	-0.977505	0.608272
0.540000	0.000000	0.061439	0.060654	-0.059083	0.000000	-0.178398	-0.168927	0.168253	-0.485755	-0.786660	0.731332
0.541000	0.000000	0.061269	0.060484	-0.058913	0.000000	-0.177883	-0.167435	0.169253	-0.451939	-0.453981	0.743620
0.542000	0.000000	0.061258	0.060473	-0.058902	0.000000	-0.173278	-0.163249	0.163817	-0.305824	-0.182748	0.649632
0.543000	0.000000	0.061267	0.060482	-0.058911	0.000000	-0.168170	-0.162541	0.158604	-0.045941	-0.190024	0.508840
0.544000	0.000000	0.061123	0.060335	-0.058768	0.000000	-0.166931	-0.166477	0.157433	0.273492	-0.401101	0.419332
0.545000	0.000000	0.060889	0.060103	-0.058533	0.000000	-0.168089	-0.168840	0.157513	0.446680	-0.513090	0.399290
0.546000	0.000000	0.060682	0.059906	-0.058322	0.000000	-0.168234	-0.168011	0.158231	0.275027	-0.449763	0.484638
0.547000	0.000000	0.060493	0.059710	-0.058136	0.000000	-0.167142	-0.167891	0.162277	0.057817	-0.405196	0.665521
0.548000	0.000000	0.060286	0.059466	-0.057943	0.000000	-0.167801	-0.169120	0.167342	0.123953	-0.536103	0.705481
0.549000	0.000000	0.060096	0.059302	-0.057743	0.000000	-0.171736	-0.167239	0.168967	0.223118	-0.641166	0.546013
0.550000	0.000000	0.059949	0.059331	-0.057545	0.000000	-0.175774	-0.162242	0.168105	0.141928	-0.446449	0.421572
0.551000	0.000000	0.059718	0.059312	-0.057350	0.000000	-0.179056	-0.163130	0.167666	-0.021714	-0.307280	0.394596
0.552000	0.000000	0.059294	0.058980	-0.057154	0.000000	-0.183270	-0.171126	0.167883	-0.265885	-0.552904	0.440210
0.553000	0.000000	0.058921	0.058540	-0.056957	0.000000	-0.183057	-0.174491	0.168029	-0.458242	-0.740889	0.653596
0.554000	0.000000	0.058861	0.058276	-0.056757	0.000000	-0.174713	-0.169996	0.168027	-0.339995	-0.605609	0.937858
0.555000	0.000000	0.058907	0.058130	-0.056562	0.000000	-0.166431	-0.165877	0.167877	0.002013	-0.385991	0.980800
0.556000	0.000000	0.058775	0.057961	-0.056377	0.000000	-0.166184	-0.166827	0.167666	0.258724	-0.218262	0.712976
0.557000	0.000000	0.058529	0.057744	-0.056172	0.000000	-0.172126	-0.172224	0.168127	0.243985	-0.227559	0.471945
0.558000	0.000000	0.058315	0.057503	-0.055935	0.000000	-0.177434	-0.178094	0.168967	0.055577	-0.437249	0.493843
0.559000	0.000000	0.058132	0.057339	-0.055769	0.000000	-0.178492	-0.178635	0.167263	-0.053634	-0.515134	0.452324
0.560000	0.000000	0.057941	0.057330	-0.055762	0.000000	-0.177519	-0.173250	0.163145	-0.017113	-0.258297	0.061083
0.561000	0.000000	0.057740	0.057338	-0.055768	0.000000	-0.177258	-0.167927	0.162610	0.054259	0.047614	-0.268693
0.562000	0.000000	0.057538	0.057200	-0.055617	0.000000	-0.177606	-0.166687	0.166579	0.013181	0.035594	-0.127340
0.563000	0.000000	0.057345	0.056957	-0.055384	0.000000	-0.177603	-0.167849	0.168917	-0.205940	-0.219051	0.242835
0.564000	0.000000	0.057163	0.056708	-0.055185	0.000000	-0.177188	-0.169117	0.168072	-0.429404	-0.313112	0.450864
0.565000	0.000000	0.056955	0.056553	-0.054990	0.000000	-0.177461	-0.168338	0.167657	-0.501429	-0.088585	0.486880
0.566000	0.000000	0.056705	0.056550	-0.054757	0.000000	-0.178772	-0.163484	0.168778	-0.508702	0.255084	0.536413
0.567000	0.000000	0.056551	0.056552	-0.054589	0.000000	-0.177670	-0.157655	0.168104	-0.449373	0.493149	0.470148
0.568000	0.000000	0.056595	0.056402	-0.054583	0.000000	-0.171821	-0.157068	0.163451	-0.222831	0.515376	0.055912
0.569000	0.000000	0.056560	0.056168	-0.054588	0.000000	-0.168152	-0.162441	0.158742	-0.016755	0.318066	-0.409536
0.570000	0.000000	0.056179	0.055958	-0.054439	0.000000	-0.172490	-0.167813	0.157455	-0.035880	-0.027339	-0.548196
0.571000	0.000000	0.055775	0.055772	-0.054203	0.000000	-0.176586	-0.168968	0.157445	-0.038644	-0.320275	-0.507596
0.572000	0.000000	0.055710	0.055579	-0.053994	0.000000	-0.173926	-0.167975	0.158326	0.244273	-0.230725	-0.444761
0.573000	0.000000	0.055764	0.055379	-0.053808	0.000000	-0.172278	-0.167665	0.162526	0.523420	0.164832	-0.255055
0.574000	0.000000	0.055629	0.055182	-0.053615	0.000000	-0.175836	-0.167934	0.167483	0.343864	0.312236	-0.026013
0.575000	0.000000	0.055380	0.054986	-0.053415	0.000000	-0.178504	-0.168034	0.168966	-0.180509	0.093428	0.044702
0.576000	0.000000	0.055167	0.054789	-0.053214	0.000000	-0.177974	-0.167951	0.168146	-0.549670	-0.098738	0.012856
0.577000	0.000000	0.054985	0.054592	-0.053021	0.000000	-0.177198	-0.167859	0.167619	-0.524456	-0.049158	-0.002264
0.578000	0.000000	0.054792	0.054396	-0.052838	0.000000	-0.177382	-0.167922	0.167578	-0.250265	0.204854	-0.026158
0.579000	0.000000	0.054592	0.054199	-0.052630	0.000000	-0.177832	-0.168190	0.168223	-0.018932	0.471610	-0.035456
0.580000	0.000000	0.054394	0.054002	-0.052383	0.000000	-0.177628	-0.168017	0.169204	0.041186	0.505627	0.092445
0.581000	0.000000	0.054198	0.053806	-0.052230	0.000000	-0.176602	-0.167037	0.167136	0.043649	0.295855	0.190053
0.582000	0.000000	0.054002	0.053609	-0.052264	0.000000	-0.177243	-0.167677	0.162166	0.000753	0.011925	-0.021169
0.583000	0.000000	0.053805	0.053412	-0.052234	0.000000	-0.181783	-0.172217	0.162630	-0.198909	-0.263295	-0.188036
0.584000	0.000000	0.053608	0.053216	-0.051897	0.000000	-0.186797	-0.177203	0.171054	-0.437837	-0.445428	0.101777
0.585000	0.000000	0.053412	0.053019	-0.051453	0.000000	-0.188081	-0.178443	0.178414	-0.518709	-0.444090	0.492481
0.586000	0.000000	0.053215	0.052819	-0.051162	0.000000	-0.187170	-0.177645	0.179790	-0.462357	-0.443208	0.577739
0.587000	0.000000	0.053018	0.052625	-0.051051	0.000000	-0.186913	-0.177564	0.177333	-0.387671	-0.670499	0.407406
0.588000	0.000000	0.052821	0.052439	-0.051065	0.000000	-0.187105	-0.177329	0.172468	-0.449268	-0.936850	0.207776
0.589000	0.000000	0.052625	0.052233	-0.051052	0.000000	-0.186863	-0.176429	0.168062	-0.716261	-0.921951	0.219583
0.590000	0.000000	0.052429	0.051996	-0.050891	0.000000	-0.187011	-0.178182	0.167134	-0.898028	-0.749576	0.399622
0.591000	0.000000	0.052232	0.051837	-0.050661	0.000000	-0.188234	-0.182774	0.167912	-0.749733	-0.712441	0.497954
0.592000	0.000000	0.052033	0.051836	-0.050465	0.000000	-0.187436	-0.182341	0.167926	-0.516673	-0.636825	0.499062
0.593000	0.000000	0.051838	0.051837	-0.050268	0.000000	-0.181848	-0.174229	0.167960	-0.377248	-0.297825	0.458768
0.594000	0.000000	0.051649	0.051681	-0.050035	0.000000	-0.177364	-0.167294	0.168824	-0.242190	0.017658	0.299878
0.595000	0.000000	0.051445	0.051445	-0.049873	0.000000	-0.180881	-0.166606	0.167895	-0.240214	0.063250	0.019641
0.596000	0.000000	0.051219	0.051237	-0.049869	0.000000	-0.187501	-0.168112	0.163254	-0.428447	-0.003712	-0.272031
0.597000	0.000000	0.051051	0.051052	-0.049873	0.000000	-0.188373	-0.168524	0.158624	-0.495200	-0.027318	-0.453465
0.598000	0.000000	0.051011	0.050858	-0.049727	0.000000	-0.183358	-0.167929	0.157192	-0.293361	-0.003317	-0.496489
0.599000	0.000000	0.051051	0.050658	-0.049480	0.000000	-0.177177	-0.166950	0.157440	0.009780	0.046300	-0.482749
