LabVIEW Measurement	
Writer_Version	2
Reader_Version	2
Separator	Tab
Decimal_Separator	.
Multi_Headings	No
X_Columns	One
Time_Pref	Relative
Operator	MSE_SETUP3
Date	2025/02/24
Time	13:44:14.7474989891052246094
***End_of_Header***	
	
Channels	11											
Samples	600	600	600	600	600	600	600	600	600	600	600	
Date	1903/12/31	1903/12/31	1903/12/31	1903/12/31	1903/12/31	1903/12/31	1903/12/31	1903/12/31	1903/12/31	1903/12/31	1903/12/31	
Time	19:00:00	19:00:00	19:00:00	19:00:00	19:00:00	19:00:00	19:00:00	19:00:00	19:00:00	19:00:00	19:00:00	
X_Dimension	Time	Time	Time	Time	Time	Time	Time	Time	Time	Time	Time	
X0	0.0000000000000000E+0	0.0000000000000000E+0	0.0000000000000000E+0	0.0000000000000000E+0	0.0000000000000000E+0	0.0000000000000000E+0	0.0000000000000000E+0	0.0000000000000000E+0	0.0000000000000000E+0	0.0000000000000000E+0	0.0000000000000000E+0	
Delta_X	0.001000	0.001000	0.001000	0.001000	0.001000	0.001000	0.001000	0.001000	0.001000	0.001000	0.001000	
***End_of_Header***												
X_Value	Input Trajectory	Displacement 1	Displacement 2	Displacement 3	Control Effort	Velocity 1	Velocity 2	Velocity 3	Acceleration 1	Acceleration 2	Acceleration 3	Comment
0.000000	0.000000	0.000000	0.000000	0.000000	0.000000	-0.957759	-0.957831	0.958019	-43.326363	-43.275394	43.404210
0.001000	0.000000	8.939165E-37	2.323515E-37	-1.063089E-37	0.000000	-0.957824	-0.957486	0.956785	-43.317157	-43.284244	43.241087
0.002000	0.000000	-7.974650E-39	-2.072814E-39	9.483840E-40	0.000000	-0.957769	-0.957750	0.957745	-43.287725	-43.531228	43.269185
0.003000	0.000000	-2.687656E-36	-6.985898E-37	3.196290E-37	0.000000	-0.958654	-0.958745	0.958136	-43.403357	-43.861472	43.346742
0.004000	0.000000	5.600053E-38	1.455596E-38	-6.659855E-39	0.000000	-0.957972	-0.957976	0.957829	-43.539427	-43.841296	43.537669
0.005000	0.000000	9.874183E-36	2.566550E-36	-1.174286E-36	0.000000	-0.953368	-0.953344	0.957483	-43.336969	-43.354307	43.740566
0.006000	0.000000	-3.129046E-37	-8.133183E-38	3.721213E-38	0.000000	-0.948407	-0.948406	0.957755	-42.944879	-42.883874	43.825876
0.007000	0.000000	-3.687235E-35	-9.584059E-36	4.385039E-36	0.000000	-0.947212	-0.947218	0.958749	-42.785751	-42.781231	43.879280
0.008000	0.000000	1.560889E-36	4.057145E-37	-1.856285E-37	0.000000	-0.948176	-0.948176	0.957958	-42.813741	-42.831043	43.794589
0.009000	0.000000	1.378482E-34	3.583023E-35	-1.639357E-35	0.000000	-0.948558	-0.948556	0.953306	-42.887807	-42.889231	43.350009
0.010000	0.000000	-7.301793E-36	-1.897921E-36	8.683646E-37	0.000000	-0.948246	-0.948246	0.948384	-43.083627	-43.075341	42.842968
0.011000	0.000000	-5.153787E-34	-1.339600E-34	6.129134E-35	0.000000	-0.947904	-0.947904	0.947221	-43.301317	-43.300004	42.768104
0.012000	0.000000	3.279126E-35	8.523280E-36	-3.899696E-36	0.000000	-0.948185	-0.948185	0.948183	-43.371013	-43.386912	43.076480
0.013000	0.000000	1.926830E-33	5.008319E-34	-2.291479E-34	0.000000	-0.949178	-0.949178	0.948555	-43.365947	-43.369690	43.345039
0.014000	0.000000	-1.431671E-34	-3.721276E-35	1.702613E-35	0.000000	-0.948352	-0.948352	0.948244	-43.334065	-43.278619	43.374904
0.015000	0.000000	-7.203592E-33	-1.872396E-33	8.566861E-34	0.000000	-0.943672	-0.943672	0.947903	-43.158817	-43.145642	43.312988
0.016000	0.000000	6.122994E-34	1.591521E-34	-7.281761E-35	0.000000	-0.938773	-0.938773	0.948191	-42.839552	-43.091027	43.326397
0.017000	0.000000	2.693045E-32	6.999906E-33	-3.202700E-33	0.000000	-0.937648	-0.937648	0.949182	-42.592353	-43.047130	43.377502
0.018000	0.000000	-2.577717E-33	-6.700141E-34	3.065547E-34	0.000000	-0.938614	-0.938614	0.948333	-42.624570	-42.919430	43.294117
0.019000	0.000000	-1.006762E-31	-2.616830E-32	1.197290E-32	0.000000	-0.938977	-0.938977	0.943634	-42.820015	-42.833624	43.100956
0.020000	0.000000	1.071771E-32	2.785806E-33	-1.274603E-33	0.000000	-0.938661	-0.938661	0.938751	-42.918278	-42.858162	43.086506
0.021000	0.000000	3.763560E-31	9.782446E-32	-4.475808E-32	0.000000	-0.938323	-0.938323	0.937651	0.925493	0.928953	-0.969915
0.022000	0.000000	-4.411586E-32	-1.146683E-32	5.246472E-33	0.000000	-0.938621	-0.938621	0.938620	0.914413	0.898327	-0.865027
0.023000	0.000000	-1.406888E-30	-3.656858E-31	1.673139E-31	0.000000	-0.939612	-0.939612	0.938976	0.864616	0.863738	-0.893739
0.024000	0.000000	1.800834E-31	4.680825E-32	-2.141640E-32	0.000000	-0.938726	-0.938726	0.938658	0.948952	0.953256	-0.927530
0.025000	0.000000	5.259070E-30	1.366966E-30	-6.254341E-31	0.000000	-0.933993	-0.933993	0.938323	1.141841	1.142064	-0.928868
0.026000	0.000000	-7.299900E-31	-1.897429E-31	8.681395E-32	0.000000	-0.929141	-0.929141	0.938627	1.153699	1.152547	-0.897930
0.027000	0.000000	-1.965835E-29	-5.109704E-30	2.337866E-30	0.000000	-0.928101	-0.928101	0.939615	0.966969	0.966912	-0.863813
0.028000	0.000000	2.941530E-30	7.645783E-31	-3.498211E-31	0.000000	-0.929052	-0.929052	0.938707	0.864730	0.865038	-0.954419
0.029000	0.000000	7.348082E-29	1.909953E-29	-8.738695E-30	0.000000	-0.929311	-0.929311	0.933957	0.898345	0.898360	-1.142927
0.030000	0.000000	-1.179231E-29	-3.065121E-30	1.402399E-30	0.000000	-0.929071	-0.929071	0.929120	0.927920	0.927837	-1.151737
0.031000	0.000000	-2.746563E-28	-7.139014E-29	3.266346E-29	0.000000	-0.929066	-0.929066	0.928099	0.913349	0.913346	-0.965921
0.032000	0.000000	4.706316E-29	1.223291E-29	-5.596979E-30	0.000000	-0.929071	-0.929071	0.929058	0.896812	0.896834	-0.864927
0.033000	0.000000	1.026583E-27	2.668348E-28	-1.220862E-28	0.000000	-0.928836	-0.928836	0.929328	0.921396	0.921397	-0.897844
0.034000	0.000000	-1.870915E-28	-4.862983E-29	2.224983E-29	0.000000	-0.929061	-0.929061	0.929071	0.957954	0.957948	-0.927838
0.035000	0.000000	-3.836957E-27	-9.973224E-28	4.563095E-28	0.000000	-0.930003	-0.930003	0.928999	0.873770	0.873770	-0.916398
0.036000	0.000000	7.411615E-28	1.926467E-28	-8.814252E-29	0.000000	-0.929088	-0.929088	0.929068	0.694449	0.694450	-0.896906
0.037000	0.000000	1.434064E-26	3.727497E-27	-1.705459E-27	0.000000	-0.924378	-0.924378	0.929087	0.685460	0.685460	-0.909681
0.038000	0.000000	-2.926982E-27	-7.607968E-28	3.480909E-28	0.000000	-0.919501	-0.919501	0.929069	0.864102	0.864102	-0.957774
0.039000	0.000000	-5.359683E-26	-1.393117E-26	6.373995E-27	0.000000	-0.918269	-0.918269	0.929062	0.968792	0.968792	-0.917656
0.040000	0.000000	1.152693E-26	2.996141E-27	-1.370838E-27	0.000000	-0.919491	-0.919491	0.929069	0.927910	0.927910	-0.693592
0.041000	0.000000	2.003080E-25	5.206512E-26	-2.382160E-26	0.000000	4.885560E-24	1.269881E-24	-5.810145E-25	44.698149	44.698149	-44.702439
0.042000	0.000000	-4.528050E-26	-1.176955E-26	5.384976E-27	0.000000	-1.104402E-24	-2.870622E-25	1.313409E-25	44.682067	44.682067	-44.650035
0.043000	0.000000	-7.485935E-25	-1.945784E-25	8.902637E-26	0.000000	-1.825838E-23	-4.745815E-24	2.171375E-24	44.696236	44.696236	-44.696183
0.044000	0.000000	1.774655E-25	4.612779E-26	-2.110506E-26	0.000000	4.328428E-24	1.125068E-24	-5.147576E-25	44.743409	44.743409	-44.713144
0.045000	0.000000	2.797580E-24	7.271620E-25	-3.327018E-25	0.000000	6.823366E-23	1.773566E-23	-8.114678E-24	44.701251	44.701251	-44.698010
0.046000	0.000000	-6.940805E-25	-1.804091E-25	8.254342E-26	0.000000	-1.692879E-23	-4.400223E-24	2.013254E-24	44.475863	44.475863	-44.682030
0.047000	0.000000	-1.045461E-23	-2.717417E-24	1.243313E-24	0.000000	-2.549904E-22	-6.627847E-23	3.032470E-23	44.244798	44.244798	-44.696503
0.048000	0.000000	2.709413E-24	7.042452E-25	-3.222166E-25	0.000000	6.608325E-23	1.717671E-23	-7.858941E-24	44.195271	44.195271	-44.743581
0.049000	0.000000	3.906803E-23	1.015477E-23	-4.646160E-24	0.000000	9.528788E-22	2.476774E-22	-1.133210E-22	44.240586	44.240586	-44.700318
0.050000	0.000000	-1.055790E-23	-2.744265E-24	1.255596E-24	0.000000	-2.575096E-22	-6.693328E-23	3.062429E-23	44.252893	44.252893	-44.474124
0.051000	0.000000	-1.459903E-22	-3.794658E-23	1.736187E-23	0.000000	-3.560739E-21	-9.255263E-22	4.234604E-22	44.241491	44.241491	-44.243805
0.052000	0.000000	4.107480E-23	1.067638E-23	-4.884814E-24	0.000000	1.001824E-21	2.603995E-22	-1.191418E-22	44.241245	44.241245	-44.195207
0.053000	0.000000	5.455256E-22	1.417959E-22	-6.487655E-23	0.000000	1.330550E-20	3.458437E-21	-1.582355E-21	44.241457	44.241457	-44.240837
0.054000	0.000000	-1.595593E-22	-4.147350E-23	1.897556E-23	0.000000	-3.891689E-21	-1.011549E-21	4.628186E-22	44.230286	44.230286	-44.253705
0.055000	0.000000	-2.038425E-21	-5.298384E-22	2.424194E-22	0.000000	-4.971769E-20	-1.292289E-20	5.912669E-21	44.240990	44.240990	-44.241465
0.056000	0.000000	6.189620E-22	1.608839E-22	-7.360996E-23	0.000000	1.509663E-20	3.923998E-21	-1.795365E-21	44.285850	44.285850	-44.238054
0.057000	0.000000	7.616636E-21	1.979757E-21	-9.058073E-22	0.000000	1.857716E-19	4.828675E-20	-2.209286E-20	44.242300	44.242300	-44.241341
0.058000	0.000000	-2.397967E-21	-6.232924E-22	2.851779E-22	0.000000	-5.848700E-20	-1.520225E-20	6.955558E-21	44.018008	44.018008	-44.242260
0.059000	0.000000	-2.845903E-20	-7.397224E-21	3.384486E-21	0.000000	-6.941227E-19	-1.804201E-19	8.254844E-20	43.785782	43.785782	-44.241363
0.060000	0.000000	9.278918E-21	2.411826E-21	-1.103494E-21	0.000000	2.263151E-19	5.882502E-20	-2.691449E-20	43.727101	43.727101	-44.241061
0.061000	0.000000	1.063324E-19	2.763849E-20	-1.264557E-20	0.000000	2.593473E-18	6.741095E-19	-3.084284E-19	43.785263	43.785263	-44.241360
0.062000	0.000000	-3.586413E-20	-9.321996E-21	4.265136E-21	0.000000	-8.747349E-19	-2.273658E-19	1.040277E-19	-4.165427E-17	-1.082700E-17	4.953728E-18
0.063000	0.000000	-3.972828E-19	-1.032639E-19	4.724680E-20	0.000000	-9.689824E-18	-2.518631E-18	1.152361E-18	-4.614202E-16	-1.199348E-16	5.487432E-17
0.064000	0.000000	1.384723E-19	3.599246E-20	-1.646780E-20	0.000000	3.377373E-18	8.778648E-19	-4.016535E-19	1.608281E-16	4.180331E-17	-1.912646E-17
0.065000	0.000000	1.484303E-18	3.858078E-19	-1.765205E-19	0.000000	3.620250E-17	9.409947E-18	-4.305377E-18	1.723928E-15	4.480927E-16	-2.050179E-16
0.066000	0.000000	-5.341126E-19	-1.388294E-19	6.351926E-20	0.000000	-1.302714E-17	-3.386083E-18	1.549250E-18	-6.203431E-16	-1.612429E-16	7.377421E-17
0.067000	0.000000	-5.545409E-18	-1.441392E-18	6.594870E-19	0.000000	-1.352539E-16	-3.515591E-17	1.608505E-17	-6.440661E-15	-1.674091E-15	7.659546E-16
0.068000	0.000000	2.058238E-18	5.349883E-19	-2.447757E-19	0.000000	5.020094E-17	1.304850E-17	-5.970139E-18	2.390533E-15	6.213601E-16	-2.842938E-16
0.069000	0.000000	2.071731E-17	5.384954E-18	-2.463803E-18	0.000000	5.053002E-16	1.313403E-16	-6.009275E-17	2.406191E-14	6.254301E-15	-2.861559E-15
0.070000	0.000000	-7.924548E-18	-2.059791E-18	9.424257E-19	0.000000	-1.932817E-16	-5.023880E-17	2.298599E-17	-9.203934E-15	-2.392336E-15	1.094576E-15
0.071000	0.000000	-7.739654E-17	-2.011732E-17	9.204372E-18	0.000000	-1.887721E-15	-4.906664E-16	2.244969E-16	-8.989144E-14	-2.336506E-14	1.069033E-14
0.072000	0.000000	3.048531E-17	7.923904E-18	-3.625461E-18	0.000000	7.435441E-16	1.932660E-16	-8.842587E-17	3.540703E-14	9.203185E-15	-4.210776E-15
0.073000	0.000000	2.891334E-16	7.515310E-17	-3.438515E-17	0.000000	7.052034E-15	1.833002E-15	-8.386621E-16	3.358111E-13	8.728582E-14	-3.993629E-14
0.074000	0.000000	-1.171827E-16	-3.045875E-17	1.393593E-17	0.000000	-2.858114E-15	-7.428963E-16	3.399008E-16	-1.361013E-13	-3.537618E-14	1.618583E-14
0.075000	0.000000	-1.080099E-15	-2.807450E-16	1.284506E-16	0.000000	-2.634387E-14	-6.847440E-15	3.132941E-15	-1.254470E-12	-3.260685E-13	1.491876E-13
0.076000	0.000000	4.501020E-16	1.169929E-16	-5.352831E-17	0.000000	1.097810E-14	2.853486E-15	-1.305568E-15	5.227689E-13	1.358809E-13	-6.217021E-14
0.077000	0.000000	4.034754E-15	1.048735E-15	-4.798325E-16	0.000000	9.840863E-14	2.557890E-14	-1.170323E-14	4.686125E-12	1.218043E-12	-5.572967E-13
0.078000	0.000000	-1.727625E-15	-4.490536E-16	2.054576E-16	0.000000	-4.213720E-14	-1.095253E-14	5.011161E-15	-2.006542E-12	-5.215512E-13	2.386278E-13
0.079000	0.000000	-1.507159E-14	-3.917488E-15	1.792387E-15	0.000000	-3.675998E-13	-9.554850E-14	4.371675E-14	-1.750475E-11	-4.549928E-12	2.081750E-12
0.080000	0.000000	6.626661E-15	1.722437E-15	-7.880746E-16	0.000000	1.616259E-13	4.201066E-14	-1.922133E-14	7.696503E-12	2.000516E-12	-9.153055E-13
0.081000	0.000000	5.629756E-14	1.463316E-14	-6.695178E-15	0.000000	1.373111E-12	3.569064E-13	-1.632970E-13	6.538623E-11	1.699554E-11	-7.776048E-12
0.082000	0.000000	-2.540157E-14	-6.602511E-15	3.020878E-15	0.000000	-6.195504E-13	-1.610369E-13	7.367994E-14	-2.950252E-11	-7.668454E-12	3.508583E-12
0.083000	0.000000	-2.102850E-13	-5.465841E-14	2.500812E-14	0.000000	-5.128903E-12	-1.333132E-12	6.099541E-13	-2.442334E-10	-6.348246E-11	2.904543E-11
0.084000	0.000000	9.731058E-14	2.529349E-14	-1.157265E-14	0.000000	2.373429E-12	6.169143E-13	-2.822597E-13	1.130209E-10	2.937699E-11	-1.344099E-11
0.085000	0.000000	7.854446E-13	2.041570E-13	-9.340888E-14	0.000000	1.915718E-11	4.979438E-12	-2.278265E-12	9.122467E-10	2.371160E-10	-1.084888E-10
0.086000	0.000000	-3.725680E-13	-9.683987E-14	4.430760E-14	0.000000	-9.087025E-12	-2.361948E-12	1.080673E-12	-4.327172E-10	-1.124742E-10	5.146083E-11
0.087000	0.000000	-2.933669E-12	-7.625348E-13	3.488861E-13	0.000000	-7.155289E-11	-1.859841E-11	8.509417E-12	-3.407280E-9	-8.856384E-10	4.052103E-10
0.088000	0.000000	1.425635E-12	3.705587E-13	-1.695435E-13	0.000000	3.477159E-11	9.038018E-12	-4.135206E-12	1.655796E-9	4.303835E-10	-1.969153E-10
0.089000	0.000000	1.095708E-11	2.848023E-12	-1.303069E-12	0.000000	2.672459E-10	6.946398E-11	-3.178218E-11	1.272599E-8	3.307808E-9	-1.513437E-9
0.090000	0.000000	-5.452293E-12	-1.417189E-12	6.484131E-13	0.000000	-1.329828E-10	-3.456559E-11	1.581495E-11	-6.332536E-9	-1.645987E-9	7.530959E-10
0.091000	0.000000	-4.092296E-11	-1.063691E-11	4.866756E-12	0.000000	-9.981209E-10	-2.594369E-10	1.187014E-10	-4.752956E-8	-1.235414E-8	5.652445E-9
0.092000	0.000000	2.084145E-11	5.417220E-12	-2.478566E-12	0.000000	5.083279E-10	1.321273E-10	-6.045282E-11	2.420618E-8	6.291800E-9	-2.878717E-9
0.093000	0.000000	1.528366E-10	3.972610E-11	-1.817607E-11	0.000000	3.727722E-9	9.689294E-10	-4.433188E-10	1.775105E-7	4.613948E-8	-2.111041E-8
0.094000	0.000000	-7.962759E-11	-2.069723E-11	9.469699E-12	0.000000	-1.942136E-9	-5.048105E-10	2.309683E-10	-9.248302E-8	-2.403868E-8	1.099853E-8
0.095000	0.000000	-5.707894E-10	-1.483626E-10	6.788105E-11	0.000000	-1.392169E-8	-3.618601E-9	1.655635E-9	-6.629377E-7	-1.723143E-7	7.883976E-8
0.096000	0.000000	3.040851E-10	7.903942E-11	-3.616327E-11	0.000000	7.416710E-9	1.927791E-9	-8.820311E-10	3.531779E-7	9.179989E-8	-4.200163E-8
0.097000	0.000000	2.131634E-9	5.540658E-10	-2.535043E-10	0.000000	5.199108E-8	1.351380E-8	-6.183032E-9	2.475765E-6	6.435142E-7	-2.944300E-7
0.098000	0.000000	-1.160728E-9	-3.017027E-10	1.380395E-10	0.000000	-2.831045E-8	-7.358604E-9	3.366816E-9	-1.348121E-6	-3.504109E-7	1.603251E-7
0.099000	0.000000	-7.960451E-9	-2.069123E-9	9.466955E-10	0.000000	-1.941573E-7	-5.046642E-8	2.309013E-8	-9.245586E-6	-2.403162E-6	1.099530E-6
0.100000	0.000000	4.428715E-9	1.151135E-9	-5.266843E-10	0.000000	1.080174E-7	2.807647E-8	-1.284596E-8	5.143705E-6	1.336979E-6	-6.117144E-7
0.101000	0.032035	2.972698E-8	7.726795E-9	-3.535277E-9	0.000000	7.250483E-7	1.884584E-7	-8.622626E-8	3.452610E-5	8.974209E-6	-4.106011E-6
0.102000	0.063939	-1.689055E-8	-4.390281E-9	2.008706E-9	0.000000	-4.119645E-7	-1.070800E-7	4.899282E-8	-1.961742E-5	-5.099066E-6	2.332999E-6
0.103000	0.095579	-1.110074E-7	-2.885364E-8	1.320154E-8	0.000000	-2.707498E-6	-7.037473E-7	3.219888E-7	-0.000129	-3.351177E-5	1.533280E-5
0.104000	0.126827	6.439249E-8	1.673724E-8	-7.657867E-9	0.000000	1.570548E-6	4.082254E-7	-1.867772E-7	7.478827E-5	1.943937E-5	-8.894184E-6
0.105000	0.157554	4.145160E-7	1.077432E-7	-4.929625E-8	0.000000	1.011015E-5	2.627883E-6	-1.202348E-6	0.000481	0.000125	-5.725463E-5
0.106000	0.187634	-2.453911E-7	-6.378336E-8	2.918310E-8	0.000000	-5.985148E-6	-1.555692E-6	7.117828E-7	-0.000285	-7.408079E-5	3.389453E-5
0.107000	0.216942	-1.547813E-6	-4.023159E-7	1.840735E-7	0.000000	-3.775155E-5	-9.812584E-6	4.489597E-6	-0.001798	-0.000467	0.000214
0.108000	0.245359	9.348035E-7	2.429791E-7	-1.111714E-7	0.000000	2.280009E-5	5.926320E-6	-2.711497E-6	0.001086	0.000282	-0.000129
0.109000	0.272767	5.779416E-6	1.502217E-6	-6.873162E-7	0.000000	0.000141	3.663943E-5	-1.676381E-5	0.006712	0.001745	-0.000798
0.110000	0.299055	-3.559801E-6	-9.252824E-7	4.233488E-7	0.000000	-8.682440E-5	-2.256786E-5	1.032558E-5	-0.004135	-0.001075	0.000492
0.111000	0.324114	-2.157930E-5	-5.609006E-6	2.566315E-6	0.000000	-0.000526	-0.000137	6.259304E-5	-0.025063	-0.006515	0.002981
0.112000	0.347841	1.387216E-5	3.522320E-6	-1.611583E-6	0.000000	0.000338	8.591024E-5	-3.930691E-5	0.016112	0.004091	-0.001872
0.113000	0.370139	0.000163	2.094243E-5	-9.581889E-6	0.000000	0.003976	0.000511	-0.000234	0.189326	0.024323	-0.011129
0.114000	0.390916	0.000463	-1.340410E-5	6.132839E-6	0.000000	0.011282	-0.000327	0.000150	0.537225	-0.015568	0.007123
0.115000	0.410086	0.000880	-7.819092E-5	3.577506E-5	0.000000	0.021462	-0.001907	0.000873	1.022005	-0.090814	0.041551
0.116000	0.427571	0.001232	5.170542E-5	-2.368730E-5	0.000000	0.030042	0.001261	-0.000578	1.430551	0.060053	-0.027511
0.117000	0.443300	0.001425	0.000460	-0.000217	0.000000	0.034744	0.011210	-0.005302	1.654494	0.533795	-0.252499
0.118000	0.457206	0.001618	0.000842	-0.000430	0.000000	0.039463	0.020543	-0.010477	1.879188	0.978260	-0.498912
0.119000	0.469234	0.001957	0.001024	-0.000601	0.000000	0.047733	0.024977	-0.014648	2.272998	1.189390	-0.697543
0.120000	0.479334	0.002475	0.001236	-0.000847	0.000000	0.060355	0.030155	-0.020667	2.874062	1.435932	-0.984127
0.121000	0.487464	0.003108	0.001628	-0.001234	0.000000	0.075796	0.039705	-0.030093	3.609349	1.890699	-1.432984
0.122000	0.493591	0.003615	0.002039	-0.001652	0.000000	0.088173	0.049742	-0.040301	4.198674	2.368678	-1.919110
0.123000	0.497690	0.003937	0.002391	-0.002034	0.000000	0.096029	0.058312	-0.049619	4.572814	2.776782	-2.362795
0.124000	0.499743	0.004468	0.002868	-0.002448	0.000000	0.108965	0.069955	-0.059715	5.188925	3.331214	-2.843603
0.125000	0.499743	0.005338	0.003516	-0.002893	0.000000	0.130184	0.085768	-0.070572	6.199152	4.084170	-3.360575
0.126000	0.497690	0.005973	0.003995	-0.003178	0.000000	0.145678	0.097434	-0.077512	6.936558	4.639570	-3.690986
0.127000	0.493591	0.006114	0.004159	-0.003289	0.000000	0.149130	0.101428	-0.080230	7.101710	4.830002	-3.820487
0.128000	0.487464	0.006389	0.004400	-0.003658	0.000000	0.155820	0.107319	-0.089212	7.421779	5.110885	-4.248420
0.129000	0.479334	0.007166	0.004966	-0.004466	0.000000	0.174786	0.121121	-0.108930	8.322061	5.767372	-5.187003
0.130000	0.469234	0.008020	0.005640	-0.005244	0.000000	0.195601	0.137552	-0.127911	9.307644	6.548346	-6.090208
0.131000	0.457206	0.008720	0.006329	-0.005763	0.000000	0.212694	0.154365	-0.140570	10.132431	7.351782	-6.694278
0.132000	0.443300	0.009683	0.007333	-0.006487	0.000000	0.236173	0.178863	-0.158216	11.271414	8.523811	-7.537098
0.133000	0.427571	0.011087	0.008741	-0.007663	0.000000	0.270421	0.213184	-0.186895	12.861056	10.147526	-8.897904
0.134000	0.410086	0.012444	0.010086	-0.008896	0.000000	0.303518	0.246006	-0.216979	14.263932	11.690254	-10.321216
0.135000	0.390916	0.013448	0.011089	-0.009904	0.000000	0.327992	0.270455	-0.241563	15.081423	12.894393	-11.510121
0.136000	0.370139	0.014348	0.011993	-0.010807	0.000000	0.349962	0.292511	-0.263589	15.642850	14.019892	-12.593414
0.137000	0.347841	0.015335	0.012981	-0.011752	0.000000	0.374025	0.316599	-0.286623	16.380168	15.016072	-13.621191
0.138000	0.324114	0.016322	0.013965	-0.012831	0.000000	0.398090	0.340599	-0.312942	17.302184	15.685207	-14.649518
0.139000	0.299055	0.017273	0.014913	-0.014037	0.000000	0.421298	0.363731	-0.342360	18.182618	16.342261	-15.803940
0.140000	0.272767	0.018327	0.015974	-0.015169	0.000000	0.447002	0.389610	-0.369972	19.012809	17.363474	-16.920168
0.141000	0.245359	0.019526	0.017184	-0.016139	0.000000	0.476243	0.419129	-0.393629	19.804180	18.522576	-17.760122
0.142000	0.216942	0.020677	0.018309	-0.017136	0.000000	0.504323	0.446568	-0.417950	20.406028	19.374460	-18.469380
0.143000	0.187634	0.021670	0.019259	-0.018291	0.000000	0.528528	0.469743	-0.446126	20.969299	20.000041	-19.324974
0.144000	0.157554	0.022613	0.020302	-0.019549	0.000000	0.551534	0.495167	-0.476811	21.690711	20.802620	-20.342492
0.145000	0.126827	0.023592	0.021531	-0.020791	0.000000	0.575412	0.525151	-0.507107	22.211763	21.675996	-21.304377
0.146000	0.095579	0.024591	0.022615	-0.021819	0.000000	0.599778	0.551583	-0.532159	22.361640	22.181654	-21.980314
0.147000	0.063939	0.025677	0.023489	-0.022681	0.000000	0.626274	0.572896	-0.553208	22.885550	22.641045	-22.652189
0.148000	0.032035	0.027099	0.024715	-0.023940	0.000000	0.660978	0.602804	-0.583914	24.373706	23.875005	-23.984988
0.149000	6.123234E-17	0.028800	0.026418	-0.025674	0.000000	0.702421	0.644341	-0.626202	26.028649	25.572483	-25.570957
0.150000	0.000000	0.030089	0.027729	-0.026909	0.000000	0.733738	0.676275	-0.656292	26.616748	26.435940	-26.064884
0.151000	0.000000	0.030674	0.028274	-0.027248	0.000000	0.748225	0.689643	-0.664597	26.315392	26.290049	-25.556475
0.152000	0.000000	0.031184	0.028874	-0.027658	0.000000	0.761118	0.704375	-0.674658	26.115439	26.190963	-25.432769
0.153000	0.000000	0.031992	0.029931	-0.028669	0.000000	0.779962	0.729938	-0.699200	25.894720	26.241657	-25.761108
0.154000	0.000000	0.032769	0.030792	-0.029669	0.000000	0.795265	0.750525	-0.723400	24.992597	25.587682	-25.547865
0.155000	0.000000	0.033336	0.031148	-0.030273	0.000000	0.801790	0.760024	-0.738514	23.727226	24.477050	-24.835006
0.156000	0.000000	0.033955	0.031567	-0.030769	0.000000	0.806708	0.771840	-0.751340	22.796003	23.875471	-24.275114
0.157000	0.000000	0.034853	0.032462	-0.031460	0.000000	0.820040	0.790484	-0.766735	22.384688	23.713036	-23.959307
0.158000	0.000000	0.036099	0.033748	-0.032527	0.000000	0.845724	0.811913	-0.788050	22.461863	23.586376	-23.877468
0.159000	0.000000	0.037557	0.035196	-0.033937	0.000000	0.876572	0.837905	-0.817267	22.784868	23.681239	-24.015444
0.160000	0.000000	0.038749	0.036405	-0.035275	0.000000	0.897361	0.862942	-0.845724	22.669675	23.771937	-23.969707
0.161000	0.000000	0.039505	0.037204	-0.036293	0.000000	0.903193	0.877264	-0.864539	21.723372	23.221635	-23.550812
0.162000	0.000000	0.040304	0.037893	-0.037133	0.000000	0.907235	0.884523	-0.875586	20.523424	22.161620	-22.950325
0.163000	0.000000	0.041348	0.038676	-0.037923	0.000000	0.920319	0.893581	-0.884649	19.809352	21.286314	-22.223757
0.164000	0.000000	0.042210	0.039491	-0.038695	0.000000	0.933484	0.904874	-0.894159	19.283632	20.720496	-21.334928
0.165000	0.000000	0.042743	0.040280	-0.039472	0.000000	0.933555	0.912496	-0.903028	18.191494	19.872807	-20.296070
0.166000	0.000000	0.043433	0.041054	-0.040285	0.000000	0.929155	0.915548	-0.911987	16.844900	18.590326	-19.279998
0.167000	0.000000	0.044466	0.041832	-0.041105	0.000000	0.938851	0.922849	-0.925039	16.146329	17.679360	-18.708595
0.168000	0.000000	0.045372	0.042644	-0.041802	0.000000	0.957515	0.938667	-0.939320	15.773373	17.417668	-18.386274
0.169000	0.000000	0.045940	0.043464	-0.042364	0.000000	0.964658	0.952768	-0.944049	14.460945	16.664958	-17.149279
0.170000	0.000000	0.046532	0.044160	-0.043008	0.000000	0.960146	0.955940	-0.940048	12.272623	14.838064	-14.945034
0.171000	0.000000	0.047336	0.044721	-0.043814	0.000000	0.958942	0.953203	-0.940723	10.723993	13.187014	-13.544340
0.172000	0.000000	0.048114	0.045368	-0.044576	0.000000	0.960817	0.952164	-0.946649	10.123438	12.500986	-13.431039
0.173000	0.000000	0.048718	0.046176	-0.045177	0.000000	0.952064	0.947386	-0.943653	9.092625	11.571945	-12.809296
0.174000	0.000000	0.049235	0.046931	-0.045705	0.000000	0.930437	0.931476	-0.927873	7.165431	9.597041	-10.889203
0.175000	0.000000	0.049785	0.047522	-0.046266	0.000000	0.910756	0.913079	-0.911461	5.499546	7.740636	-8.955269
0.176000	0.000000	0.050498	0.048076	-0.046949	0.000000	0.903670	0.902132	-0.903529	4.851404	6.767053	-7.857838
0.177000	0.000000	0.051339	0.048670	-0.047751	0.000000	0.902216	0.894556	-0.901078	4.548014	5.843607	-7.130349
0.178000	0.000000	0.051991	0.049258	-0.048514	0.000000	0.894050	0.884828	-0.896652	3.524277	4.492535	-6.186563
0.179000	0.000000	0.052358	0.049833	-0.049131	0.000000	0.878937	0.874843	-0.885370	1.581567	2.996687	-4.634329
0.180000	0.000000	0.052771	0.050465	-0.049611	0.000000	0.865799	0.867120	-0.867676	-0.513033	1.391193	-2.400455
0.181000	0.000000	0.053379	0.051112	-0.050002	0.000000	0.854933	0.857035	-0.849584	-2.020370	-0.281251	-0.183813
0.182000	0.000000	0.053957	0.051533	-0.050386	0.000000	0.839778	0.837777	-0.835308	-3.019752	-1.880338	1.391952
0.183000	0.000000	0.054365	0.051694	-0.050794	0.000000	0.821656	0.814258	-0.820917	-4.075175	-3.345919	2.603292
0.184000	0.000000	0.054676	0.051945	-0.051151	0.000000	0.805029	0.797202	-0.801466	-5.490039	-4.589494	3.961065
0.185000	0.000000	0.055017	0.052497	-0.051493	0.000000	0.790359	0.785256	-0.779119	-6.815514	-5.696081	5.478103
0.186000	0.000000	0.055578	0.053271	-0.052041	0.000000	0.780155	0.774139	-0.762195	-7.304746	-6.588423	6.706346
0.187000	0.000000	0.056382	0.054105	-0.052845	0.000000	0.775374	0.768047	-0.756737	-7.322880	-7.023839	7.392860
0.188000	0.000000	0.057171	0.054755	-0.053637	0.000000	0.768145	0.762599	-0.755020	-8.128851	-7.630942	8.096180
0.189000	0.000000	0.057784	0.055146	-0.054250	0.000000	0.748432	0.742225	-0.739271	-9.956333	-9.354382	9.526133
0.190000	0.000000	0.058257	0.055487	-0.054723	0.000000	0.718471	0.708983	-0.708510	-11.723195	-11.608789	11.216149
0.191000	0.000000	0.058650	0.055890	-0.055116	0.000000	0.696606	0.686859	-0.687994	-12.549524	-12.813397	12.002582
0.192000	0.000000	0.059028	0.056269	-0.055493	0.000000	0.691576	0.682793	-0.688897	-12.731714	-12.876651	11.991721
0.193000	0.000000	0.059425	0.056625	-0.055886	0.000000	0.688786	0.676868	-0.688490	-12.953849	-13.109299	12.293300
0.194000	0.000000	0.059814	0.057131	-0.056284	0.000000	0.678571	0.663418	-0.673538	-13.023447	-13.522277	12.862617
0.195000	0.000000	0.060197	0.057774	-0.056677	0.000000	0.668971	0.658081	-0.658720	-12.450730	-13.018798	12.816791
0.196000	0.000000	0.060622	0.058227	-0.057071	0.000000	0.665504	0.660473	-0.653603	-11.678646	-12.028830	12.278951
0.197000	0.000000	0.061053	0.058398	-0.057466	0.000000	0.660939	0.654408	-0.651152	-11.558617	-11.796415	12.017950
0.198000	0.000000	0.061322	0.058604	-0.057853	0.000000	0.645583	0.637629	-0.643725	-12.220625	-12.234595	12.254882
0.199000	0.000000	0.061459	0.059002	-0.058237	0.000000	0.618524	0.615942	-0.627066	-13.120313	-12.804063	12.837458
0.200000	0.000000	0.061821	0.059436	-0.058659	0.000000	0.591785	0.591214	-0.602958	-13.673904	-13.506119	13.448230
0.201000	0.000000	0.062466	0.059823	-0.059085	0.000000	0.578468	0.571175	-0.580715	-13.682418	-14.092617	13.664815
0.202000	0.000000	0.062949	0.060223	-0.059370	0.000000	0.571784	0.561442	-0.562834	-13.483316	-14.075851	13.654754
0.203000	0.000000	0.063115	0.060639	-0.059527	0.000000	0.556350	0.554772	-0.546192	-13.496570	-13.476463	13.767417
0.204000	0.000000	0.063323	0.060960	-0.059822	0.000000	0.535975	0.543517	-0.534112	-13.603861	-12.892442	13.657353
0.205000	0.000000	0.063733	0.061155	-0.060275	0.000000	0.524943	0.528405	-0.526345	-13.337422	-12.799848	13.101003
0.206000	0.000000	0.064131	0.061321	-0.060508	0.000000	0.521652	0.513185	-0.513063	-12.795562	-12.955740	12.669361
0.207000	0.000000	0.064360	0.061517	-0.060453	0.000000	0.510413	0.499099	-0.491904	-12.844884	-13.097145	12.870993
0.208000	0.000000	0.064391	0.061727	-0.060558	0.000000	0.485991	0.485242	-0.474469	-13.780163	-13.466893	13.441359
0.209000	0.000000	0.064338	0.061928	-0.060979	0.000000	0.462580	0.470354	-0.467736	-14.550727	-13.916467	13.680153
0.210000	0.000000	0.064502	0.062104	-0.061375	0.000000	0.452747	0.454654	-0.463686	-14.080227	-13.693835	13.123106
0.211000	0.000000	0.064932	0.062281	-0.061572	0.000000	0.448767	0.441990	-0.452770	-12.843042	-12.713962	12.178088
0.212000	0.000000	0.065281	0.062550	-0.061701	0.000000	0.437680	0.434863	-0.436278	-12.329837	-11.999790	11.986484
0.213000	0.000000	0.065443	0.062941	-0.061880	0.000000	0.422660	0.428624	-0.422047	-12.805506	-12.103304	12.707180
0.214000	0.000000	0.065702	0.063383	-0.062161	0.000000	0.414247	0.419677	-0.414263	-13.073298	-12.247191	13.058426
0.215000	0.000000	0.066131	0.063797	-0.062552	0.000000	0.412085	0.411355	-0.410882	-12.689812	-12.003015	12.507415
0.216000	0.000000	0.066453	0.064104	-0.062992	0.000000	0.406533	0.404433	-0.407951	-12.497051	-12.078484	11.941390
0.217000	0.000000	0.066611	0.064298	-0.063408	0.000000	0.392988	0.395644	-0.401433	-12.976949	-12.610891	12.008097
0.218000	0.000000	0.066894	0.064467	-0.063708	0.000000	0.379374	0.385311	-0.389198	-13.407850	-12.814102	12.474015
0.219000	0.000000	0.067340	0.064665	-0.063894	0.000000	0.374363	0.375760	-0.375119	-12.915237	-12.469970	12.790762
0.220000	0.000000	0.067593	0.064870	-0.064091	0.000000	0.371577	0.366761	-0.364876	-11.759351	-11.865783	12.485206
0.221000	0.000000	0.067562	0.065069	-0.064315	0.000000	0.360756	0.356191	-0.358622	-11.001408	-11.191581	11.635026
0.222000	0.000000	0.067575	0.065256	-0.064418	0.000000	0.346231	0.344964	-0.351609	-11.058887	-10.771942	10.909825
0.223000	0.000000	0.067778	0.065445	-0.064392	0.000000	0.337112	0.339320	-0.341594	-11.174856	-10.577274	10.535255
0.224000	0.000000	0.068023	0.065671	-0.064444	0.000000	0.333114	0.340898	-0.332939	-10.630303	-10.184457	10.154925
0.225000	0.000000	0.068219	0.065895	-0.064649	0.000000	0.330331	0.340254	-0.329206	-9.792552	-9.679171	9.757431
0.226000	0.000000	0.068396	0.065983	-0.064874	0.000000	0.326311	0.328917	-0.326370	-9.458661	-9.499396	9.522625
0.227000	0.000000	0.068586	0.065951	-0.065062	0.000000	0.317262	0.309262	-0.317587	-9.732835	-9.710631	9.308369
0.228000	0.000000	0.068815	0.066031	-0.065276	0.000000	0.303246	0.290877	-0.303193	-9.865105	-9.915346	8.986265
0.229000	0.000000	0.069039	0.066260	-0.065498	0.000000	0.289457	0.280603	-0.289282	-9.358727	-9.744711	8.818424
0.230000	0.000000	0.069124	0.066388	-0.065596	0.000000	0.276579	0.274212	-0.276730	-8.857190	-9.340071	9.095557
0.231000	0.000000	0.069091	0.066361	-0.065573	0.000000	0.264237	0.265219	-0.264616	-8.976687	-9.020715	9.479526
0.232000	0.000000	0.069175	0.066408	-0.065619	0.000000	0.256709	0.256528	-0.256155	-9.145620	-8.831539	9.362640
0.233000	0.000000	0.069406	0.066614	-0.065816	0.000000	0.253116	0.252322	-0.251780	-8.788741	-8.692445	8.785624
0.234000	0.000000	0.069526	0.066841	-0.066076	0.000000	0.246374	0.249152	-0.248527	-8.394576	-8.546255	8.262822
0.235000	0.000000	0.069491	0.067028	-0.066297	0.000000	0.236028	0.241388	-0.244219	-8.486599	-8.489968	8.097310
0.236000	0.000000	0.069566	0.067243	-0.066374	0.000000	0.228530	0.230968	-0.236532	-8.740705	-8.589859	8.302369
0.237000	0.000000	0.069798	0.067467	-0.066344	0.000000	0.223820	0.225363	-0.226189	-8.700614	-8.527152	8.655344
0.238000	0.000000	0.069919	0.067555	-0.066423	0.000000	0.216241	0.223347	-0.218446	-8.416539	-8.204654	8.713654
0.239000	0.000000	0.069884	0.067524	-0.066645	0.000000	0.208827	0.217549	-0.214453	-8.121281	-7.988694	8.321169
0.240000	0.000000	0.069960	0.067602	-0.066799	0.000000	0.207347	0.209766	-0.208825	-7.953123	-7.904482	7.918750
0.241000	0.000000	0.070191	0.067827	-0.066796	0.000000	0.204167	0.204654	-0.198475	-7.971922	-7.719387	7.923865
0.242000	0.000000	0.070313	0.067972	-0.066733	0.000000	0.191397	0.198758	-0.186543	-8.064708	-7.496824	8.194242
0.243000	0.000000	0.070280	0.067961	-0.066712	0.000000	0.178807	0.188717	-0.179078	-7.972568	-7.440336	8.215743
0.244000	0.000000	0.070349	0.067932	-0.066826	0.000000	0.176455	0.177872	-0.178041	-7.650308	-7.687986	7.788213
0.245000	0.000000	0.070575	0.067941	-0.067047	0.000000	0.176864	0.170250	-0.176223	-7.440465	-8.126098	7.462635
0.246000	0.000000	0.070723	0.067923	-0.067190	0.000000	0.170504	0.165057	-0.168655	-7.610838	-8.342723	7.645292
0.247000	0.000000	0.070713	0.067898	-0.067187	0.000000	0.160548	0.160419	-0.162897	-7.893473	-8.023720	7.784410
0.248000	0.000000	0.070675	0.068004	-0.067125	0.000000	0.154019	0.158212	-0.162739	-7.773470	-7.192867	7.373731
0.249000	0.000000	0.070676	0.068227	-0.067105	0.000000	0.153280	0.158542	-0.159677	-7.141237	-6.301653	6.834102
0.250000	0.000000	0.070693	0.068365	-0.067222	0.000000	0.154998	0.156982	-0.152278	-6.402813	-5.886724	6.523976
0.251000	0.000000	0.070699	0.068354	-0.067444	0.000000	0.151131	0.152441	-0.148036	-5.973731	-5.798635	6.128256
0.252000	0.000000	0.070668	0.068320	-0.067579	0.000000	0.139902	0.147296	-0.146510	-5.920692	-5.615390	5.624090
0.253000	0.000000	0.070645	0.068323	-0.067568	0.000000	0.130826	0.140797	-0.143095	-5.994413	-5.510957	5.383806
0.254000	0.000000	0.070755	0.068332	-0.067535	0.000000	0.129572	0.131486	-0.137930	-5.883070	-5.754083	5.421400
0.255000	0.000000	0.070978	0.068331	-0.067538	0.000000	0.128698	0.120693	-0.131132	-5.603639	-6.117115	5.590240
0.256000	0.000000	0.071114	0.068329	-0.067547	0.000000	0.121540	0.110545	-0.121831	-5.451824	-6.230605	5.828024
0.257000	0.000000	0.071103	0.068329	-0.067546	0.000000	0.113406	0.103047	-0.111071	-5.482135	-6.091442	5.974373
0.258000	0.000000	0.071069	0.068330	-0.067544	0.000000	0.108742	0.098349	-0.100879	-5.479906	-6.048274	5.967131
0.259000	0.000000	0.071072	0.068330	-0.067544	0.000000	0.101914	0.094202	-0.093545	-5.444132	-6.149768	5.947686
0.260000	0.000000	0.071081	0.068330	-0.067544	0.000000	0.091247	0.089389	-0.089031	-5.599053	-6.102848	5.972503
0.261000	0.000000	0.071080	0.068330	-0.067544	0.000000	0.085060	0.084373	-0.084234	-5.823208	-5.971098	5.932918
0.262000	0.000000	0.071078	0.068330	-0.067544	0.000000	0.085754	0.079535	-0.078761	-5.638722	-5.958054	5.700675
0.263000	0.000000	0.071078	0.068330	-0.067544	0.000000	0.085445	0.074967	-0.076255	-5.045312	-5.894807	5.251799
0.264000	0.000000	0.071079	0.068330	-0.067544	0.000000	0.080495	0.070351	-0.076890	-4.681564	-5.636504	4.866102
0.265000	0.000000	0.071079	0.068330	-0.067544	0.000000	0.074532	0.064852	-0.075615	-4.853477	-5.381926	4.877420
0.266000	0.000000	0.071078	0.068330	-0.067544	0.000000	0.069734	0.059377	-0.070622	-5.101436	-5.279649	5.028639
0.267000	0.000000	0.071078	0.068330	-0.067544	0.000000	0.065421	0.057237	-0.065121	-5.003923	-5.134323	4.930223
0.268000	0.000000	0.071079	0.068330	-0.067544	0.000000	0.060792	0.058024	-0.060531	-4.750264	-4.875974	4.874587
0.269000	0.000000	0.071079	0.068330	-0.067544	0.000000	0.055215	0.056067	-0.055331	-4.704957	-4.864037	5.114664
0.270000	0.000000	0.071079	0.068330	-0.067544	0.000000	0.049751	0.050480	-0.049912	-4.929935	-5.145833	5.226883
0.271000	0.000000	0.071078	0.068330	-0.067544	0.000000	0.047670	0.047346	-0.047510	-5.110872	-5.220760	4.988950
0.272000	0.000000	0.071079	0.068330	-0.067544	0.000000	0.048474	0.048028	-0.048090	-4.888420	-4.972059	4.759355
0.273000	0.000000	0.071079	0.068330	-0.067544	0.000000	0.046434	0.046878	-0.046963	-4.450857	-4.781802	4.740328
0.274000	0.000000	0.071078	0.068330	-0.067544	0.000000	0.040783	0.041841	-0.042157	-4.287741	-4.712208	4.806573
0.275000	0.000000	0.071078	0.068330	-0.067544	0.000000	0.037851	0.036318	-0.035809	-4.367667	-4.531840	4.862939
0.276000	0.000000	0.071080	0.068330	-0.067544	0.000000	0.038759	0.031746	-0.030424	-4.282794	-4.235547	4.795611
0.277000	0.000000	0.071082	0.068330	-0.067544	0.000000	0.036954	0.026492	-0.028534	-4.027881	-4.002561	4.442720
0.278000	0.000000	0.071073	0.068330	-0.067544	0.000000	0.031090	0.021044	-0.029264	-3.919792	-3.904946	3.895572
0.279000	0.000000	0.071067	0.068330	-0.067544	0.000000	0.027998	0.018890	-0.027354	-3.844985	-3.783784	3.501188
0.280000	0.000000	0.071100	0.068330	-0.067544	0.000000	0.029645	0.019652	-0.021930	-3.441357	-3.549979	3.410231
0.281000	0.000000	0.071121	0.068330	-0.067544	0.000000	0.028311	0.017745	-0.018178	-2.996946	-3.411636	3.373950
0.282000	0.000000	0.070994	0.068330	-0.067544	0.000000	0.019576	0.012263	-0.018243	-3.118296	-3.433828	3.142435
0.283000	0.000000	0.070765	0.068330	-0.067544	0.000000	0.011016	0.008730	-0.019789	-3.558937	-3.371650	2.808204
0.284000	0.000000	0.070670	0.068329	-0.067544	0.000000	0.009520	0.008988	-0.020305	-3.615462	-3.141866	2.664276
0.285000	0.000000	0.070706	0.068329	-0.067544	0.000000	0.008691	0.009686	-0.017514	-3.419233	-2.888797	2.827444
0.286000	0.000000	0.070610	0.068331	-0.067544	0.000000	0.000863	0.009524	-0.012125	-3.508065	-2.634661	3.023367
0.287000	0.000000	0.070377	0.068333	-0.067543	0.000000	-0.008452	0.010001	-0.008623	-3.723109	-2.351242	2.952353
0.288000	0.000000	0.070275	0.068324	-0.067546	0.000000	-0.010702	0.010379	-0.008755	-3.624917	-2.231287	2.684098
0.289000	0.000000	0.070311	0.068319	-0.067547	0.000000	-0.008858	0.007679	-0.010291	-3.316677	-2.397383	2.392396
0.290000	0.000000	0.070217	0.068351	-0.067538	0.000000	-0.011199	0.003040	-0.010582	-3.162584	-2.525095	2.130894
0.291000	0.000000	0.069983	0.068371	-0.067533	0.000000	-0.017317	0.000154	-0.007587	-3.193712	-2.396471	2.015489
0.292000	0.000000	0.069882	0.068242	-0.067566	0.000000	-0.019920	-0.002740	-0.002972	-3.218555	-2.385058	2.120872
0.293000	0.000000	0.069919	0.068014	-0.067585	0.000000	-0.018269	-0.007476	-0.000168	-3.178221	-2.643028	2.282006
0.294000	0.000000	0.069823	0.067919	-0.067456	0.000000	-0.020056	-0.009843	0.002739	-3.166200	-2.700997	2.366736
0.295000	0.000000	0.069589	0.067953	-0.067228	0.000000	-0.028442	-0.009238	0.007495	-3.296443	-2.432347	2.364363
0.296000	0.000000	0.069489	0.067865	-0.067134	0.000000	-0.036334	-0.011384	0.009851	-3.532620	-2.271491	2.174244
0.297000	0.000000	0.069525	0.067637	-0.067168	0.000000	-0.038748	-0.016866	0.009242	-3.690796	-2.314887	1.888898
0.298000	0.000000	0.069431	0.067499	-0.067079	0.000000	-0.040786	-0.020237	0.011385	-3.701909	-2.225155	1.900872
0.299000	0.000000	0.069199	0.067514	-0.066852	0.000000	-0.045620	-0.019889	0.016860	-3.652831	-1.949184	2.196359
0.300000	0.000000	0.069089	0.067570	-0.066712	0.000000	-0.048366	-0.018526	0.020291	-3.636382	-1.781687	2.268828
0.301000	0.000000	0.069120	0.067577	-0.066725	0.000000	-0.047836	-0.018348	0.019976	-3.689590	-1.809525	1.995513
0.302000	0.000000	0.069063	0.067479	-0.066793	0.000000	-0.049204	-0.020756	0.018333	-3.691211	-1.833357	1.738595
0.303000	0.000000	0.068852	0.067274	-0.066806	0.000000	-0.054295	-0.025740	0.018013	-3.517672	-1.809646	1.726454
0.304000	0.000000	0.068591	0.067022	-0.066663	0.000000	-0.060670	-0.031905	0.021481	-3.413605	-1.935004	1.965239
0.305000	0.000000	0.068383	0.066811	-0.066436	0.000000	-0.065751	-0.037051	0.027019	-3.584331	-2.192316	2.253544
0.306000	0.000000	0.068318	0.066754	-0.066352	0.000000	-0.067340	-0.038440	0.029089	-3.620494	-2.291692	2.219168
0.307000	0.000000	0.068342	0.066784	-0.066387	0.000000	-0.066740	-0.037692	0.028234	-3.219177	-2.248349	1.921855
0.308000	0.000000	0.068272	0.066673	-0.066283	0.000000	-0.068447	-0.040412	0.030773	-2.856912	-2.400646	1.875987
0.309000	0.000000	0.068062	0.066441	-0.066050	0.000000	-0.073580	-0.046064	0.036453	-2.994184	-2.687768	2.152761
0.310000	0.000000	0.067804	0.066348	-0.065955	0.000000	-0.079873	-0.048324	0.038763	-3.381692	-2.666802	2.335877
0.311000	0.000000	0.067597	0.066384	-0.065991	0.000000	-0.084924	-0.047448	0.037879	-3.510724	-2.404185	2.307638
0.312000	0.000000	0.067532	0.066284	-0.065891	0.000000	-0.086496	-0.049897	0.040314	-3.294258	-2.383391	2.280980
0.313000	0.000000	0.067557	0.066052	-0.065659	0.000000	-0.085903	-0.055552	0.045970	-3.142080	-2.514849	2.330567
0.314000	0.000000	0.067485	0.065947	-0.065555	0.000000	-0.087641	-0.058101	0.048528	-3.303457	-2.410719	2.318842
0.315000	0.000000	0.067274	0.065979	-0.065586	0.000000	-0.092780	-0.057338	0.047767	-3.463052	-2.261652	2.144187
0.316000	0.000000	0.067015	0.065918	-0.065526	0.000000	-0.099083	-0.058827	0.049235	-3.363879	-2.361387	1.987611
0.317000	0.000000	0.066809	0.065704	-0.065312	0.000000	-0.104176	-0.064036	0.054434	-3.230547	-2.507251	2.123030
0.318000	0.000000	0.066749	0.065443	-0.065048	0.000000	-0.105675	-0.070400	0.060875	-3.187022	-2.549220	2.458711
0.319000	0.000000	0.066775	0.065238	-0.064842	0.000000	-0.104836	-0.075406	0.065916	-3.050021	-2.627129	2.596734
0.320000	0.000000	0.066691	0.065176	-0.064792	0.000000	-0.106742	-0.076913	0.067134	-2.910602	-2.715404	2.393981
0.321000	0.000000	0.066474	0.065200	-0.064821	0.000000	-0.112828	-0.076321	0.066417	-3.069601	-2.752160	2.196464
0.322000	0.000000	0.066256	0.065128	-0.064704	0.000000	-0.118641	-0.078099	0.069277	-3.371672	-2.845293	2.347674
0.323000	0.000000	0.066069	0.064915	-0.064473	0.000000	-0.120131	-0.083281	0.074916	-3.377437	-2.977381	2.694445
0.324000	0.000000	0.065847	0.064654	-0.064385	0.000000	-0.119950	-0.089649	0.077042	-3.126419	-3.043261	2.810936
0.325000	0.000000	0.065635	0.064448	-0.064421	0.000000	-0.122802	-0.094658	0.076174	-2.958683	-2.988241	2.604398
0.326000	0.000000	0.065567	0.064399	-0.064315	0.000000	-0.125321	-0.095858	0.078770	-2.836673	-2.800349	2.464318
0.327000	0.000000	0.065595	0.064428	-0.064083	0.000000	-0.122319	-0.095210	0.084415	-2.618086	-2.703363	2.634598
0.328000	0.000000	0.065511	0.064311	-0.063986	0.000000	-0.118670	-0.098097	0.086764	-2.472885	-2.876426	2.787140
0.329000	0.000000	0.065293	0.064080	-0.064019	0.000000	-0.121509	-0.103498	0.086019	-2.526766	-3.004070	2.630748
0.330000	0.000000	0.065075	0.063987	-0.063943	0.000000	-0.127707	-0.105645	0.087911	-2.577493	-2.837219	2.450379
0.331000	0.000000	0.064888	0.064020	-0.063723	0.000000	-0.129970	-0.105656	0.093067	-2.385550	-2.730094	2.585933
0.332000	0.000000	0.064666	0.063942	-0.063503	0.000000	-0.129688	-0.108023	0.098294	-2.131635	-2.884549	2.876915
0.333000	0.000000	0.064455	0.063722	-0.063316	0.000000	-0.132357	-0.110253	0.103666	-2.183852	-2.874073	3.016760
0.334000	0.000000	0.064389	0.063503	-0.063095	0.000000	-0.134870	-0.110028	0.109524	-2.331747	-2.594102	3.026377
0.335000	0.000000	0.064416	0.063315	-0.062885	0.000000	-0.131873	-0.112298	0.111497	-2.106271	-2.580814	2.998544
0.336000	0.000000	0.064333	0.063094	-0.062817	0.000000	-0.128201	-0.118518	0.107588	-1.686721	-2.913362	2.848629
0.337000	0.000000	0.064115	0.062884	-0.062843	0.000000	-0.131071	-0.121477	0.104663	-1.523210	-2.983335	2.639445
0.338000	0.000000	0.063887	0.062817	-0.062768	0.000000	-0.137523	-0.117581	0.107322	-1.587961	-2.549769	2.518476
0.339000	0.000000	0.063695	0.062843	-0.062552	0.000000	-0.139889	-0.113579	0.110422	-1.629216	-2.056144	2.359343
0.340000	0.000000	0.063515	0.062767	-0.062293	0.000000	-0.138622	-0.115785	0.111196	-1.608870	-1.922769	2.156166
0.341000	0.000000	0.063320	0.062551	-0.062091	0.000000	-0.140711	-0.122413	0.112693	-1.617585	-2.166678	2.169486
0.342000	0.000000	0.063087	0.062292	-0.062035	0.000000	-0.147130	-0.128913	0.114400	-1.633423	-2.504380	2.284902
0.343000	0.000000	0.062880	0.062090	-0.062059	0.000000	-0.150797	-0.131427	0.115456	-1.531240	-2.539412	2.199009
0.344000	0.000000	0.062819	0.062037	-0.061980	0.000000	-0.147130	-0.127732	0.117706	-1.285673	-2.116729	2.037616
0.345000	0.000000	0.062846	0.062062	-0.061764	0.000000	-0.140123	-0.120959	0.119506	-0.960585	-1.490975	2.022078
0.346000	0.000000	0.062759	0.061971	-0.061505	0.000000	-0.137165	-0.118041	0.120278	-0.683975	-1.113485	2.100195
0.347000	0.000000	0.062540	0.061751	-0.061304	0.000000	-0.140924	-0.122015	0.123115	-0.743025	-1.245558	2.111679
0.348000	0.000000	0.062313	0.061536	-0.061252	0.000000	-0.147063	-0.128018	0.125235	-1.178286	-1.562277	1.943791
0.349000	0.000000	0.062121	0.061348	-0.061277	0.000000	-0.150021	-0.129881	0.122091	-1.492862	-1.513546	1.682212
0.350000	0.000000	0.061941	0.061125	-0.061184	0.000000	-0.149285	-0.129663	0.118671	-1.322675	-1.245963	1.554881
0.351000	0.000000	0.061745	0.060917	-0.060964	0.000000	-0.147766	-0.132476	0.121736	-0.955207	-1.277644	1.610691
0.352000	0.000000	0.061513	0.060854	-0.060749	0.000000	-0.148374	-0.134897	0.127847	-0.876380	-1.392436	1.656193
0.353000	0.000000	0.061308	0.060879	-0.060562	0.000000	-0.151814	-0.131816	0.129991	-1.053604	-1.133008	1.509395
0.354000	0.000000	0.061247	0.060800	-0.060336	0.000000	-0.153902	-0.128101	0.129851	-1.025951	-0.849931	1.246918
0.355000	0.000000	0.061272	0.060582	-0.060127	0.000000	-0.151556	-0.130872	0.132373	-0.794580	-0.992550	1.088049
0.356000	0.000000	0.061194	0.060323	-0.060077	0.000000	-0.148295	-0.137951	0.134367	-0.782012	-1.221574	1.089024
0.357000	0.000000	0.060977	0.060124	-0.060106	0.000000	-0.147285	-0.141319	0.132195	-0.908746	-1.085751	1.171795
0.358000	0.000000	0.060706	0.060074	-0.059981	0.000000	-0.148847	-0.137330	0.130030	-0.846499	-0.754867	1.207946
0.359000	0.000000	0.060504	0.060098	-0.059752	0.000000	-0.152307	-0.130377	0.129190	-0.704005	-0.609339	1.041322
0.360000	0.000000	0.060499	0.060005	-0.059667	0.000000	-0.153066	-0.127622	0.126210	-0.627482	-0.668731	0.751814
0.361000	0.000000	0.060534	0.059785	-0.059699	0.000000	-0.150175	-0.131494	0.124202	-0.550121	-0.748047	0.619371
0.362000	0.000000	0.060265	0.059559	-0.059616	0.000000	-0.151440	-0.137596	0.126957	-0.510904	-0.723005	0.679242
0.363000	0.000000	0.059813	0.059368	-0.059393	0.000000	-0.157150	-0.140471	0.129535	-0.477135	-0.550352	0.720719
0.364000	0.000000	0.059627	0.059188	-0.059165	0.000000	-0.157113	-0.139687	0.129464	-0.300736	-0.393329	0.667055
0.365000	0.000000	0.059684	0.058992	-0.058975	0.000000	-0.150308	-0.138111	0.131974	-0.151363	-0.494215	0.679415
0.366000	0.000000	0.059623	0.058758	-0.058795	0.000000	-0.146630	-0.138786	0.137224	-0.309899	-0.848911	0.843739
0.367000	0.000000	0.059393	0.058554	-0.058598	0.000000	-0.150608	-0.142543	0.139426	-0.640127	-1.166764	0.911840
0.368000	0.000000	0.059169	0.058501	-0.058364	0.000000	-0.156724	-0.144548	0.139472	-0.752354	-1.073026	0.778913
0.369000	0.000000	0.058983	0.058527	-0.058161	0.000000	-0.159216	-0.141074	0.142072	-0.578704	-0.621727	0.801744
0.370000	0.000000	0.058761	0.058430	-0.058108	0.000000	-0.159306	-0.137814	0.144160	-0.442172	-0.377772	1.050923
0.371000	0.000000	0.058555	0.058207	-0.058134	0.000000	-0.159025	-0.140967	0.141682	-0.463788	-0.538298	1.095744
0.372000	0.000000	0.058499	0.057994	-0.058037	0.000000	-0.155818	-0.146973	0.138680	-0.383417	-0.690358	0.806844
0.373000	0.000000	0.058525	0.057806	-0.057814	0.000000	-0.149772	-0.149670	0.138760	-0.066568	-0.703474	0.519630
0.374000	0.000000	0.058432	0.057580	-0.057600	0.000000	-0.146917	-0.149787	0.139409	0.233184	-0.855760	0.448463
0.375000	0.000000	0.058209	0.057376	-0.057412	0.000000	-0.150732	-0.149434	0.138609	0.150954	-1.015842	0.417069
0.376000	0.000000	0.057983	0.057322	-0.057188	0.000000	-0.156897	-0.146170	0.138951	-0.254324	-0.728510	0.313262
0.377000	0.000000	0.057793	0.057348	-0.056983	0.000000	-0.159512	-0.140149	0.142274	-0.534138	-0.104651	0.376545
0.378000	0.000000	0.057613	0.057250	-0.056927	0.000000	-0.158579	-0.137422	0.144283	-0.537841	0.185562	0.575586
0.379000	0.000000	0.057416	0.057026	-0.056952	0.000000	-0.157822	-0.141229	0.141834	-0.427361	-0.185669	0.562102
0.380000	0.000000	0.057182	0.056813	-0.056866	0.000000	-0.158865	-0.147069	0.138688	-0.312287	-0.794833	0.452286
0.381000	0.000000	0.056980	0.056625	-0.056644	0.000000	-0.159387	-0.149815	0.137794	-0.301023	-1.056813	0.551656
0.382000	0.000000	0.056931	0.056399	-0.056385	0.000000	-0.155832	-0.150051	0.139181	-0.269374	-0.883673	0.713257
0.383000	0.000000	0.056956	0.056196	-0.056191	0.000000	-0.149557	-0.148687	0.142544	0.089686	-0.528117	0.742268
0.384000	0.000000	0.056855	0.056144	-0.056148	0.000000	-0.146957	-0.145017	0.144165	0.485396	-0.216471	0.696670
0.385000	0.000000	0.056631	0.056170	-0.056171	0.000000	-0.150935	-0.143109	0.141672	0.294157	-0.162949	0.581310
0.386000	0.000000	0.056418	0.056069	-0.056068	0.000000	-0.156761	-0.146169	0.138916	-0.307265	-0.383755	0.330558
0.387000	0.000000	0.056230	0.055845	-0.055845	0.000000	-0.159245	-0.149410	0.138060	-0.600713	-0.505921	0.039811
0.388000	0.000000	0.056004	0.055632	-0.055633	0.000000	-0.159408	-0.149241	0.138325	-0.419062	-0.318939	-0.052443
0.389000	0.000000	0.055802	0.055444	-0.055444	0.000000	-0.158804	-0.148579	0.141656	-0.099048	-0.191926	0.103981
0.390000	0.000000	0.055752	0.055219	-0.055218	0.000000	-0.155350	-0.149489	0.147780	0.184098	-0.400683	0.271836
0.391000	0.000000	0.055777	0.055016	-0.055016	0.000000	-0.150343	-0.148985	0.150450	0.426825	-0.531921	0.299502
0.392000	0.000000	0.055675	0.054964	-0.054967	0.000000	-0.148064	-0.145187	0.146270	0.521935	-0.200952	0.218491
0.393000	0.000000	0.055450	0.054989	-0.054992	0.000000	-0.147886	-0.143040	0.140434	0.377706	0.187279	0.083556
0.394000	0.000000	0.055238	0.054898	-0.054888	0.000000	-0.148054	-0.145887	0.138372	0.081804	0.180128	-0.018466
0.395000	0.000000	0.055049	0.054674	-0.054664	0.000000	-0.151159	-0.149411	0.138342	-0.201965	0.017930	-0.050793
0.396000	0.000000	0.054824	0.054417	-0.054452	0.000000	-0.157271	-0.150371	0.138417	-0.311386	-0.044597	-0.009143
0.397000	0.000000	0.054622	0.054225	-0.054264	0.000000	-0.160285	-0.148727	0.141780	-0.161334	-0.121723	0.134683
0.398000	0.000000	0.054572	0.054183	-0.054035	0.000000	-0.156220	-0.144900	0.148069	0.156793	-0.226234	0.275956
0.399000	0.000000	0.054596	0.054205	-0.053834	0.000000	-0.149025	-0.143148	0.149939	0.454942	-0.272671	0.269336
0.400000	0.000000	0.054504	0.054110	-0.053796	0.000000	-0.146355	-0.146043	0.145258	0.546055	-0.229244	0.163043
0.401000	0.000000	0.054279	0.053886	-0.053821	0.000000	-0.151707	-0.149258	0.142589	0.340845	-0.104234	0.185770
0.402000	0.000000	0.054021	0.053628	-0.053681	0.000000	-0.158850	-0.150163	0.146781	0.025582	-0.016543	0.427953
0.403000	0.000000	0.053830	0.053438	-0.053454	0.000000	-0.156934	-0.149300	0.150280	-0.052499	0.035744	0.528534
0.404000	0.000000	0.053793	0.053400	-0.053386	0.000000	-0.146837	-0.145563	0.146514	0.129530	0.148760	0.189006
0.405000	0.000000	0.053815	0.053422	-0.053417	0.000000	-0.141771	-0.140641	0.140177	0.246942	0.208354	-0.189906
0.406000	0.000000	0.053706	0.053313	-0.053317	0.000000	-0.145823	-0.138507	0.137995	0.243418	0.219102	-0.175092
0.407000	0.000000	0.053480	0.053088	-0.053089	0.000000	-0.149827	-0.138300	0.139175	0.330178	0.374723	0.012339
0.408000	0.000000	0.053271	0.052878	-0.052877	0.000000	-0.149315	-0.138450	0.139550	0.472867	0.521912	0.070920
0.409000	0.000000	0.053082	0.052689	-0.052689	0.000000	-0.148474	-0.141757	0.138432	0.520667	0.356386	0.005100
0.410000	0.000000	0.052852	0.052459	-0.052459	0.000000	-0.149554	-0.147989	0.139069	0.440478	0.028104	-0.123195
0.411000	0.000000	0.052653	0.052260	-0.052260	0.000000	-0.148985	-0.150484	0.142638	0.303113	-0.047378	-0.244885
0.412000	0.000000	0.052619	0.052226	-0.052226	0.000000	-0.144800	-0.145890	0.144099	0.263935	0.147354	-0.302434
0.413000	0.000000	0.052642	0.052250	-0.052250	0.000000	-0.142855	-0.140099	0.141153	0.248027	0.242278	-0.243677
0.414000	0.000000	0.052499	0.052106	-0.052106	0.000000	-0.146989	-0.139012	0.139217	0.042747	0.191820	-0.057946
0.415000	0.000000	0.052273	0.051880	-0.051880	0.000000	-0.150215	-0.139033	0.139513	-0.102904	0.326384	0.054332
0.416000	0.000000	0.052208	0.051816	-0.051816	0.000000	-0.146359	-0.135614	0.136497	0.228567	0.657008	-0.087858
0.417000	0.000000	0.052239	0.051846	-0.051846	0.000000	-0.140098	-0.133556	0.130271	0.817785	0.800708	-0.387909
0.418000	0.000000	0.052135	0.051742	-0.051742	0.000000	-0.138002	-0.136730	0.127835	1.061103	0.571271	-0.664042
0.419000	0.000000	0.051906	0.051513	-0.051513	0.000000	-0.139193	-0.139915	0.132046	0.810801	0.237392	-0.763012
0.420000	0.000000	0.051694	0.051302	-0.051302	0.000000	-0.139552	-0.139608	0.137806	0.451097	0.168599	-0.577747
0.421000	0.000000	0.051506	0.051114	-0.051114	0.000000	-0.138432	-0.139001	0.140288	0.377291	0.335311	-0.236659
0.422000	0.000000	0.051279	0.050884	-0.050884	0.000000	-0.139050	-0.140023	0.140485	0.602720	0.439741	-0.100184
0.423000	0.000000	0.051082	0.050687	-0.050687	0.000000	-0.142650	-0.139323	0.138977	0.771448	0.516195	-0.371632
0.424000	0.000000	0.051038	0.050656	-0.050656	0.000000	-0.144325	-0.135126	0.135003	0.600416	0.674972	-0.727478
0.425000	0.000000	0.051061	0.050678	-0.050678	0.000000	-0.141307	-0.133332	0.133424	0.263305	0.582432	-0.623291
0.426000	0.000000	0.050962	0.050531	-0.050531	0.000000	-0.138280	-0.137522	0.137554	0.166215	0.148546	-0.124885
0.427000	0.000000	0.050733	0.050307	-0.050307	0.000000	-0.138663	-0.140555	0.140529	0.340996	-0.097501	0.120674
0.428000	0.000000	0.050477	0.050242	-0.050242	0.000000	-0.140323	-0.136650	0.136641	0.452585	0.078565	-0.120662
0.429000	0.000000	0.050292	0.050273	-0.050273	0.000000	-0.139330	-0.130713	0.130724	0.475484	0.368450	-0.420259
0.430000	0.000000	0.050257	0.050179	-0.050179	0.000000	-0.135237	-0.128422	0.128427	0.630333	0.635025	-0.476408
0.431000	0.000000	0.050277	0.049948	-0.049948	0.000000	-0.133544	-0.128563	0.128543	0.762372	0.925039	-0.501196
0.432000	0.000000	0.050174	0.049686	-0.049686	0.000000	-0.136658	-0.130003	0.129989	0.586985	0.975263	-0.602329
0.433000	0.000000	0.049946	0.049503	-0.049503	0.000000	-0.139734	-0.133205	0.133272	0.241253	0.604053	-0.515571
0.434000	0.000000	0.049687	0.049482	-0.049483	0.000000	-0.140570	-0.134308	0.134358	0.108845	0.275801	-0.323558
0.435000	0.000000	0.049503	0.049500	-0.049501	0.000000	-0.139875	-0.131654	0.131406	0.338759	0.350402	-0.371958
0.436000	0.000000	0.049482	0.049348	-0.049346	0.000000	-0.135781	-0.129893	0.129706	0.687325	0.435265	-0.466990
0.437000	0.000000	0.049500	0.049125	-0.049123	0.000000	-0.129843	-0.129056	0.129983	0.786476	0.312256	-0.310185
0.438000	0.000000	0.049348	0.049065	-0.049075	0.000000	-0.128650	-0.125855	0.126545	0.545128	0.366676	-0.177433
0.439000	0.000000	0.049125	0.049095	-0.049104	0.000000	-0.132851	-0.124096	0.120271	0.245255	0.601595	-0.360167
0.440000	0.000000	0.049065	0.048997	-0.048958	0.000000	-0.134903	-0.127004	0.118920	0.204259	0.614774	-0.625073
0.441000	0.000000	0.049095	0.048765	-0.048732	0.000000	-0.131926	-0.130366	0.123503	0.363155	0.440096	-0.681120
0.442000	0.000000	0.048997	0.048504	-0.048671	0.000000	-0.128833	-0.131265	0.125599	0.457082	0.368411	-0.699483
0.443000	0.000000	0.048764	0.048323	-0.048702	0.000000	-0.128210	-0.129406	0.121454	0.516209	0.505597	-0.906257
0.444000	0.000000	0.048503	0.048306	-0.048604	0.000000	-0.129928	-0.125173	0.118310	0.605810	0.673782	-0.984171
0.445000	0.000000	0.048322	0.048322	-0.048371	0.000000	-0.133429	-0.123857	0.122324	0.518893	0.536599	-0.603760
0.446000	0.000000	0.048306	0.048163	-0.048110	0.000000	-0.134361	-0.128254	0.129455	0.330802	0.241765	-0.189015
0.447000	0.000000	0.048322	0.047942	-0.047929	0.000000	-0.131311	-0.131000	0.131401	0.331869	0.310533	-0.293003
0.448000	0.000000	0.048163	0.047899	-0.047913	0.000000	-0.129702	-0.126558	0.126236	0.426670	0.666505	-0.680605
0.449000	0.000000	0.047941	0.047926	-0.047929	0.000000	-0.129981	-0.120787	0.120680	0.492468	0.755424	-0.760028
0.450000	0.000000	0.047899	0.047773	-0.047769	0.000000	-0.126411	-0.119905	0.119991	0.615183	0.514681	-0.511090
0.451000	0.000000	0.047926	0.047549	-0.047548	0.000000	-0.120153	-0.119757	0.119786	0.718298	0.412587	-0.411518
0.452000	0.000000	0.047772	0.047505	-0.047506	0.000000	-0.119038	-0.115974	0.115950	0.690748	0.599462	-0.599707
0.453000	0.000000	0.047549	0.047532	-0.047533	0.000000	-0.123658	-0.114475	0.114466	0.619075	0.739434	-0.739158
0.454000	0.000000	0.047505	0.047379	-0.047379	0.000000	-0.125307	-0.118790	0.118801	0.686989	0.686427	-0.689054
0.455000	0.000000	0.047532	0.047155	-0.047155	0.000000	-0.121147	-0.120746	0.120752	0.924900	0.645798	-0.647936
0.456000	0.000000	0.047381	0.047112	-0.047113	0.000000	-0.119305	-0.116293	0.116272	0.979507	0.731454	-0.720660
0.457000	0.000000	0.047157	0.047139	-0.047140	0.000000	-0.123198	-0.114064	0.114050	0.599175	0.753734	-0.745540
0.458000	0.000000	0.047101	0.046988	-0.046985	0.000000	-0.125316	-0.118509	0.118581	0.215570	0.502255	-0.542957
0.459000	0.000000	0.047131	0.046764	-0.046762	0.000000	-0.122054	-0.121425	0.121478	0.314114	0.210966	-0.241311
0.460000	0.000000	0.047028	0.046709	-0.046720	0.000000	-0.118979	-0.117169	0.116899	0.660612	0.329889	-0.160575
0.461000	0.000000	0.046793	0.046739	-0.046747	0.000000	-0.119550	-0.111309	0.111115	0.731107	0.747392	-0.371628
0.462000	0.000000	0.046533	0.046632	-0.046590	0.000000	-0.121301	-0.109320	0.110329	0.505967	1.002183	-0.627325
0.463000	0.000000	0.046356	0.046397	-0.046368	0.000000	-0.120083	-0.109433	0.110147	0.416659	1.039599	-0.735805
0.464000	0.000000	0.046343	0.046150	-0.046328	0.000000	-0.115577	-0.110653	0.106317	0.601549	0.892988	-0.720822
0.465000	0.000000	0.046357	0.045971	-0.046354	0.000000	-0.114183	-0.114270	0.104926	0.749759	0.519195	-0.637334
0.466000	0.000000	0.046192	0.045909	-0.046196	0.000000	-0.118766	-0.116308	0.109311	0.698225	0.359478	-0.619669
0.467000	0.000000	0.045973	0.045935	-0.045974	0.000000	-0.121667	-0.112101	0.111156	0.604447	0.769199	-0.871375
0.468000	0.000000	0.045937	0.045978	-0.045936	0.000000	-0.116989	-0.105572	0.106608	0.681976	1.210886	-1.180610
0.469000	0.000000	0.045961	0.045964	-0.045961	0.000000	-0.110146	-0.104357	0.104431	0.931255	1.057231	-1.038332
0.470000	0.000000	0.045802	0.045829	-0.045802	0.000000	-0.109512	-0.108382	0.109050	0.974722	0.590672	-0.553796
0.471000	0.000000	0.045580	0.045605	-0.045580	0.000000	-0.114063	-0.111542	0.112153	0.588030	0.398197	-0.373262
0.472000	0.000000	0.045543	0.045366	-0.045543	0.000000	-0.115456	-0.111732	0.107424	0.223688	0.382147	-0.588630
0.473000	0.000000	0.045568	0.045185	-0.045568	0.000000	-0.112354	-0.109796	0.100451	0.318287	0.294193	-0.738051
0.474000	0.000000	0.045408	0.045120	-0.045408	0.000000	-0.110665	-0.106904	0.099880	0.618708	0.360518	-0.694601
0.475000	0.000000	0.045187	0.045148	-0.045187	0.000000	-0.109743	-0.105704	0.104790	0.741171	0.623166	-0.667212
0.476000	0.000000	0.045147	0.045205	-0.045151	0.000000	-0.106224	-0.104770	0.106100	0.710599	0.760744	-0.697675
0.477000	0.000000	0.045173	0.045185	-0.045175	0.000000	-0.105109	-0.101556	0.101730	0.676013	0.701797	-0.692504
0.478000	0.000000	0.045025	0.044999	-0.045013	0.000000	-0.109135	-0.100646	0.100234	0.669696	0.638985	-0.657886
0.479000	0.000000	0.044800	0.044790	-0.044793	0.000000	-0.110908	-0.104260	0.104452	0.686080	0.678507	-0.672827
0.480000	0.000000	0.044712	0.044762	-0.044758	0.000000	-0.107615	-0.105674	0.105989	0.687557	0.750069	-0.737576
0.481000	0.000000	0.044754	0.044782	-0.044782	0.000000	-0.105154	-0.102805	0.101865	0.658309	0.683967	-0.715922
0.482000	0.000000	0.044816	0.044618	-0.044620	0.000000	-0.104357	-0.101148	0.100307	0.723490	0.483840	-0.514684
0.483000	0.000000	0.044792	0.044399	-0.044400	0.000000	-0.102565	-0.100123	0.104187	0.892164	0.437956	-0.292462
0.484000	0.000000	0.044603	0.044366	-0.044363	0.000000	-0.101498	-0.096506	0.105833	0.884994	0.615571	-0.205438
0.485000	0.000000	0.044396	0.044389	-0.044387	0.000000	-0.100176	-0.095537	0.102853	0.733406	0.719809	-0.164917
0.486000	0.000000	0.044370	0.044225	-0.044237	0.000000	-0.096399	-0.099917	0.100825	0.846837	0.683492	-0.195244
0.487000	0.000000	0.044389	0.044006	-0.044013	0.000000	-0.095528	-0.101400	0.099931	1.106580	0.709928	-0.446675
0.488000	0.000000	0.044224	0.043970	-0.043928	0.000000	-0.099959	-0.096871	0.097594	1.033736	0.725250	-0.645812
0.489000	0.000000	0.044005	0.043994	-0.043970	0.000000	-0.101398	-0.095245	0.096182	0.742458	0.491760	-0.496487
0.490000	0.000000	0.043971	0.043843	-0.044028	0.000000	-0.096843	-0.099582	0.095149	0.633490	0.227365	-0.442029
0.491000	0.000000	0.043994	0.043619	-0.044003	0.000000	-0.095246	-0.101321	0.091857	0.679334	0.336242	-0.818735
0.492000	0.000000	0.043841	0.043534	-0.043827	0.000000	-0.099619	-0.097920	0.090769	0.687798	0.648684	-1.018286
0.493000	0.000000	0.043618	0.043577	-0.043616	0.000000	-0.101333	-0.095812	0.094894	0.672504	0.758080	-0.596699
0.494000	0.000000	0.043537	0.043639	-0.043538	0.000000	-0.097834	-0.094968	0.097422	0.691418	0.706108	-0.144225
0.495000	0.000000	0.043579	0.043611	-0.043578	0.000000	-0.095750	-0.091896	0.092702	0.710236	0.714644	-0.341777
0.496000	0.000000	0.043627	0.043420	-0.043638	0.000000	-0.095234	-0.091113	0.085792	0.690896	0.694813	-0.904668
0.497000	0.000000	0.043605	0.043215	-0.043611	0.000000	-0.092108	-0.095042	0.085416	0.672182	0.463245	-0.984971
0.498000	0.000000	0.043463	0.043193	-0.043419	0.000000	-0.090102	-0.096249	0.090737	0.714622	0.252685	-0.523490
0.499000	0.000000	0.043238	0.043210	-0.043215	0.000000	-0.094234	-0.092139	0.091944	0.709540	0.405060	-0.394761
0.500000	0.000000	0.043000	0.043041	-0.043193	0.000000	-0.100751	-0.090805	0.087042	0.483687	0.640705	-0.829016
0.501000	0.000000	0.042823	0.042824	-0.043210	0.000000	-0.102574	-0.094758	0.085627	0.240069	0.519781	-0.969588
0.502000	0.000000	0.042764	0.042793	-0.043040	0.000000	-0.098261	-0.096226	0.090407	0.328249	0.313319	-0.545627
0.503000	0.000000	0.042795	0.042815	-0.042824	0.000000	-0.091154	-0.093098	0.091868	0.628702	0.383349	-0.401879
0.504000	0.000000	0.042847	0.042659	-0.042793	0.000000	-0.085587	-0.091171	0.087179	0.808503	0.426254	-0.809933
0.505000	0.000000	0.042822	0.042436	-0.042815	0.000000	-0.085890	-0.090580	0.085694	0.743227	0.282187	-0.959005
0.506000	0.000000	0.042644	0.042357	-0.042659	0.000000	-0.090550	-0.088132	0.090125	0.458374	0.352630	-0.606112
0.507000	0.000000	0.042434	0.042401	-0.042436	0.000000	-0.091657	-0.085567	0.091711	0.225815	0.683307	-0.434026
0.508000	0.000000	0.042360	0.042458	-0.042356	0.000000	-0.088125	-0.084811	0.088239	0.352496	0.789917	-0.556763
0.509000	0.000000	0.042401	0.042429	-0.042401	0.000000	-0.086228	-0.086560	0.086214	0.653833	0.491013	-0.541915
0.510000	0.000000	0.042460	0.042249	-0.042461	0.000000	-0.085379	-0.090603	0.085349	0.762799	0.221041	-0.515866
0.511000	0.000000	0.042430	0.042040	-0.042430	0.000000	-0.082231	-0.092417	0.082234	0.695802	0.341180	-0.615005
0.512000	0.000000	0.042237	0.041968	-0.042236	0.000000	-0.081556	-0.088723	0.081563	0.651910	0.599926	-0.490198
0.513000	0.000000	0.042034	0.042009	-0.042034	0.000000	-0.085579	-0.081888	0.085583	0.668582	0.763440	-0.246941
0.514000	0.000000	0.042013	0.042068	-0.042013	0.000000	-0.086706	-0.076023	0.086708	0.696516	0.942355	-0.389803
0.515000	0.000000	0.042029	0.042037	-0.042029	0.000000	-0.082428	-0.075196	0.082407	0.733640	0.941494	-0.714994
0.516000	0.000000	0.041868	0.041842	-0.041868	0.000000	-0.080954	-0.080638	0.080941	0.704563	0.536138	-0.560071
0.517000	0.000000	0.041647	0.041641	-0.041647	0.000000	-0.085366	-0.086924	0.085445	0.469877	0.199477	-0.016498
0.518000	0.000000	0.041572	0.041620	-0.041572	0.000000	-0.087820	-0.086939	0.087870	0.204206	0.385877	0.116847
0.519000	0.000000	0.041617	0.041636	-0.041617	0.000000	-0.083134	-0.082025	0.082837	0.331793	0.677323	-0.376168
0.520000	0.000000	0.041673	0.041474	-0.041673	0.000000	-0.076275	-0.080888	0.076091	0.855214	0.535783	-0.754917
0.521000	0.000000	0.041642	0.041254	-0.041642	0.000000	-0.074899	-0.085574	0.076011	1.231021	0.249134	-0.525287
0.522000	0.000000	0.041459	0.041179	-0.041459	0.000000	-0.080361	-0.087885	0.081040	1.057728	0.327321	-0.218455
0.523000	0.000000	0.041251	0.041225	-0.041252	0.000000	-0.086943	-0.082764	0.082153	0.538958	0.641036	-0.393041
0.524000	0.000000	0.041183	0.041282	-0.041183	0.000000	-0.088011	-0.076036	0.078458	0.149655	0.812488	-0.638545
0.525000	0.000000	0.041225	0.041249	-0.041225	0.000000	-0.082375	-0.076034	0.076522	0.152954	0.720809	-0.507456
0.526000	0.000000	0.041280	0.041061	-0.041281	0.000000	-0.076007	-0.081151	0.075759	0.470622	0.449020	-0.473077
0.527000	0.000000	0.041248	0.040857	-0.041248	0.000000	-0.076152	-0.082167	0.072896	0.685605	0.284010	-0.820442
0.528000	0.000000	0.041064	0.040803	-0.041061	0.000000	-0.081094	-0.078133	0.071991	0.502987	0.354026	-0.939059
0.529000	0.000000	0.040857	0.040837	-0.040856	0.000000	-0.082103	-0.076408	0.074922	0.286774	0.400146	-0.634129
0.530000	0.000000	0.040790	0.040842	-0.040803	0.000000	-0.078417	-0.076871	0.077249	0.371957	0.461361	-0.426918
0.531000	0.000000	0.040833	0.040838	-0.040838	0.000000	-0.076527	-0.073277	0.077813	0.421518	0.825026	-0.358843
0.532000	0.000000	0.040888	0.040874	-0.040842	0.000000	-0.075745	-0.066957	0.077095	0.308842	1.212376	-0.244672
0.533000	0.000000	0.040854	0.040853	-0.040838	0.000000	-0.072851	-0.065407	0.072881	0.414530	1.110271	-0.413404
0.534000	0.000000	0.040666	0.040673	-0.040874	0.000000	-0.071995	-0.070830	0.066881	0.646821	0.526543	-0.890590
0.535000	0.000000	0.040462	0.040463	-0.040852	0.000000	-0.075011	-0.077447	0.065516	0.556905	-0.067821	-1.009154
0.536000	0.000000	0.040410	0.040397	-0.040672	0.000000	-0.077291	-0.078411	0.070870	0.244616	-0.153077	-0.549358
0.537000	0.000000	0.040445	0.040441	-0.040463	0.000000	-0.077610	-0.072653	0.077436	0.159248	0.380216	-0.166920
0.538000	0.000000	0.040449	0.040496	-0.040397	0.000000	-0.076967	-0.066323	0.078398	0.399983	0.980964	-0.335607
0.539000	0.000000	0.040446	0.040460	-0.040441	0.000000	-0.073585	-0.066641	0.072635	0.677854	0.966533	-0.725447
0.540000	0.000000	0.040481	0.040271	-0.040496	0.000000	-0.067228	-0.071685	0.066312	0.757435	0.492406	-0.786923
0.541000	0.000000	0.040459	0.040068	-0.040460	0.000000	-0.061986	-0.072507	0.066652	0.680414	0.399072	-0.449450
0.542000	0.000000	0.040277	0.040017	-0.040270	0.000000	-0.062082	-0.068459	0.071699	0.610349	0.814974	-0.205351
0.543000	0.000000	0.040069	0.040053	-0.040067	0.000000	-0.065741	-0.066845	0.072500	0.696215	1.001901	-0.406642
0.544000	0.000000	0.040004	0.040056	-0.040018	0.000000	-0.068081	-0.067277	0.068445	0.898173	0.737494	-0.652766
0.545000	0.000000	0.040049	0.040053	-0.040053	0.000000	-0.068230	-0.063552	0.066844	0.941945	0.594486	-0.553078
0.546000	0.000000	0.040104	0.040089	-0.040056	0.000000	-0.066299	-0.057258	0.067279	0.765531	0.894117	-0.440147
0.547000	0.000000	0.040066	0.040065	-0.040053	0.000000	-0.062879	-0.055908	0.063539	0.625145	1.202046	-0.581927
0.548000	0.000000	0.039875	0.039882	-0.040090	0.000000	-0.062414	-0.061434	0.057222	0.654190	0.987286	-0.746366
0.549000	0.000000	0.039673	0.039674	-0.040065	0.000000	-0.065531	-0.067892	0.055889	0.741138	0.487659	-0.766729
0.550000	0.000000	0.039625	0.039611	-0.039878	0.000000	-0.067714	-0.068726	0.061532	0.685219	0.365825	-0.637636
0.551000	0.000000	0.039660	0.039657	-0.039673	0.000000	-0.068289	-0.063214	0.068005	0.482302	0.650357	-0.440159
0.552000	0.000000	0.039663	0.039711	-0.039624	0.000000	-0.067483	-0.056807	0.068443	0.430671	0.784316	-0.446230
0.553000	0.000000	0.039661	0.039672	-0.039661	0.000000	-0.062819	-0.055985	0.062823	0.615519	0.522479	-0.679657
0.554000	0.000000	0.039697	0.039481	-0.039664	0.000000	-0.056996	-0.061662	0.057821	0.754994	0.178327	-0.717167
0.555000	0.000000	0.039671	0.039279	-0.039661	0.000000	-0.057111	-0.068007	0.057357	0.708776	0.134438	-0.453494
0.556000	0.000000	0.039483	0.039229	-0.039697	0.000000	-0.062094	-0.068477	0.056868	0.615105	0.427158	-0.411775
0.557000	0.000000	0.039279	0.039267	-0.039671	0.000000	-0.063146	-0.062803	0.053595	0.673556	0.743244	-0.822641
0.558000	0.000000	0.039232	0.039283	-0.039483	0.000000	-0.058924	-0.057498	0.052789	0.889802	0.721674	-1.173672
0.559000	0.000000	0.039268	0.039271	-0.039279	0.000000	-0.056193	-0.057294	0.055933	0.989234	0.429955	-1.069760
0.560000	0.000000	0.039271	0.039257	-0.039228	0.000000	-0.057224	-0.058020	0.058262	0.779088	0.410532	-0.684428
0.561000	0.000000	0.039269	0.039268	-0.039268	0.000000	-0.058651	-0.053807	0.058675	0.408405	0.851302	-0.363655
0.562000	0.000000	0.039305	0.039309	-0.039284	0.000000	-0.056995	-0.047442	0.057513	0.237663	1.193582	-0.435201
0.563000	0.000000	0.039277	0.039277	-0.039271	0.000000	-0.053220	-0.046392	0.053364	0.421990	1.050818	-0.873079
0.564000	0.000000	0.039088	0.039087	-0.039257	0.000000	-0.052766	-0.052134	0.048652	0.617868	0.700486	-1.135653
0.565000	0.000000	0.038885	0.038885	-0.039268	0.000000	-0.056060	-0.058462	0.046706	0.572440	0.419762	-1.035184
0.566000	0.000000	0.038836	0.038836	-0.039309	0.000000	-0.058285	-0.058844	0.046745	0.473597	0.224172	-0.957081
0.567000	0.000000	0.038875	0.038875	-0.039276	0.000000	-0.058647	-0.053322	0.048887	0.364344	0.187445	-0.875810
0.568000	0.000000	0.038891	0.038891	-0.039086	0.000000	-0.057485	-0.047946	0.052744	0.256880	0.379132	-0.514028
0.569000	0.000000	0.038878	0.038878	-0.038884	0.000000	-0.053320	-0.046938	0.053102	0.433066	0.690322	-0.196183
0.570000	0.000000	0.038864	0.038864	-0.038836	0.000000	-0.048616	-0.048131	0.049270	0.805446	0.940969	-0.315223
0.571000	0.000000	0.038876	0.038876	-0.038875	0.000000	-0.046697	-0.047962	0.047001	1.000788	0.988744	-0.691944
0.572000	0.000000	0.038916	0.038916	-0.038891	0.000000	-0.046754	-0.046882	0.047483	1.025457	0.777718	-0.977277
0.573000	0.000000	0.038882	0.038882	-0.038878	0.000000	-0.048922	-0.048563	0.047904	0.883854	0.392543	-0.978044
0.574000	0.000000	0.038691	0.038691	-0.038864	0.000000	-0.052774	-0.052734	0.048157	0.478376	0.154836	-0.698339
0.575000	0.000000	0.038490	0.038490	-0.038876	0.000000	-0.053079	-0.053250	0.048727	0.186537	0.400590	-0.433042
0.576000	0.000000	0.038444	0.038444	-0.038916	0.000000	-0.049230	-0.049266	0.047216	0.375271	0.892462	-0.482940
0.577000	0.000000	0.038483	0.038483	-0.038882	0.000000	-0.046995	-0.046668	0.043671	0.718985	1.038538	-0.628439
0.578000	0.000000	0.038498	0.038498	-0.038689	0.000000	-0.047491	-0.047391	0.043267	0.745494	0.733891	-0.491828
0.579000	0.000000	0.038485	0.038485	-0.038489	0.000000	-0.047905	-0.049048	0.046531	0.524703	0.402370	-0.297999
0.580000	0.000000	0.038471	0.038471	-0.038444	0.000000	-0.048163	-0.048517	0.048723	0.382353	0.417976	-0.343343
0.581000	0.000000	0.038483	0.038483	-0.038483	0.000000	-0.048726	-0.043594	0.049092	0.404663	0.686952	-0.436706
0.582000	0.000000	0.038524	0.038524	-0.038498	0.000000	-0.047184	-0.037654	0.047855	0.546075	0.769227	-0.515242
0.583000	0.000000	0.038488	0.038488	-0.038485	0.000000	-0.043644	-0.037309	0.043538	0.635787	0.482522	-0.665489
0.584000	0.000000	0.038294	0.038294	-0.038471	0.000000	-0.043292	-0.042904	0.038931	0.472757	0.166103	-0.687296
0.585000	0.000000	0.038095	0.038095	-0.038484	0.000000	-0.046565	-0.047844	0.037412	0.295287	0.204284	-0.535221
0.586000	0.000000	0.038052	0.038052	-0.038524	0.000000	-0.048711	-0.048812	0.037285	0.349955	0.459491	-0.448635
0.587000	0.000000	0.038091	0.038091	-0.038487	0.000000	-0.049087	-0.048724	0.038272	0.437974	0.481884	-0.403484
0.588000	0.000000	0.038102	0.038102	-0.038292	0.000000	-0.047914	-0.047882	0.042956	0.511132	0.259031	-0.282413
0.589000	0.000000	0.038092	0.038092	-0.038094	0.000000	-0.043490	-0.043664	0.048681	0.666405	0.203886	-0.193462
0.590000	0.000000	0.038092	0.038092	-0.038052	0.000000	-0.038576	-0.038604	0.049091	0.702089	0.396839	-0.191014
0.591000	0.000000	0.038092	0.038092	-0.038091	0.000000	-0.037394	-0.037060	0.043576	0.534388	0.527205	-0.271105
0.592000	0.000000	0.038082	0.038082	-0.038102	0.000000	-0.038493	-0.038414	0.038310	0.390669	0.454669	-0.413875
0.593000	0.000000	0.038091	0.038091	-0.038092	0.000000	-0.038337	-0.039501	0.037371	0.400839	0.351454	-0.481528
0.594000	0.000000	0.038130	0.038130	-0.038089	0.000000	-0.037337	-0.037613	0.038330	0.551697	0.521433	-0.455866
0.595000	0.000000	0.038093	0.038093	-0.038092	0.000000	-0.039142	-0.033861	0.038336	0.649108	0.898684	-0.467668
0.596000	0.000000	0.037900	0.037900	-0.038093	0.000000	-0.043208	-0.033658	0.038254	0.470019	0.932957	-0.498700
0.597000	0.000000	0.037700	0.037700	-0.038092	0.000000	-0.043498	-0.037306	0.039157	0.272976	0.569516	-0.383761
0.598000	0.000000	0.037649	0.037649	-0.038092	0.000000	-0.039756	-0.039471	0.038514	0.344719	0.342716	-0.245581
0.599000	0.000000	0.037699	0.037699	-0.038092	0.000000	-0.037377	-0.038640	0.033935	0.481599	0.416741	-0.444381
