LabVIEW Measurement	
Writer_Version	2
Reader_Version	2
Separator	Tab
Decimal_Separator	.
Multi_Headings	No
X_Columns	One
Time_Pref	Relative
Operator	MSE_SETUP10
Date	2025/02/17
Time	12:21:20.1482253074645996094
***End_of_Header***	
	
Channels	11											
Samples	600	600	600	600	600	600	600	600	600	600	600	
Date	1903/12/31	1903/12/31	1903/12/31	1903/12/31	1903/12/31	1903/12/31	1903/12/31	1903/12/31	1903/12/31	1903/12/31	1903/12/31	
Time	18:00:00	18:00:00	18:00:00	18:00:00	18:00:00	18:00:00	18:00:00	18:00:00	18:00:00	18:00:00	18:00:00	
X_Dimension	Time	Time	Time	Time	Time	Time	Time	Time	Time	Time	Time	
X0	0.0000000000000000E+0	0.0000000000000000E+0	0.0000000000000000E+0	0.0000000000000000E+0	0.0000000000000000E+0	0.0000000000000000E+0	0.0000000000000000E+0	0.0000000000000000E+0	0.0000000000000000E+0	0.0000000000000000E+0	0.0000000000000000E+0	
Delta_X	0.001000	0.001000	0.001000	0.001000	0.001000	0.001000	0.001000	0.001000	0.001000	0.001000	0.001000	
***End_of_Header***												
X_Value	Input Trajectory	Displacement 1	Displacement 2	Displacement 3	Control Effort	Velocity 1	Velocity 2	Velocity 3	Acceleration 1	Acceleration 2	Acceleration 3	Comment
0.000000	0.000000	0.000000	0.000000	0.000000	0.000000	-278.518000	0.107636	0.000000	-14522.818199	5.125508	0.000000
0.001000	0.000000	-1.377710E-33	1.020689E-33	0.000000	0.000000	-279.164892	0.107636	0.000000	-14558.837229	5.125508	0.000000
0.002000	0.000000	1.229059E-35	-9.105594E-36	0.000000	0.000000	-279.811785	0.107636	0.000000	-14592.965228	5.125508	0.000000
0.003000	0.000000	4.142234E-33	-3.068812E-33	0.000000	0.000000	-280.458676	0.107636	0.000000	-14623.846436	5.125508	0.000000
0.004000	0.000000	-8.630842E-35	6.394238E-35	0.000000	0.000000	-281.105569	0.107636	0.000000	-14653.952405	5.125508	0.000000
0.005000	0.000000	-1.521816E-32	1.127451E-32	0.000000	0.000000	-281.752462	0.107636	0.000000	-14684.747565	5.125508	0.000000
0.006000	0.000000	4.822508E-34	-3.572799E-34	0.000000	0.000000	-282.399354	0.107636	0.000000	-14715.730330	5.125508	0.000000
0.007000	0.000000	5.682793E-32	-4.210149E-32	0.000000	0.000000	-283.046242	0.107636	0.000000	-14746.501936	5.125508	0.000000
0.008000	0.000000	-2.405653E-33	1.782250E-33	0.000000	0.000000	-283.693137	0.107636	0.000000	-14777.290536	5.125508	0.000000
0.009000	0.000000	-2.124526E-31	1.573974E-31	0.000000	0.000000	-284.340044	0.107636	0.000000	-14808.233326	5.125508	0.000000
0.010000	0.000000	1.125357E-32	-8.337314E-33	0.000000	0.000000	-284.986924	0.107636	0.000000	-14838.921234	5.125508	0.000000
0.011000	0.000000	7.943053E-31	-5.884684E-31	0.000000	0.000000	-285.633760	0.107636	0.000000	-14869.205650	5.125508	0.000000
0.012000	0.000000	-5.053813E-32	3.744164E-32	0.000000	0.000000	-286.280699	0.107636	0.000000	-14900.497589	5.125508	0.000000
0.013000	0.000000	-2.969644E-30	2.200088E-30	0.000000	0.000000	-286.927801	0.107636	0.000000	-14933.860514	5.125508	0.000000
0.014000	0.000000	2.206502E-31	-1.634707E-31	0.000000	0.000000	-287.574518	0.107636	0.000000	-14967.239488	5.125508	0.000000
0.015000	0.000000	1.110223E-29	-8.225187E-30	0.000000	0.000000	-288.220626	0.107636	0.000000	-14998.541140	5.125508	0.000000
0.016000	0.000000	-9.436801E-31	6.991341E-31	0.000000	0.000000	-288.868181	0.107636	0.000000	-15028.861564	5.125508	0.000000
0.017000	0.000000	-4.150540E-29	3.074966E-29	0.000000	0.000000	-289.517998	0.107636	0.000000	-15059.661276	5.125508	0.000000
0.018000	0.000000	3.972796E-30	-2.943283E-30	0.000000	0.000000	-290.162385	0.107636	0.000000	-15090.487059	5.125508	0.000000
0.019000	0.000000	1.551629E-28	-1.149538E-28	0.000000	0.000000	-290.798365	0.107636	0.000000	-15120.819134	5.125508	0.000000
0.020000	0.000000	-1.651822E-29	1.223767E-29	0.000000	0.000000	-291.454737	0.107636	0.000000	-15152.028042	5.125508	0.000000
0.021000	0.000000	-5.800425E-28	4.297298E-28	0.000000	0.000000	-292.154550	0.107636	0.000000	-649.359503	0.000000	0.000000
0.022000	0.000000	6.799168E-29	-5.037226E-29	0.000000	0.000000	-292.856214	0.107636	0.000000	-651.967693	0.000000	0.000000
0.023000	0.000000	2.168306E-27	-1.606409E-27	0.000000	0.000000	-293.515085	0.107636	0.000000	-652.538134	0.000000	0.000000
0.024000	0.000000	-2.775459E-28	2.056224E-28	0.000000	0.000000	-294.151294	0.107636	0.000000	-652.029397	0.000000	0.000000
0.025000	0.000000	-8.105316E-27	6.004898E-27	0.000000	0.000000	-294.795208	0.107636	0.000000	-651.887565	0.000000	0.000000
0.026000	0.000000	1.125066E-27	-8.335153E-28	0.000000	0.000000	-295.444790	0.107636	0.000000	-652.015597	0.000000	0.000000
0.027000	0.000000	3.029759E-26	-2.244625E-26	0.000000	0.000000	-296.091745	0.107636	0.000000	-652.018632	0.000000	0.000000
0.028000	0.000000	-4.533507E-27	3.358691E-27	0.000000	0.000000	-296.738583	0.107636	0.000000	-652.016235	0.000000	0.000000
0.029000	0.000000	-1.132492E-25	8.390168E-26	0.000000	0.000000	-297.388165	0.107636	0.000000	-652.144207	0.000000	0.000000
0.030000	0.000000	1.817440E-26	-1.346467E-26	0.000000	0.000000	-298.032549	0.107636	0.000000	-652.024043	0.000000	0.000000
0.031000	0.000000	4.233022E-25	-3.136074E-25	0.000000	0.000000	-298.668632	0.107636	0.000000	-651.509898	0.000000	0.000000
0.032000	0.000000	-7.253407E-26	5.373753E-26	0.000000	0.000000	-299.325737	0.107636	0.000000	-651.998870	0.000000	0.000000
0.033000	0.000000	-1.582176E-24	1.172170E-24	0.000000	0.000000	-300.026133	0.107636	0.000000	-654.544506	0.000000	0.000000
0.034000	0.000000	2.883468E-25	-2.136244E-25	0.000000	0.000000	-300.727261	0.107636	0.000000	-657.117158	0.000000	0.000000
0.035000	0.000000	5.913545E-24	-4.381104E-24	0.000000	0.000000	-301.385384	0.107636	0.000000	-657.660274	0.000000	0.000000
0.036000	0.000000	-1.142283E-24	8.462711E-25	0.000000	0.000000	-302.021453	0.107636	0.000000	-657.182195	0.000000	0.000000
0.037000	0.000000	-2.210190E-23	1.637440E-23	0.000000	0.000000	-302.665320	0.107636	0.000000	-657.006641	0.000000	0.000000
0.038000	0.000000	4.511085E-24	-3.342079E-24	0.000000	0.000000	-303.315166	0.107636	0.000000	-657.008011	0.000000	0.000000
0.039000	0.000000	8.260381E-23	-6.119779E-23	0.000000	0.000000	-303.963053	0.107636	0.000000	-657.174656	0.000000	0.000000
0.040000	0.000000	-1.776538E-23	1.316165E-23	0.000000	0.000000	-304.608960	0.107636	0.000000	-657.647377	0.000000	0.000000
0.041000	0.000000	-3.087161E-22	2.287151E-22	0.000000	0.000000	-7.529660E-21	5.578418E-21	0.000000	13878.797014	-5.125508	0.000000
0.042000	0.000000	6.978662E-23	-5.170206E-23	0.000000	0.000000	1.702113E-21	-1.261026E-21	0.000000	13912.121415	-5.125508	0.000000
0.043000	0.000000	1.153738E-21	-8.547571E-22	0.000000	0.000000	2.813994E-20	-2.084773E-20	0.000000	13945.533998	-5.125508	0.000000
0.044000	0.000000	-2.735111E-22	2.026332E-22	0.000000	0.000000	-6.671003E-21	4.942274E-21	0.000000	13976.908828	-5.125508	0.000000
0.045000	0.000000	-4.311650E-21	3.194326E-21	0.000000	0.000000	-1.051622E-19	7.791038E-20	0.000000	14007.204468	-5.125508	0.000000
0.046000	0.000000	1.069722E-21	-7.925132E-22	0.000000	0.000000	2.609078E-20	-1.932959E-20	0.000000	14037.867037	-5.125508	0.000000
0.047000	0.000000	1.611271E-20	-1.193725E-20	0.000000	0.000000	3.929930E-19	-2.911525E-19	0.000000	14068.799511	-5.125508	0.000000
0.048000	0.000000	-4.175767E-21	3.093655E-21	0.000000	0.000000	-1.018480E-19	7.545501E-20	0.000000	14099.606896	-5.125508	0.000000
0.049000	0.000000	-6.021193E-20	4.460856E-20	0.000000	0.000000	-1.468584E-18	1.088014E-18	0.000000	14130.408697	-5.125508	0.000000
0.050000	0.000000	1.627190E-20	-1.205519E-20	0.000000	0.000000	3.968757E-19	-2.940290E-19	0.000000	14161.341213	-5.125508	0.000000
0.051000	0.000000	2.250013E-19	-1.666943E-19	0.000000	0.000000	5.487836E-18	-4.065714E-18	0.000000	14192.026159	-5.125508	0.000000
0.052000	0.000000	-6.330477E-20	4.689992E-20	0.000000	0.000000	-1.544019E-18	1.143900E-18	0.000000	14222.315823	-5.125508	0.000000
0.053000	0.000000	-8.407679E-19	6.228906E-19	0.000000	0.000000	-2.050653E-17	1.519245E-17	0.000000	14253.606503	-5.125508	0.000000
0.054000	0.000000	2.459139E-19	-1.821875E-19	0.000000	0.000000	5.997899E-18	-4.443599E-18	0.000000	14286.958729	-5.125508	0.000000
0.055000	0.000000	3.141636E-18	-2.327510E-18	0.000000	0.000000	7.662526E-17	-5.676853E-17	0.000000	14320.345781	-5.125508	0.000000
0.056000	0.000000	-9.539486E-19	7.067416E-19	0.000000	0.000000	-2.326704E-17	1.723760E-17	0.000000	14351.684961	-5.125508	0.000000
0.057000	0.000000	-1.173881E-17	8.696807E-18	0.000000	0.000000	-2.863125E-16	2.121173E-16	0.000000	14381.973930	-5.125508	0.000000
0.058000	0.000000	3.695764E-18	-2.738040E-18	0.000000	0.000000	9.014058E-17	-6.678147E-17	0.000000	14412.634287	-5.125508	0.000000
0.059000	0.000000	4.386126E-17	-3.249502E-17	0.000000	0.000000	1.069787E-15	-7.925614E-16	0.000000	14443.579352	-5.125508	0.000000
0.060000	0.000000	-1.430073E-17	1.059483E-17	0.000000	0.000000	-3.487984E-16	2.584105E-16	0.000000	14474.431089	-5.125508	0.000000
0.061000	0.000000	-1.638803E-16	1.214122E-16	0.000000	0.000000	-3.997080E-15	2.961273E-15	0.000000	14505.188552	-5.125508	0.000000
0.062000	0.000000	5.527405E-17	-4.095029E-17	0.000000	0.000000	1.348148E-15	-9.987875E-16	0.000000	6.419786E-14	-4.756158E-14	0.000000
0.063000	0.000000	6.122951E-16	-4.536244E-16	0.000000	0.000000	1.493403E-14	-1.106401E-14	0.000000	7.111440E-13	-5.268576E-13	0.000000
0.064000	0.000000	-2.134145E-16	1.581101E-16	0.000000	0.000000	-5.205231E-15	3.856343E-15	0.000000	-2.478695E-13	1.836364E-13	0.000000
0.065000	0.000000	-2.287618E-15	1.694802E-15	0.000000	0.000000	-5.579555E-14	4.133665E-14	0.000000	-2.656931E-12	1.968411E-12	0.000000
0.066000	0.000000	8.231782E-16	-6.098591E-16	0.000000	0.000000	2.007752E-14	-1.487461E-14	0.000000	9.560772E-13	-7.083186E-13	0.000000
0.067000	0.000000	8.546624E-15	-6.331845E-15	0.000000	0.000000	2.084543E-13	-1.544352E-13	0.000000	9.926392E-12	-7.354058E-12	0.000000
0.068000	0.000000	-3.172172E-15	2.350132E-15	0.000000	0.000000	-7.737004E-14	5.732030E-14	0.000000	-3.684306E-12	2.729552E-12	0.000000
0.069000	0.000000	-3.192966E-14	2.365538E-14	0.000000	0.000000	-7.787723E-13	5.769606E-13	0.000000	-3.708439E-11	2.747431E-11	0.000000
0.070000	0.000000	1.221337E-14	-9.048387E-15	0.000000	0.000000	2.978871E-13	-2.206924E-13	0.000000	1.418517E-11	-1.050921E-11	0.000000
0.071000	0.000000	1.192841E-13	-8.837272E-14	0.000000	0.000000	2.909368E-12	-2.155432E-12	0.000000	1.385413E-10	-1.026396E-10	0.000000
0.072000	0.000000	-4.698417E-14	3.480866E-14	0.000000	0.000000	-1.145955E-12	8.489916E-13	0.000000	-5.456957E-11	4.042837E-11	0.000000
0.073000	0.000000	-4.456144E-13	3.301376E-13	0.000000	0.000000	-1.086865E-11	8.052135E-12	0.000000	-5.175545E-10	3.834350E-10	0.000000
0.074000	0.000000	1.806028E-13	-1.338012E-13	0.000000	0.000000	4.404946E-12	-3.263444E-12	0.000000	2.097603E-10	-1.554028E-10	0.000000
0.075000	0.000000	1.664656E-12	-1.233275E-12	0.000000	0.000000	4.060136E-11	-3.007989E-11	0.000000	1.933398E-9	-1.432375E-9	0.000000
0.076000	0.000000	-6.937003E-13	5.139342E-13	0.000000	0.000000	-1.691952E-11	1.253498E-11	0.000000	-8.056951E-10	5.969066E-10	0.000000
0.077000	0.000000	-6.218391E-12	4.606952E-12	0.000000	0.000000	-1.516681E-10	1.123647E-10	0.000000	-7.222289E-9	5.350699E-9	0.000000
0.078000	0.000000	2.662628E-12	-1.972633E-12	0.000000	0.000000	6.494216E-11	-4.811299E-11	0.000000	3.092497E-9	-2.291105E-9	0.000000
0.079000	0.000000	2.322844E-11	-1.720900E-11	0.000000	0.000000	5.665474E-10	-4.197318E-10	0.000000	2.697844E-8	-1.998723E-8	0.000000
0.080000	0.000000	-1.021306E-11	7.566436E-12	0.000000	0.000000	-2.490989E-10	1.845472E-10	0.000000	-1.186190E-8	8.788001E-9	0.000000
0.081000	0.000000	-8.676619E-11	6.428153E-11	0.000000	0.000000	-2.116249E-9	1.567842E-9	0.000000	-1.007737E-7	7.465914E-8	0.000000
0.082000	0.000000	3.914908E-11	-2.900395E-11	0.000000	0.000000	9.548555E-10	-7.074135E-10	0.000000	4.546950E-8	-3.368650E-8	0.000000
0.083000	0.000000	3.240928E-10	-2.401071E-10	0.000000	0.000000	7.904702E-9	-5.856271E-9	0.000000	3.764143E-7	-2.788700E-7	0.000000
0.084000	0.000000	-1.499758E-10	1.111109E-10	0.000000	0.000000	-3.657945E-9	2.710022E-9	0.000000	-1.741886E-7	1.290492E-7	0.000000
0.085000	0.000000	-1.210533E-9	8.968343E-10	0.000000	0.000000	-2.952519E-8	2.187401E-8	0.000000	-1.405961E-6	1.041619E-6	0.000000
0.086000	0.000000	5.742045E-10	-4.254046E-10	0.000000	0.000000	1.400499E-8	-1.037572E-8	0.000000	6.669068E-7	-4.940840E-7	0.000000
0.087000	0.000000	4.521391E-9	-3.349714E-9	0.000000	0.000000	1.102778E-7	-8.170034E-8	0.000000	5.251324E-6	-3.890492E-6	0.000000
0.088000	0.000000	-2.197199E-9	1.627815E-9	0.000000	0.000000	-5.359022E-8	3.970281E-8	0.000000	-2.551925E-6	1.890617E-6	0.000000
0.089000	0.000000	-1.688713E-8	1.251099E-8	0.000000	0.000000	-4.118813E-7	3.051460E-7	0.000000	-1.961339E-5	1.453076E-5	0.000000
0.090000	0.000000	8.403113E-9	-6.225523E-9	0.000000	0.000000	2.049540E-7	-1.518420E-7	0.000000	9.759750E-6	-7.230600E-6	0.000000
0.091000	0.000000	6.307075E-8	-4.672654E-8	0.000000	0.000000	1.538311E-6	-1.139672E-6	0.000000	7.325289E-5	-5.427007E-5	0.000000
0.092000	0.000000	-3.212098E-8	2.379713E-8	0.000000	0.000000	-7.834386E-7	5.804177E-7	0.000000	-3.730674E-5	2.763904E-5	0.000000
0.093000	0.000000	-2.355528E-7	1.745115E-7	0.000000	0.000000	-5.745191E-6	4.256378E-6	0.000000	-0.000274	0.000203	0.000000
0.094000	0.000000	1.227226E-7	-9.092017E-8	0.000000	0.000000	2.993234E-6	-2.217565E-6	0.000000	0.000143	-0.000106	0.000000
0.095000	0.000000	8.797047E-7	-6.517373E-7	0.000000	0.000000	2.145621E-5	-1.589603E-5	0.000000	0.001022	-0.000757	0.000000
0.096000	0.000000	-4.686581E-7	3.472097E-7	0.000000	0.000000	-1.143069E-5	8.468528E-6	0.000000	-0.000544	0.000403	0.000000
0.097000	0.000000	-3.285290E-6	2.433937E-6	0.000000	0.000000	-8.012903E-5	5.936432E-5	0.000000	-0.003816	0.002827	0.000000
0.098000	0.000000	1.788923E-6	-1.325340E-6	0.000000	0.000000	4.363227E-5	-3.232537E-5	0.000000	0.002078	-0.001539	0.000000
0.099000	0.000000	1.226870E-5	-9.089382E-6	0.000000	0.000000	0.000299	-0.000222	0.000000	0.014249	-0.010557	0.000000
0.100000	2.000000	-6.825567E-6	5.056784E-6	0.000000	0.000000	-0.000166	0.000123	0.000000	-0.007928	0.005873	0.000000
0.101000	2.000000	-4.581543E-5	3.394278E-5	0.000000	0.000000	-0.001117	0.000828	0.000000	-0.053212	0.039423	0.000000
0.102000	2.000000	2.603183E-5	-1.928592E-5	0.000000	0.000000	0.000635	-0.000470	0.000000	0.030235	-0.022400	0.000000
0.103000	2.000000	0.000171	-0.000127	0.000000	0.000000	0.004173	-0.003091	0.000000	0.198705	-0.147213	0.000000
0.104000	2.000000	-9.924216E-5	7.352446E-5	0.000000	0.000000	-0.002421	0.001793	0.000000	-0.115264	0.085395	0.000000
0.105000	2.000000	-0.000639	0.000473	0.000000	0.000000	-0.015582	0.011544	0.000000	-0.741992	0.549711	0.000000
0.106000	2.000000	0.000384	-0.000283	0.000000	0.000000	0.009373	-0.006909	0.000000	0.446357	-0.328978	0.000000
0.107000	2.000000	0.004192	-0.002671	0.000000	0.000000	0.102241	-0.065135	0.000000	4.868641	-3.101649	0.000000
0.108000	2.000000	0.009959	-0.004627	0.000000	0.000000	0.242891	-0.112863	0.000000	11.566225	-5.374445	0.000000
0.109000	2.000000	0.016617	-0.004797	0.000000	0.000000	0.405293	-0.116994	0.000000	19.299676	-5.571156	0.000000
0.110000	2.000000	0.023236	-0.004355	0.000000	0.000000	0.566738	-0.106213	0.000000	26.987546	-5.057798	0.000000
0.111000	2.000000	0.029549	-0.004311	0.000000	0.000000	0.720705	-0.105137	0.000000	34.319273	-5.006499	0.000000
0.112000	2.000000	0.036791	-0.004429	0.000000	0.000000	0.897349	-0.108022	0.000000	42.730850	-5.143873	0.000000
0.113000	2.000000	0.045583	-0.004440	0.000000	0.000000	1.111791	-0.108303	0.000000	52.942458	-5.157313	0.000000
0.114000	2.000000	0.054623	-0.004409	0.000000	0.000000	1.332257	-0.107531	0.000000	63.441067	-5.120703	0.000000
0.115000	2.000000	0.063193	-0.004406	0.000000	0.000000	1.541297	-0.107457	0.000000	73.394974	-5.116918	0.000000
0.116000	2.000000	0.072548	-0.004414	0.000000	0.000000	1.769472	-0.107664	0.000000	84.259546	-5.126112	0.000000
0.117000	2.000000	0.083450	-0.004415	0.000000	0.000000	2.035358	-0.107683	0.000000	96.922340	-5.128177	0.000000
0.118000	2.000000	0.094918	-0.004413	0.000000	0.000000	2.315062	-0.107628	0.000000	110.244858	-5.127965	0.000000
0.119000	2.000000	0.106083	-0.004413	0.000000	0.000000	2.587385	-0.107623	0.000000	123.206755	-5.123364	0.000000
0.120000	2.000000	0.116869	-0.004413	0.000000	0.000000	2.850464	-0.107638	0.000000	135.722148	-5.115052	0.000000
0.121000	2.000000	0.127611	-0.004413	0.000000	0.000000	3.112453	-0.107639	0.000000	148.219964	-5.131543	0.000000
0.122000	2.000000	0.139314	-0.004413	0.000000	0.000000	3.397893	-0.107635	0.000000	161.857647	-5.164904	0.000000
0.123000	2.000000	0.152447	-0.004413	0.000000	0.000000	3.718223	-0.107635	0.000000	177.027997	-5.103066	0.000000
0.124000	2.000000	0.166092	-0.004413	0.000000	0.000000	4.051028	-0.107636	0.000000	192.707388	-4.978303	0.000000
0.125000	2.000000	0.179461	-0.004413	0.000000	0.000000	4.377098	-0.107636	0.000000	208.548502	-5.210914	0.000000
0.126000	2.000000	0.192463	-0.004413	0.000000	0.000000	4.694215	-0.107636	0.000000	224.276022	-5.675219	0.000000
0.127000	2.000000	0.205419	-0.004413	0.000000	0.000000	5.010229	-0.107636	0.000000	238.135974	-4.796528	0.000000
0.128000	2.000000	0.219345	-0.004413	0.000000	0.000000	5.349881	-0.107636	0.000000	249.887589	-2.023856	0.000000
0.129000	2.000000	0.234699	-0.004413	0.000000	0.000000	5.724376	-0.107636	0.000000	261.023090	0.248937	0.000000
0.130000	2.000000	0.250555	-0.004413	0.000000	0.000000	6.111090	-0.107636	0.000000	271.704628	0.445632	0.000000
0.131000	2.000000	0.266130	-0.004413	0.000000	0.000000	6.490965	-0.107636	0.000000	282.106041	-0.067718	0.000000
0.132000	2.000000	0.281339	-0.004413	0.000000	0.000000	6.861930	-0.107635	0.000000	292.439289	-0.118948	0.000000
0.133000	2.000000	0.296512	-0.004413	0.000000	0.000000	7.232009	-0.107636	0.000000	301.650436	0.018391	0.000000
0.134000	2.000000	0.312658	-0.004413	0.000000	0.000000	7.625822	-0.107640	0.000000	310.191981	0.031574	0.000000
0.135000	2.000000	0.330226	-0.004413	0.000000	0.000000	8.054282	-0.107633	0.000000	320.096436	-0.004902	0.000000
0.136000	2.000000	0.348308	-0.004413	0.000000	0.000000	8.495301	-0.107620	0.000000	331.143019	-0.007728	0.000000
0.137000	2.000000	0.366119	-0.004413	0.000000	0.000000	8.929733	-0.107644	0.000000	340.964817	0.000958	0.000000
0.138000	2.000000	0.383470	-0.004413	0.000000	0.000000	9.352999	-0.107695	0.000000	348.459124	-0.000561	0.000000
0.139000	2.000000	0.400750	-0.004413	0.000000	0.000000	9.774340	-0.107603	0.000000	355.203716	0.001170	0.000000
0.140000	2.000000	0.419367	-0.004413	0.000000	0.000000	10.228153	-0.107414	0.000000	363.846062	0.009952	0.000000
0.141000	2.000000	0.439554	-0.004413	0.000000	0.000000	10.721005	-0.107759	0.000000	374.787629	-0.005773	0.000000
0.142000	2.000000	0.458916	-0.004413	0.000000	0.000000	11.194200	-0.108464	0.000000	384.845104	-0.039261	0.000000
0.143000	2.000000	0.476406	-0.004413	0.000000	0.000000	11.619012	-0.107165	0.000000	391.481863	0.022372	0.000000
0.144000	2.000000	0.494331	-0.004413	0.000000	0.000000	12.052682	-0.104544	0.000000	396.879020	0.147170	0.000000
0.145000	2.000000	0.514100	-0.004413	0.000000	0.000000	12.541449	-0.109429	0.000000	404.305745	-0.085387	0.000000
0.146000	2.000000	0.534516	-0.004413	0.000000	0.000000	13.052554	-0.119180	0.000000	413.116940	-0.549700	0.000000
0.147000	2.000000	0.554538	-0.004413	0.000000	0.000000	13.515947	-0.100727	0.000000	420.082501	0.328975	0.000000
0.148000	2.000000	0.574054	-0.004413	0.000000	0.000000	13.899077	-0.042501	0.000000	423.278498	3.101646	0.000000
0.149000	2.000000	0.593545	-0.004413	0.000000	0.000000	14.233813	0.005228	0.000000	423.044397	5.374445	0.000000
0.150000	2.000000	0.614432	-0.004413	0.000000	0.000000	14.580864	0.009359	0.000000	421.737517	5.571157	0.000000
0.151000	2.000000	0.636868	-0.004413	0.000000	0.000000	14.966618	-0.001422	0.000000	421.691774	5.057798	0.000000
0.152000	2.000000	0.658334	-0.004413	0.000000	0.000000	15.336222	-0.002499	0.000000	421.202699	5.006499	0.000000
0.153000	2.000000	0.677913	-0.004413	0.000000	0.000000	15.637121	0.000387	0.000000	417.866216	5.143873	0.000000
0.154000	2.000000	0.698338	-0.004413	0.000000	0.000000	15.920837	0.000667	0.000000	413.753716	5.157313	0.000000
0.155000	2.000000	0.720731	-0.004413	0.000000	0.000000	16.246537	-0.000105	0.000000	410.510232	5.120703	0.000000
0.156000	2.000000	0.742369	-0.004413	0.000000	0.000000	16.565271	-0.000178	0.000000	405.285188	5.116918	0.000000
0.157000	2.000000	0.762044	-0.004413	0.000000	0.000000	16.816969	2.858116E-5	0.000000	396.269897	5.126112	0.000000
0.158000	2.000000	0.782210	-0.004413	0.000000	0.000000	17.042924	4.757642E-5	0.000000	386.342427	5.128177	0.000000
0.159000	2.000000	0.804253	-0.004413	0.000000	0.000000	17.300853	-7.765711E-6	0.000000	378.469224	5.127965	0.000000
0.160000	2.000000	0.826802	-0.004413	0.000000	0.000000	17.578509	-1.270297E-5	0.000000	371.627088	5.123364	0.000000
0.161000	2.000000	0.848901	-0.004413	0.000000	0.000000	17.854449	2.109384E-6	0.000000	363.156946	5.115052	0.000000
0.162000	2.000000	0.870928	-0.004413	0.000000	0.000000	18.129697	3.391608E-6	0.000000	352.794897	5.131543	0.000000
0.163000	2.000000	0.893095	-0.004413	0.000000	0.000000	18.384901	-5.728052E-7	0.000000	342.414322	5.164904	0.000000
0.164000	2.000000	0.915051	-0.004413	0.000000	0.000000	18.600096	-9.055098E-7	0.000000	332.432554	5.103066	0.000000
0.165000	2.000000	0.936901	-0.004413	0.000000	0.000000	18.800215	1.555032E-7	0.000000	321.311067	4.978303	0.000000
0.166000	2.000000	0.959677	-0.004413	0.000000	0.000000	19.029648	2.417506E-7	0.000000	308.961879	5.210914	0.000000
0.167000	2.000000	0.983861	-0.004413	0.000000	0.000000	19.302386	-4.220428E-8	0.000000	297.611066	5.675218	0.000000
0.168000	2.000000	1.008762	-0.004413	0.000000	0.000000	19.593724	-6.453997E-8	0.000000	289.417942	4.796529	0.000000
0.169000	2.000000	1.033432	-0.004413	0.000000	0.000000	19.855782	1.145149E-8	0.000000	283.652602	2.023860	0.000000
0.170000	2.000000	1.056695	-0.004413	0.000000	0.000000	20.048669	1.722966E-8	0.000000	276.897903	-0.248939	0.000000
0.171000	2.000000	1.078549	-0.004413	0.000000	0.000000	20.194977	-3.106413E-9	0.000000	267.338755	-0.445646	0.000000
0.172000	2.000000	1.101105	-0.004413	0.000000	0.000000	20.365260	-4.599510E-9	0.000000	257.078202	0.067725	0.000000
0.173000	2.000000	1.125385	-0.004413	0.000000	0.000000	20.586491	8.424637E-10	0.000000	250.012834	0.119002	0.000000
0.174000	2.000000	1.150118	-0.004413	0.000000	0.000000	20.819661	1.227816E-9	0.000000	246.787628	-0.018419	0.000000
0.175000	2.000000	1.174445	-0.004413	0.000000	0.000000	21.019182	-2.284237E-10	0.000000	242.778360	-0.031777	0.000000
0.176000	2.000000	1.198626	-0.004413	0.000000	0.000000	21.180502	-3.277489E-10	0.000000	234.950696	0.005008	0.000000
0.177000	2.000000	1.222911	-0.004413	0.000000	0.000000	21.331765	6.192017E-11	0.000000	226.975939	0.008485	0.000000
0.178000	2.000000	1.247328	-0.004413	0.000000	0.000000	21.492905	8.748547E-11	0.000000	222.663616	-0.001361	0.000000
0.179000	2.000000	1.271738	-0.004413	0.000000	0.000000	21.665091	-1.678133E-11	0.000000	220.103199	-0.002266	0.000000
0.180000	2.000000	1.295761	-0.004413	0.000000	0.000000	21.829548	-2.335162E-11	0.000000	215.652149	0.000370	0.000000
0.181000	2.000000	1.319710	-0.004413	0.000000	0.000000	21.959590	4.547049E-12	0.000000	208.622913	0.000605	0.000000
0.182000	2.000000	1.345097	-0.004413	0.000000	0.000000	22.086411	6.232840E-12	0.000000	201.522039	-0.000100	0.000000
0.183000	2.000000	1.371971	-0.004413	0.000000	0.000000	22.269632	-1.231781E-12	0.000000	197.139759	-0.000162	0.000000
0.184000	2.000000	1.397748	-0.004413	0.000000	0.000000	22.471762	-1.663558E-12	0.000000	194.612423	2.727636E-5	0.000000
0.185000	2.000000	1.421715	-0.004413	0.000000	0.000000	22.619130	3.336169E-13	0.000000	191.382584	4.311953E-5	0.000000
0.186000	2.000000	1.446674	-0.004413	0.000000	0.000000	22.745707	4.439834E-13	0.000000	187.880595	-7.404894E-6	0.000000
0.187000	2.000000	1.473520	-0.004413	0.000000	0.000000	22.902532	-9.035371E-14	0.000000	184.423030	-1.151194E-5	0.000000
0.188000	2.000000	1.499483	-0.004413	0.000000	0.000000	23.047426	-1.184901E-13	0.000000	178.335233	2.009722E-6	0.000000
0.189000	2.000000	1.523557	-0.004413	0.000000	0.000000	23.158608	2.445537E-14	0.000000	169.756407	3.073333E-6	0.000000
0.190000	2.000000	1.548164	-0.004413	0.000000	0.000000	23.283399	3.162697E-14	0.000000	163.219869	-5.453075E-7	0.000000
0.191000	2.000000	1.574604	-0.004413	0.000000	0.000000	23.418824	-6.621566E-15	0.000000	160.483579	-8.204605E-7	0.000000
0.192000	2.000000	1.601844	-0.004413	0.000000	0.000000	23.536003	-8.440911E-15	0.000000	159.096472	1.479240E-7	0.000000
0.193000	2.000000	1.628690	-0.004413	0.000000	0.000000	23.667219	1.798189E-15	0.000000	157.236170	2.190244E-7	0.000000
0.194000	2.000000	1.654056	-0.004413	0.000000	0.000000	23.808353	2.263603E-15	0.000000	153.422010	-4.011721E-8	0.000000
0.195000	2.000000	1.678103	-0.004413	0.000000	0.000000	23.896724	-4.865688E-16	0.000000	146.526800	-5.846743E-8	0.000000
0.196000	2.000000	1.702950	-0.004413	0.000000	0.000000	23.956573	-6.134998E-16	0.000000	139.875742	1.087729E-8	0.000000
0.197000	2.000000	1.729489	-0.004413	0.000000	0.000000	24.076085	1.480862E-16	0.000000	137.884893	1.560710E-8	0.000000
0.198000	2.000000	1.756415	-0.004413	0.000000	0.000000	24.252938	1.692413E-16	0.000000	139.103430	-2.948572E-9	0.000000
0.199000	2.000000	1.782932	-0.004413	0.000000	0.000000	24.407868	-2.115516E-17	0.000000	138.807799	-4.165976E-9	0.000000
0.200000	2.000000	1.809346	-0.004413	0.000000	0.000000	24.514466	-4.231033E-17	0.000000	135.684531	7.991091E-10	0.000000
0.201000	2.000000	1.835868	-0.004413	0.000000	0.000000	24.611381	2.115516E-17	0.000000	132.468227	1.111983E-9	0.000000
0.202000	2.000000	1.862425	-0.004413	0.000000	0.000000	24.720087	0.000000	0.000000	131.452256	-2.165261E-10	0.000000
0.203000	2.000000	1.888953	-0.004413	0.000000	0.000000	24.829877	0.000000	0.000000	130.641237	-2.968019E-10	0.000000
0.204000	2.000000	1.915448	-0.004413	0.000000	0.000000	24.935447	0.000000	0.000000	126.943556	5.865622E-11	0.000000
0.205000	2.000000	1.941948	-0.004413	0.000000	0.000000	25.046270	0.000000	0.000000	122.595626	7.921702E-11	0.000000
0.206000	2.000000	1.968548	-0.004413	0.000000	0.000000	25.162132	0.000000	0.000000	121.095325	-1.588652E-11	0.000000
0.207000	2.000000	1.995154	-0.004413	0.000000	0.000000	25.255553	0.000000	0.000000	119.516446	-2.114207E-11	0.000000
0.208000	2.000000	2.021393	-0.004413	0.000000	0.000000	25.305657	0.000000	0.000000	114.434557	4.302557E-12	0.000000
0.209000	2.000000	2.047606	-0.004413	0.000000	0.000000	25.337664	0.000000	0.000000	109.058944	5.642385E-12	0.000000
0.210000	2.000000	2.075217	-0.004413	0.000000	0.000000	25.409395	0.000000	0.000000	107.180298	-1.164541E-12	0.000000
0.211000	2.000000	2.104225	-0.004413	0.000000	0.000000	25.549512	0.000000	0.000000	107.910121	-1.506046E-12	0.000000
0.212000	2.000000	2.132412	-0.004413	0.000000	0.000000	25.703988	0.000000	0.000000	108.817299	3.153127E-13	0.000000
0.213000	2.000000	2.158894	-0.004413	0.000000	0.000000	25.799722	0.000000	0.000000	107.796131	4.019481E-13	0.000000
0.214000	2.000000	2.184992	-0.004413	0.000000	0.000000	25.844072	0.000000	0.000000	103.659640	-8.562805E-14	0.000000
0.215000	2.000000	2.211507	-0.004413	0.000000	0.000000	25.887519	0.000000	0.000000	99.007907	-1.077906E-13	0.000000
0.216000	2.000000	2.238215	-0.004413	0.000000	0.000000	25.945606	0.000000	0.000000	97.565826	2.316994E-14	0.000000
0.217000	2.000000	2.264814	-0.004413	0.000000	0.000000	26.004576	0.000000	0.000000	97.523962	2.921427E-14	0.000000
0.218000	2.000000	2.291016	-0.004413	0.000000	0.000000	26.051355	0.000000	0.000000	94.060489	-7.051721E-15	0.000000
0.219000	2.000000	2.317242	-0.004413	0.000000	0.000000	26.095473	0.000000	0.000000	87.739802	-8.059110E-15	0.000000
0.220000	2.000000	2.344893	-0.004413	0.000000	0.000000	26.174509	0.000000	0.000000	84.125738	1.007389E-15	0.000000
0.221000	2.000000	2.373906	-0.004413	0.000000	0.000000	26.296219	0.000000	0.000000	84.845354	2.014778E-15	0.000000
0.222000	2.000000	2.402061	-0.004413	0.000000	0.000000	26.398816	0.000000	0.000000	85.115954	-1.007389E-15	0.000000
0.223000	2.000000	2.428524	-0.004413	0.000000	0.000000	26.425050	0.000000	0.000000	81.188704	0.000000	0.000000
0.224000	2.000000	2.454628	-0.004413	0.000000	0.000000	26.406258	0.000000	0.000000	75.065741	0.000000	0.000000
0.225000	2.000000	2.481148	-0.004413	0.000000	0.000000	26.424395	0.000000	0.000000	70.902295	0.000000	0.000000
0.226000	2.000000	2.507857	-0.004413	0.000000	0.000000	26.491252	0.000000	0.000000	68.808662	0.000000	0.000000
0.227000	2.000000	2.534452	-0.004413	0.000000	0.000000	26.531156	0.000000	0.000000	65.191634	0.000000	0.000000
0.228000	2.000000	2.560646	-0.004413	0.000000	0.000000	26.515277	0.000000	0.000000	59.986901	0.000000	0.000000
0.229000	2.000000	2.586883	-0.004413	0.000000	0.000000	26.521969	0.000000	0.000000	57.919616	0.000000	0.000000
0.230000	2.000000	2.614569	-0.004413	0.000000	0.000000	26.610049	0.000000	0.000000	60.589750	0.000000	0.000000
0.231000	2.000000	2.643589	-0.004413	0.000000	0.000000	26.717670	0.000000	0.000000	62.298845	0.000000	0.000000
0.232000	2.000000	2.671706	-0.004413	0.000000	0.000000	26.758572	0.000000	0.000000	57.574314	0.000000	0.000000
0.233000	2.000000	2.698144	-0.004413	0.000000	0.000000	26.739027	0.000000	0.000000	49.287567	0.000000	0.000000
0.234000	2.000000	2.724280	-0.004413	0.000000	0.000000	26.721707	0.000000	0.000000	43.904056	0.000000	0.000000
0.235000	2.000000	2.750831	-0.004413	0.000000	0.000000	26.750619	0.000000	0.000000	43.168906	0.000000	0.000000
0.236000	2.000000	2.777437	-0.004413	0.000000	0.000000	26.813004	0.000000	0.000000	44.070714	0.000000	0.000000
0.237000	2.000000	2.803933	-0.004413	0.000000	0.000000	26.853238	0.000000	0.000000	43.220579	0.000000	0.000000
0.238000	2.000000	2.830510	-0.004413	0.000000	0.000000	26.854169	0.000000	0.000000	40.456798	0.000000	0.000000
0.239000	2.000000	2.857108	-0.004413	0.000000	0.000000	26.846174	0.000000	0.000000	37.848526	0.000000	0.000000
0.240000	2.000000	2.883329	-0.004413	0.000000	0.000000	26.838947	0.000000	0.000000	35.403513	0.000000	0.000000
0.241000	2.000000	2.909579	-0.004413	0.000000	0.000000	26.834959	0.000000	0.000000	31.449996	0.000000	0.000000
0.242000	2.000000	2.937294	-0.004413	0.000000	0.000000	26.864033	0.000000	0.000000	27.038795	0.000000	0.000000
0.243000	2.000000	2.966319	-0.004413	0.000000	0.000000	26.924232	0.000000	0.000000	25.019825	0.000000	0.000000
0.244000	2.000000	2.994403	-0.004413	0.000000	0.000000	26.962185	0.000000	0.000000	25.577866	0.000000	0.000000
0.245000	2.000000	3.020822	-0.004413	0.000000	0.000000	26.960334	0.000000	0.000000	26.384578	0.000000	0.000000
0.246000	2.000000	3.046956	-0.004413	0.000000	0.000000	26.951422	0.000000	0.000000	25.096492	0.000000	0.000000
0.247000	2.000000	3.073506	-0.004413	0.000000	0.000000	26.950197	0.000000	0.000000	21.854548	0.000000	0.000000
0.248000	2.000000	3.100138	-0.004413	0.000000	0.000000	26.950829	0.000000	0.000000	19.984405	0.000000	0.000000
0.249000	2.000000	3.126658	-0.004413	0.000000	0.000000	26.957690	0.000000	0.000000	21.067266	0.000000	0.000000
0.250000	2.000000	3.153130	-0.004413	0.000000	0.000000	26.963998	0.000000	0.000000	21.049009	0.000000	0.000000
0.251000	2.000000	3.179636	-0.004413	0.000000	0.000000	26.937049	0.000000	0.000000	15.571462	0.000000	0.000000
0.252000	2.000000	3.206251	-0.004413	0.000000	0.000000	26.878696	0.000000	0.000000	7.667870	0.000000	0.000000
0.253000	2.000000	3.232842	-0.004413	0.000000	0.000000	26.839753	0.000000	0.000000	3.865725	0.000000	0.000000
0.254000	2.000000	3.259044	-0.004413	0.000000	0.000000	26.832930	0.000000	0.000000	4.471585	0.000000	0.000000
0.255000	2.000000	3.285313	-0.004413	0.000000	0.000000	26.837080	0.000000	0.000000	5.493920	0.000000	0.000000
0.256000	2.000000	3.313074	-0.004413	0.000000	0.000000	26.867493	0.000000	0.000000	5.565421	0.000000	0.000000
0.257000	2.000000	3.342102	-0.004413	0.000000	0.000000	26.924082	0.000000	0.000000	5.289389	0.000000	0.000000
0.258000	2.000000	3.370147	-0.004413	0.000000	0.000000	26.959356	0.000000	0.000000	5.053234	0.000000	0.000000
0.259000	2.000000	3.396547	-0.004413	0.000000	0.000000	26.964171	0.000000	0.000000	5.238182	0.000000	0.000000
0.260000	2.000000	3.422669	-0.004413	0.000000	0.000000	26.961629	0.000000	0.000000	5.497834	0.000000	0.000000
0.261000	2.000000	3.449209	-0.004413	0.000000	0.000000	26.934525	0.000000	0.000000	4.551339	0.000000	0.000000
0.262000	2.000000	3.475919	-0.004413	0.000000	0.000000	26.878371	0.000000	0.000000	2.067232	0.000000	0.000000
0.263000	2.000000	3.502498	-0.004413	0.000000	0.000000	26.839915	0.000000	0.000000	-1.148496	0.000000	0.000000
0.264000	2.000000	3.528667	-0.004413	0.000000	0.000000	26.832744	0.000000	0.000000	-4.356564	0.000000	0.000000
0.265000	2.000000	3.554951	-0.004413	0.000000	0.000000	26.837141	0.000000	0.000000	-5.954496	0.000000	0.000000
0.266000	2.000000	3.582753	-0.004413	0.000000	0.000000	26.868411	0.000000	0.000000	-4.377314	0.000000	0.000000
0.267000	2.000000	3.611784	-0.004413	0.000000	0.000000	26.925059	0.000000	0.000000	-1.255362	0.000000	0.000000
0.268000	2.000000	3.639790	-0.004413	0.000000	0.000000	26.959481	0.000000	0.000000	0.442111	0.000000	0.000000
0.269000	2.000000	3.666169	-0.004413	0.000000	0.000000	26.963983	0.000000	0.000000	0.626383	0.000000	0.000000
0.270000	2.000000	3.692319	-0.004413	0.000000	0.000000	26.961850	0.000000	0.000000	0.198082	0.000000	0.000000
0.271000	2.000000	3.718880	-0.004413	0.000000	0.000000	26.934414	0.000000	0.000000	-1.408797	0.000000	0.000000
0.272000	2.000000	3.745508	-0.004413	0.000000	0.000000	26.876082	0.000000	0.000000	-2.903227	0.000000	0.000000
0.273000	2.000000	3.772024	-0.004413	0.000000	0.000000	26.837040	0.000000	0.000000	-1.983613	0.000000	0.000000
0.274000	2.000000	3.798496	-0.004413	0.000000	0.000000	26.837866	0.000000	0.000000	-0.089843	0.000000	0.000000
0.275000	2.000000	3.825005	-0.004413	0.000000	0.000000	26.846961	0.000000	0.000000	0.668129	0.000000	0.000000
0.276000	2.000000	3.851625	-0.004413	0.000000	0.000000	26.848643	0.000000	0.000000	0.550640	0.000000	0.000000
0.277000	2.000000	3.878208	-0.004413	0.000000	0.000000	26.848084	0.000000	0.000000	-0.924208	0.000000	0.000000
0.278000	2.000000	3.904390	-0.004413	0.000000	0.000000	26.840410	0.000000	0.000000	-3.984371	0.000000	0.000000
0.279000	2.000000	3.930688	-0.004413	0.000000	0.000000	26.833628	0.000000	0.000000	-5.987044	0.000000	0.000000
0.280000	2.000000	3.958539	-0.004413	0.000000	0.000000	26.864175	0.000000	0.000000	-4.761672	0.000000	0.000000
0.281000	2.000000	3.987579	-0.004413	0.000000	0.000000	26.932938	0.000000	0.000000	-1.366221	0.000000	0.000000
0.282000	2.000000	4.015507	-0.004413	0.000000	0.000000	26.973863	0.000000	0.000000	1.873232	0.000000	0.000000
0.283000	2.000000	4.041841	-0.004413	0.000000	0.000000	26.940186	0.000000	0.000000	2.943606	0.000000	0.000000
0.284000	2.000000	4.068133	-0.004413	0.000000	0.000000	26.873512	0.000000	0.000000	1.599850	0.000000	0.000000
0.285000	2.000000	4.094783	-0.004413	0.000000	0.000000	26.838538	0.000000	0.000000	0.275884	0.000000	0.000000
0.286000	2.000000	4.120911	-0.004413	0.000000	0.000000	26.831441	0.000000	0.000000	-0.271441	0.000000	0.000000
0.287000	2.000000	4.147118	-0.004413	0.000000	0.000000	26.833204	0.000000	0.000000	-1.676488	0.000000	0.000000
0.288000	2.000000	4.175518	-0.004413	0.000000	0.000000	26.878323	0.000000	0.000000	-2.225545	0.000000	0.000000
0.289000	2.000000	4.204895	-0.004413	0.000000	0.000000	26.945293	0.000000	0.000000	-0.675664	0.000000	0.000000
0.290000	2.000000	4.230744	-0.004413	0.000000	0.000000	26.928929	0.000000	0.000000	-1.669240	0.000000	0.000000
0.291000	2.000000	4.255840	-0.004413	0.000000	0.000000	26.895367	0.000000	0.000000	-3.165845	0.000000	0.000000
0.292000	2.000000	4.290239	-0.004413	0.000000	0.000000	27.087874	0.000000	0.000000	7.307616	0.000000	0.000000
0.293000	2.000000	4.331944	-0.004413	0.000000	0.000000	27.455929	0.000000	0.000000	27.611766	0.000000	0.000000
0.294000	2.000000	4.366621	-0.004413	0.000000	0.000000	27.653134	0.000000	0.000000	38.861606	0.000000	0.000000
0.295000	2.000000	4.391819	-0.004413	0.000000	0.000000	27.628657	0.000000	0.000000	37.656722	0.000000	0.000000
0.296000	2.000000	4.417581	-0.004413	0.000000	0.000000	27.616314	0.000000	0.000000	36.635873	0.000000	0.000000
0.297000	2.000000	4.446936	-0.004413	0.000000	0.000000	27.655166	0.000000	0.000000	38.405851	0.000000	0.000000
0.298000	2.000000	4.475334	-0.004413	0.000000	0.000000	27.639810	0.000000	0.000000	37.701230	0.000000	0.000000
0.299000	2.000000	4.501535	-0.004413	0.000000	0.000000	27.594811	0.000000	0.000000	35.923860	0.000000	0.000000
0.300000	2.000000	4.527881	-0.004413	0.000000	0.000000	27.593506	0.000000	0.000000	36.184678	0.000000	0.000000
0.301000	2.000000	4.554656	-0.004413	0.000000	0.000000	27.609446	0.000000	0.000000	35.489099	0.000000	0.000000
0.302000	2.000000	4.580011	-0.004413	0.000000	0.000000	27.580530	0.000000	0.000000	30.837730	0.000000	0.000000
0.303000	2.000000	4.604045	-0.004413	0.000000	0.000000	27.515268	0.000000	0.000000	25.781194	0.000000	0.000000
0.304000	2.000000	4.628840	-0.004413	0.000000	0.000000	27.471760	0.000000	0.000000	25.313041	0.000000	0.000000
0.305000	2.000000	4.655400	-0.004413	0.000000	0.000000	27.481288	0.000000	0.000000	28.941694	0.000000	0.000000
0.306000	2.000000	4.683561	-0.004413	0.000000	0.000000	27.527072	0.000000	0.000000	32.787356	0.000000	0.000000
0.307000	2.000000	4.712479	-0.004413	0.000000	0.000000	27.554294	0.000000	0.000000	34.421604	0.000000	0.000000
0.308000	2.000000	4.740716	-0.004413	0.000000	0.000000	27.534921	0.000000	0.000000	33.415086	0.000000	0.000000
0.309000	2.000000	4.767275	-0.004413	0.000000	0.000000	27.499622	0.000000	0.000000	29.585674	0.000000	0.000000
0.310000	2.000000	4.791704	-0.004413	0.000000	0.000000	27.452074	0.000000	0.000000	24.132447	0.000000	0.000000
0.311000	2.000000	4.815590	-0.004413	0.000000	0.000000	27.396854	0.000000	0.000000	22.282160	0.000000	0.000000
0.312000	2.000000	4.842275	-0.004413	0.000000	0.000000	27.399888	0.000000	0.000000	24.024808	0.000000	0.000000
0.313000	2.000000	4.871508	-0.004413	0.000000	0.000000	27.463404	0.000000	0.000000	17.882389	0.000000	0.000000
0.314000	2.000000	4.899687	-0.004413	0.000000	0.000000	27.503974	0.000000	0.000000	2.287888	0.000000	0.000000
0.315000	2.000000	4.925943	-0.004413	0.000000	0.000000	27.498688	0.000000	0.000000	-7.354531	0.000000	0.000000
0.316000	2.000000	4.952038	-0.004413	0.000000	0.000000	27.488613	0.000000	0.000000	-6.668783	0.000000	0.000000
0.317000	2.000000	4.978633	-0.004413	0.000000	0.000000	27.487998	0.000000	0.000000	-6.110261	0.000000	0.000000
0.318000	2.000000	5.005272	-0.004413	0.000000	0.000000	27.489355	0.000000	0.000000	-7.895745	0.000000	0.000000
0.319000	2.000000	5.031775	-0.004413	0.000000	0.000000	27.497213	0.000000	0.000000	-6.790359	0.000000	0.000000
0.320000	2.000000	5.058261	-0.004413	0.000000	0.000000	27.501758	0.000000	0.000000	-4.431070	0.000000	0.000000
0.321000	2.000000	5.084785	-0.004413	0.000000	0.000000	27.469428	0.000000	0.000000	-5.908492	0.000000	0.000000
0.322000	2.000000	5.111342	-0.004413	0.000000	0.000000	27.408852	0.000000	0.000000	-9.552138	0.000000	0.000000
0.323000	2.000000	5.137875	-0.004413	0.000000	0.000000	27.374815	0.000000	0.000000	-9.795959	0.000000	0.000000
0.324000	2.000000	5.164297	-0.004413	0.000000	0.000000	27.376960	0.000000	0.000000	-6.586124	0.000000	0.000000
0.325000	2.000000	5.190778	-0.004413	0.000000	0.000000	27.381607	0.000000	0.000000	-4.292991	0.000000	0.000000
0.326000	2.000000	5.217671	-0.004413	0.000000	0.000000	27.387507	0.000000	0.000000	-4.465749	0.000000	0.000000
0.327000	2.000000	5.244344	-0.004413	0.000000	0.000000	27.400803	0.000000	0.000000	-6.012849	0.000000	0.000000
0.328000	2.000000	5.269394	-0.004413	0.000000	0.000000	27.372582	0.000000	0.000000	-8.652968	0.000000	0.000000
0.329000	2.000000	5.293406	-0.004413	0.000000	0.000000	27.265566	0.000000	0.000000	-12.826453	0.000000	0.000000
0.330000	2.000000	5.318643	-0.004413	0.000000	0.000000	27.164579	0.000000	0.000000	-15.954420	0.000000	0.000000
0.331000	2.000000	5.345402	-0.004413	0.000000	0.000000	27.186770	0.000000	0.000000	-12.633505	0.000000	0.000000
0.332000	2.000000	5.372254	-0.004413	0.000000	0.000000	27.229596	0.000000	0.000000	-7.964672	0.000000	0.000000
0.333000	2.000000	5.398712	-0.004413	0.000000	0.000000	27.035931	0.000000	0.000000	-17.331288	0.000000	0.000000
0.334000	2.000000	5.425147	-0.004413	0.000000	0.000000	26.663467	0.000000	0.000000	-38.092250	0.000000	0.000000
0.335000	2.000000	5.451686	-0.004413	0.000000	0.000000	26.465017	0.000000	0.000000	-49.474170	0.000000	0.000000
0.336000	2.000000	5.478234	-0.004413	0.000000	0.000000	26.497935	0.000000	0.000000	-47.654918	0.000000	0.000000
0.337000	2.000000	5.504753	-0.004413	0.000000	0.000000	26.516376	0.000000	0.000000	-46.296995	0.000000	0.000000
0.338000	2.000000	5.531262	-0.004413	0.000000	0.000000	26.446980	0.000000	0.000000	-49.572293	0.000000	0.000000
0.339000	2.000000	5.557783	-0.004413	0.000000	0.000000	26.401192	0.000000	0.000000	-51.817299	0.000000	0.000000
0.340000	2.000000	5.584335	-0.004413	0.000000	0.000000	26.409754	0.000000	0.000000	-51.783766	0.000000	0.000000
0.341000	2.000000	5.610866	-0.004413	0.000000	0.000000	26.414271	0.000000	0.000000	-51.785113	0.000000	0.000000
0.342000	2.000000	5.637287	-0.004413	0.000000	0.000000	26.405620	0.000000	0.000000	-50.657514	0.000000	0.000000
0.343000	2.000000	5.663776	-0.004413	0.000000	0.000000	26.433301	0.000000	0.000000	-46.454777	0.000000	0.000000
0.344000	2.000000	5.690679	-0.004413	0.000000	0.000000	26.503256	0.000000	0.000000	-41.502831	0.000000	0.000000
0.345000	2.000000	5.717322	-0.004413	0.000000	0.000000	26.548357	0.000000	0.000000	-39.457290	0.000000	0.000000
0.346000	2.000000	5.742315	-0.004413	0.000000	0.000000	26.510137	0.000000	0.000000	-41.498593	0.000000	0.000000
0.347000	2.000000	5.766332	-0.004413	0.000000	0.000000	26.409054	0.000000	0.000000	-46.592978	0.000000	0.000000
0.348000	2.000000	5.791630	-0.004413	0.000000	0.000000	26.320748	0.000000	0.000000	-51.431152	0.000000	0.000000
0.349000	2.000000	5.818412	-0.004413	0.000000	0.000000	26.285279	0.000000	0.000000	-51.776309	0.000000	0.000000
0.350000	2.000000	5.845244	-0.004413	0.000000	0.000000	26.291927	0.000000	0.000000	-46.363735	0.000000	0.000000
0.351000	2.000000	5.871694	-0.004413	0.000000	0.000000	26.341211	0.000000	0.000000	-39.207999	0.000000	0.000000
0.352000	2.000000	5.898160	-0.004413	0.000000	0.000000	26.404138	0.000000	0.000000	-37.268210	0.000000	0.000000
0.353000	2.000000	5.924709	-0.004413	0.000000	0.000000	26.400824	0.000000	0.000000	-39.465334	0.000000	0.000000
0.354000	2.000000	5.951151	-0.004413	0.000000	0.000000	26.332761	0.000000	0.000000	-33.484302	0.000000	0.000000
0.355000	2.000000	5.977640	-0.004413	0.000000	0.000000	26.291539	0.000000	0.000000	-17.710843	0.000000	0.000000
0.356000	2.000000	6.004544	-0.004413	0.000000	0.000000	26.307355	0.000000	0.000000	-7.507681	0.000000	0.000000
0.357000	2.000000	6.031169	-0.004413	0.000000	0.000000	26.320249	0.000000	0.000000	-8.461238	0.000000	0.000000
0.358000	2.000000	6.056126	-0.004413	0.000000	0.000000	26.280305	0.000000	0.000000	-11.241457	0.000000	0.000000
0.359000	2.000000	6.080147	-0.004413	0.000000	0.000000	26.216465	0.000000	0.000000	-10.976919	0.000000	0.000000
0.360000	2.000000	6.105481	-0.004413	0.000000	0.000000	26.187950	0.000000	0.000000	-10.154369	0.000000	0.000000
0.361000	2.000000	6.132279	-0.004413	0.000000	0.000000	26.195563	0.000000	0.000000	-10.199557	0.000000	0.000000
0.362000	2.000000	6.159108	-0.004413	0.000000	0.000000	26.202987	0.000000	0.000000	-10.061143	0.000000	0.000000
0.363000	2.000000	6.185556	-0.004413	0.000000	0.000000	26.200333	0.000000	0.000000	-9.775589	0.000000	0.000000
0.364000	2.000000	6.211999	-0.004413	0.000000	0.000000	26.198157	0.000000	0.000000	-11.197331	0.000000	0.000000
0.365000	2.000000	6.238542	-0.004413	0.000000	0.000000	26.201116	0.000000	0.000000	-14.387580	0.000000	0.000000
0.366000	2.000000	6.265077	-0.004413	0.000000	0.000000	26.202410	0.000000	0.000000	-16.473637	0.000000	0.000000
0.367000	2.000000	6.291592	-0.004413	0.000000	0.000000	26.193215	0.000000	0.000000	-15.091532	0.000000	0.000000
0.368000	2.000000	6.318145	-0.004413	0.000000	0.000000	26.190280	0.000000	0.000000	-10.417805	0.000000	0.000000
0.369000	2.000000	6.344676	-0.004413	0.000000	0.000000	26.226407	0.000000	0.000000	-4.492439	0.000000	0.000000
0.370000	2.000000	6.371066	-0.004413	0.000000	0.000000	26.284395	0.000000	0.000000	-0.042094	0.000000	0.000000
0.371000	2.000000	6.397562	-0.004413	0.000000	0.000000	26.315108	0.000000	0.000000	1.103865	0.000000	0.000000
0.372000	2.000000	6.424588	-0.004413	0.000000	0.000000	26.321610	0.000000	0.000000	-0.933366	0.000000	0.000000
0.373000	2.000000	6.451202	-0.004413	0.000000	0.000000	26.315817	0.000000	0.000000	-4.205743	0.000000	0.000000
0.374000	2.000000	6.475708	-0.004413	0.000000	0.000000	26.268194	0.000000	0.000000	-6.315726	0.000000	0.000000
0.375000	2.000000	6.499667	-0.004413	0.000000	0.000000	26.207823	0.000000	0.000000	-5.949389	0.000000	0.000000
0.376000	2.000000	6.526688	-0.004413	0.000000	0.000000	26.219553	0.000000	0.000000	-3.427888	0.000000	0.000000
0.377000	2.000000	6.555999	-0.004413	0.000000	0.000000	26.286949	0.000000	0.000000	-0.971748	0.000000	0.000000
0.378000	2.000000	6.583905	-0.004413	0.000000	0.000000	26.320780	0.000000	0.000000	0.025268	0.000000	0.000000
0.379000	2.000000	6.610046	-0.004413	0.000000	0.000000	26.311804	0.000000	0.000000	1.499967	0.000000	0.000000
0.380000	2.000000	6.636349	-0.004413	0.000000	0.000000	26.306491	0.000000	0.000000	4.286971	0.000000	0.000000
0.381000	2.000000	6.662995	-0.004413	0.000000	0.000000	26.308800	0.000000	0.000000	5.754732	0.000000	0.000000
0.382000	2.000000	6.688902	-0.004413	0.000000	0.000000	26.293553	0.000000	0.000000	4.666200	0.000000	0.000000
0.383000	2.000000	6.713032	-0.004413	0.000000	0.000000	26.237695	0.000000	0.000000	1.652759	0.000000	0.000000
0.384000	2.000000	6.734955	-0.004413	0.000000	0.000000	26.126331	0.000000	0.000000	-3.523881	0.000000	0.000000
0.385000	2.000000	6.761353	-0.004413	0.000000	0.000000	26.114002	0.000000	0.000000	-4.007371	0.000000	0.000000
0.386000	2.000000	6.802163	-0.004413	0.000000	0.000000	26.459522	0.000000	0.000000	12.305010	0.000000	0.000000
0.387000	2.000000	6.846296	-0.004413	0.000000	0.000000	26.926367	0.000000	0.000000	34.474128	0.000000	0.000000
0.388000	2.000000	6.870466	-0.004413	0.000000	0.000000	26.930101	0.000000	0.000000	35.089818	0.000000	0.000000
0.389000	2.000000	6.879943	-0.004413	0.000000	0.000000	26.544240	0.000000	0.000000	16.855211	0.000000	0.000000
0.390000	2.000000	6.897919	-0.004413	0.000000	0.000000	26.329436	0.000000	0.000000	4.906122	0.000000	0.000000
0.391000	2.000000	6.926869	-0.004413	0.000000	0.000000	26.381101	0.000000	0.000000	4.605020	0.000000	0.000000
0.392000	2.000000	6.955733	-0.004413	0.000000	0.000000	26.439969	0.000000	0.000000	5.945739	0.000000	0.000000
0.393000	2.000000	6.981609	-0.004413	0.000000	0.000000	26.425594	0.000000	0.000000	4.951596	0.000000	0.000000
0.394000	2.000000	7.007128	-0.004413	0.000000	0.000000	26.400448	0.000000	0.000000	4.030047	0.000000	0.000000
0.395000	2.000000	7.033795	-0.004413	0.000000	0.000000	26.405956	0.000000	0.000000	6.560096	0.000000	0.000000
0.396000	2.000000	7.062168	-0.004413	0.000000	0.000000	26.451883	0.000000	0.000000	11.621864	0.000000	0.000000
0.397000	2.000000	7.091124	-0.004413	0.000000	0.000000	26.501958	0.000000	0.000000	13.447834	0.000000	0.000000
0.398000	2.000000	7.118639	-0.004413	0.000000	0.000000	26.523665	0.000000	0.000000	11.272203	0.000000	0.000000
0.399000	2.000000	7.144855	-0.004413	0.000000	0.000000	26.554361	0.000000	0.000000	11.122919	0.000000	0.000000
0.400000	2.000000	7.171221	-0.004413	0.000000	0.000000	26.611576	0.000000	0.000000	14.274843	0.000000	0.000000
0.401000	2.000000	7.197832	-0.004413	0.000000	0.000000	26.642692	0.000000	0.000000	16.009560	0.000000	0.000000
0.402000	2.000000	7.224012	-0.004413	0.000000	0.000000	26.627642	0.000000	0.000000	15.182969	0.000000	0.000000
0.403000	2.000000	7.250496	-0.004413	0.000000	0.000000	26.619214	0.000000	0.000000	15.507666	0.000000	0.000000
0.404000	2.000000	7.278715	-0.004413	0.000000	0.000000	26.662404	0.000000	0.000000	20.224227	0.000000	0.000000
0.405000	2.000000	7.307719	-0.004413	0.000000	0.000000	26.724881	0.000000	0.000000	28.502359	0.000000	0.000000
0.406000	2.000000	7.335256	-0.004413	0.000000	0.000000	26.749118	0.000000	0.000000	30.243575	0.000000	0.000000
0.407000	2.000000	7.361450	-0.004413	0.000000	0.000000	26.740807	0.000000	0.000000	13.394545	0.000000	0.000000
0.408000	2.000000	7.387806	-0.004413	0.000000	0.000000	26.736929	0.000000	0.000000	-9.020848	0.000000	0.000000
0.409000	2.000000	7.414419	-0.004413	0.000000	0.000000	26.738383	0.000000	0.000000	-9.129453	0.000000	0.000000
0.410000	2.000000	7.440616	-0.004413	0.000000	0.000000	26.730241	0.000000	0.000000	8.857224	0.000000	0.000000
0.411000	2.000000	7.467114	-0.004413	0.000000	0.000000	26.732875	0.000000	0.000000	19.211402	0.000000	0.000000
0.412000	2.000000	7.495284	-0.004413	0.000000	0.000000	26.773703	0.000000	0.000000	18.695352	0.000000	0.000000
0.413000	2.000000	7.524284	-0.004413	0.000000	0.000000	26.821858	0.000000	0.000000	18.185202	0.000000	0.000000
0.414000	2.000000	7.552064	-0.004413	0.000000	0.000000	26.850297	0.000000	0.000000	20.223962	0.000000	0.000000
0.415000	2.000000	7.578247	-0.004413	0.000000	0.000000	26.891187	0.000000	0.000000	23.368524	0.000000	0.000000
0.416000	2.000000	7.603601	-0.004413	0.000000	0.000000	26.925217	0.000000	0.000000	24.726731	0.000000	0.000000
0.417000	2.000000	7.630238	-0.004413	0.000000	0.000000	26.915845	0.000000	0.000000	22.093427	0.000000	0.000000
0.418000	2.000000	7.660204	-0.004413	0.000000	0.000000	26.931828	0.000000	0.000000	20.470024	0.000000	0.000000
0.419000	2.000000	7.686584	-0.004413	0.000000	0.000000	26.894604	0.000000	0.000000	17.663775	0.000000	0.000000
0.420000	2.000000	7.699333	-0.004413	0.000000	0.000000	26.567967	0.000000	0.000000	0.647911	0.000000	0.000000
0.421000	2.000000	7.711223	-0.004413	0.000000	0.000000	26.216436	0.000000	0.000000	-18.816218	0.000000	0.000000
0.422000	2.000000	7.745048	-0.004413	0.000000	0.000000	26.391536	0.000000	0.000000	-11.959816	0.000000	0.000000
0.423000	2.000000	7.788251	-0.004413	0.000000	0.000000	26.813399	0.000000	0.000000	8.845552	0.000000	0.000000
0.424000	2.000000	7.811131	-0.004413	0.000000	0.000000	26.782903	0.000000	0.000000	7.794716	0.000000	0.000000
0.425000	2.000000	7.820304	-0.004413	0.000000	0.000000	26.471926	0.000000	0.000000	-9.070352	0.000000	0.000000
0.426000	2.000000	7.840982	-0.004413	0.000000	0.000000	26.332428	0.000000	0.000000	-18.688242	0.000000	0.000000
0.427000	2.000000	7.872731	-0.004413	0.000000	0.000000	26.111422	0.000000	0.000000	-30.366461	0.000000	0.000000
0.428000	2.000000	7.901618	-0.004413	0.000000	0.000000	25.739553	0.000000	0.000000	-47.678781	0.000000	0.000000
0.429000	2.000000	7.927098	-0.004413	0.000000	0.000000	25.771509	0.000000	0.000000	-45.972384	0.000000	0.000000
0.430000	2.000000	7.955475	-0.004413	0.000000	0.000000	26.232490	0.000000	0.000000	-24.090143	0.000000	0.000000
0.431000	2.000000	7.984669	-0.004413	0.000000	0.000000	26.506081	0.000000	0.000000	-10.674328	0.000000	0.000000
0.432000	2.000000	8.009100	-0.004413	0.000000	0.000000	26.395891	0.000000	0.000000	-16.046860	0.000000	0.000000
0.433000	2.000000	8.035523	-0.004413	0.000000	0.000000	26.336339	0.000000	0.000000	-20.826869	0.000000	0.000000
0.434000	2.000000	8.075175	-0.004413	0.000000	0.000000	26.672347	0.000000	0.000000	-7.119566	0.000000	0.000000
0.435000	2.000000	8.116228	-0.004413	0.000000	0.000000	27.051240	0.000000	0.000000	9.568717	0.000000	0.000000
0.436000	2.000000	8.137249	-0.004413	0.000000	0.000000	26.913514	0.000000	0.000000	1.063169	0.000000	0.000000
0.437000	2.000000	8.146962	-0.004413	0.000000	0.000000	26.458393	0.000000	0.000000	-22.229704	0.000000	0.000000
0.438000	2.000000	8.168147	-0.004413	0.000000	0.000000	26.268844	0.000000	0.000000	-30.809550	0.000000	0.000000
0.439000	2.000000	8.199845	-0.004413	0.000000	0.000000	26.370877	0.000000	0.000000	-26.711972	0.000000	0.000000
0.440000	2.000000	8.229296	-0.004413	0.000000	0.000000	26.449795	0.000000	0.000000	-21.181407	0.000000	0.000000
0.441000	2.000000	8.254710	-0.004413	0.000000	0.000000	26.426543	0.000000	0.000000	-6.734490	0.000000	0.000000
0.442000	2.000000	8.280020	-0.004413	0.000000	0.000000	26.394826	0.000000	0.000000	8.494783	0.000000	0.000000
0.443000	2.000000	8.306906	-0.004413	0.000000	0.000000	26.412051	0.000000	0.000000	0.976922	0.000000	0.000000
0.444000	2.000000	8.335605	-0.004413	0.000000	0.000000	26.466087	0.000000	0.000000	-16.538666	0.000000	0.000000
0.445000	2.000000	8.364466	-0.004413	0.000000	0.000000	26.481750	0.000000	0.000000	-14.340605	0.000000	0.000000
0.446000	2.000000	8.391269	-0.004413	0.000000	0.000000	26.428046	0.000000	0.000000	-2.089530	0.000000	0.000000
0.447000	2.000000	8.417546	-0.004413	0.000000	0.000000	26.397313	0.000000	0.000000	3.089795	0.000000	0.000000
0.448000	2.000000	8.446226	-0.004413	0.000000	0.000000	26.457931	0.000000	0.000000	16.500423	0.000000	0.000000
0.449000	2.000000	8.475181	-0.004413	0.000000	0.000000	26.521340	0.000000	0.000000	37.227953	0.000000	0.000000
0.450000	2.000000	8.500385	-0.004413	0.000000	0.000000	26.486976	0.000000	0.000000	34.069878	0.000000	0.000000
0.451000	2.000000	8.524160	-0.004413	0.000000	0.000000	26.427905	0.000000	0.000000	9.305495	0.000000	0.000000
0.452000	2.000000	8.551397	-0.004413	0.000000	0.000000	26.445937	0.000000	0.000000	-2.863974	0.000000	0.000000
0.453000	2.000000	8.580827	-0.004413	0.000000	0.000000	26.476647	0.000000	0.000000	3.845502	0.000000	0.000000
0.454000	2.000000	8.608503	-0.004413	0.000000	0.000000	26.444365	0.000000	0.000000	5.144087	0.000000	0.000000
0.455000	2.000000	8.634534	-0.004413	0.000000	0.000000	26.401686	0.000000	0.000000	-12.888607	0.000000	0.000000
0.456000	2.000000	8.660859	-0.004413	0.000000	0.000000	26.405168	0.000000	0.000000	-30.765308	0.000000	0.000000
0.457000	2.000000	8.687491	-0.004413	0.000000	0.000000	26.436324	0.000000	0.000000	-22.723310	0.000000	0.000000
0.458000	2.000000	8.713664	-0.004413	0.000000	0.000000	26.425023	0.000000	0.000000	-1.589075	0.000000	0.000000
0.459000	2.000000	8.740248	-0.004413	0.000000	0.000000	26.342529	0.000000	0.000000	3.508807	0.000000	0.000000
0.460000	2.000000	8.768616	-0.004413	0.000000	0.000000	26.391031	0.000000	0.000000	0.959735	0.000000	0.000000
0.461000	2.000000	8.797574	-0.004413	0.000000	0.000000	26.786383	0.000000	0.000000	16.028017	0.000000	0.000000
0.462000	2.000000	8.824968	-0.004413	0.000000	0.000000	27.164517	0.000000	0.000000	35.141632	0.000000	0.000000
0.463000	2.000000	8.851109	-0.004413	0.000000	0.000000	26.977100	0.000000	0.000000	27.727346	0.000000	0.000000
0.464000	2.000000	8.877373	-0.004413	0.000000	0.000000	26.563950	0.000000	0.000000	7.233275	0.000000	0.000000
0.465000	2.000000	8.904006	-0.004413	0.000000	0.000000	26.655476	0.000000	0.000000	9.018547	0.000000	0.000000
0.466000	2.000000	8.930705	-0.004413	0.000000	0.000000	27.082951	0.000000	0.000000	28.628588	0.000000	0.000000
0.467000	2.000000	8.957170	-0.004413	0.000000	0.000000	27.224078	2.115516E-17	0.000000	37.906299	1.007389E-15	0.000000
0.468000	2.000000	8.983240	-0.004413	0.000000	0.000000	27.085588	0.000000	0.000000	32.774985	0.000000	0.000000
0.469000	2.000000	9.009890	-0.004413	0.000000	0.000000	27.031023	0.000000	0.000000	27.290085	0.000000	0.000000
0.470000	2.000000	9.038312	-0.004413	0.000000	0.000000	27.102784	0.000000	0.000000	27.687808	0.000000	0.000000
0.471000	2.000000	9.067248	-0.004413	0.000000	0.000000	27.116394	0.000000	0.000000	29.972250	0.000000	0.000000
0.472000	2.000000	9.094603	-0.004413	0.000000	0.000000	27.071576	0.000000	0.000000	30.650994	0.000000	0.000000
0.473000	2.000000	9.120739	-0.004413	0.000000	0.000000	27.113141	0.000000	0.000000	31.771611	0.000000	0.000000
0.474000	2.000000	9.147012	-0.004413	0.000000	0.000000	27.109506	0.000000	0.000000	30.136145	0.000000	0.000000
0.475000	2.000000	9.173648	-0.004413	0.000000	0.000000	26.792009	0.000000	0.000000	16.554489	0.000000	0.000000
0.476000	2.000000	9.200346	-0.004413	0.000000	0.000000	26.441905	0.000000	0.000000	1.915158	0.000000	0.000000
0.477000	2.000000	9.226804	-0.004413	0.000000	0.000000	26.574516	0.000000	0.000000	8.064188	0.000000	0.000000
0.478000	2.000000	9.252870	-0.004413	0.000000	0.000000	26.973373	0.000000	0.000000	25.573738	0.000000	0.000000
0.479000	2.000000	9.279543	-0.004413	0.000000	0.000000	27.107215	2.115516E-17	0.000000	32.485344	1.007389E-15	0.000000
0.480000	2.000000	9.308003	-0.004413	0.000000	0.000000	27.028239	0.000000	0.000000	32.652862	0.000000	0.000000
0.481000	2.000000	9.336923	-0.004413	0.000000	0.000000	27.015283	0.000000	0.000000	29.726264	0.000000	0.000000
0.482000	2.000000	9.364207	-0.004413	0.000000	0.000000	27.060913	0.000000	0.000000	13.072844	0.000000	0.000000
0.483000	2.000000	9.390349	-0.004413	0.000000	0.000000	27.081212	0.000000	0.000000	-3.966914	0.000000	0.000000
0.484000	2.000000	9.416780	-0.004413	0.000000	0.000000	27.070096	0.000000	0.000000	4.428368	0.000000	0.000000
0.485000	2.000000	9.443366	-0.004413	0.000000	0.000000	27.018559	0.000000	0.000000	21.648049	0.000000	0.000000
0.486000	2.000000	9.469504	-0.004413	0.000000	0.000000	26.952137	0.000000	0.000000	14.126693	0.000000	0.000000
0.487000	2.000000	9.496158	-0.004413	0.000000	0.000000	26.948512	0.000000	0.000000	-6.401857	0.000000	0.000000
0.488000	2.000000	9.524610	-0.004413	0.000000	0.000000	27.001557	0.000000	0.000000	-10.596257	-1.007389E-15	0.000000
0.489000	2.000000	9.553533	-0.004413	0.000000	0.000000	27.007510	0.000000	0.000000	-3.718023	0.000000	0.000000
0.490000	2.000000	9.580837	-0.004413	0.000000	0.000000	26.967221	0.000000	0.000000	-3.038183	0.000000	0.000000
0.491000	2.000000	9.606958	-0.004413	0.000000	0.000000	26.989581	0.000000	0.000000	-5.390617	0.000000	0.000000
0.492000	2.000000	9.633244	-0.004413	0.000000	0.000000	27.050817	0.000000	0.000000	-3.122682	0.000000	0.000000
0.493000	2.000000	9.659886	-0.004413	0.000000	0.000000	27.036313	0.000000	0.000000	-1.679156	0.000000	0.000000
0.494000	2.000000	9.686582	-0.004413	0.000000	0.000000	26.969633	0.000000	0.000000	-6.833721	0.000000	0.000000
0.495000	2.000000	9.713028	-0.004413	0.000000	0.000000	26.939632	0.000000	0.000000	-8.089207	0.000000	0.000000
0.496000	2.000000	9.739093	-0.004413	0.000000	0.000000	26.940478	0.000000	0.000000	7.069923	0.000000	0.000000
0.497000	2.000000	9.765806	-0.004413	0.000000	0.000000	26.949940	0.000000	0.000000	24.192154	0.000000	0.000000
0.498000	2.000000	9.794303	-0.004413	0.000000	0.000000	26.995433	0.000000	0.000000	20.043629	0.000000	0.000000
0.499000	2.000000	9.823204	-0.004413	0.000000	0.000000	27.061964	0.000000	0.000000	4.218617	0.000000	0.000000
0.500000	2.000000	9.850472	-0.004413	0.000000	0.000000	27.078640	0.000000	0.000000	-1.360697	-1.007389E-15	0.000000
0.501000	2.000000	9.876588	-0.004413	0.000000	0.000000	27.023708	0.000000	0.000000	-0.215745	0.000000	0.000000
0.502000	2.000000	9.902883	-0.004413	0.000000	0.000000	26.958760	0.000000	0.000000	-2.691550	0.000000	0.000000
0.503000	2.000000	9.929528	-0.004413	0.000000	0.000000	26.940489	0.000000	0.000000	-5.734466	0.000000	0.000000
0.504000	2.000000	9.956222	-0.004413	0.000000	0.000000	26.953967	0.000000	0.000000	-6.059284	0.000000	0.000000
0.505000	2.000000	9.982661	-0.004413	0.000000	0.000000	26.958255	0.000000	0.000000	-5.325755	0.000000	0.000000
0.506000	2.000000	10.008725	-0.004413	0.000000	0.000000	26.944376	0.000000	0.000000	-3.532526	0.000000	0.000000
0.507000	2.000000	10.035462	-0.004413	0.000000	0.000000	26.945288	0.000000	0.000000	-0.326123	0.000000	0.000000
0.508000	2.000000	10.063988	-0.004413	0.000000	0.000000	26.995561	-2.115516E-17	0.000000	2.240448	-1.007389E-15	0.000000
0.509000	2.000000	10.092873	-0.004413	0.000000	0.000000	27.064223	0.000000	0.000000	2.984078	0.000000	0.000000
0.510000	2.000000	10.120100	-0.004413	0.000000	0.000000	27.078290	0.000000	0.000000	3.370483	0.000000	0.000000
0.511000	2.000000	10.146214	-0.004413	0.000000	0.000000	27.022010	0.000000	0.000000	2.609004	0.000000	0.000000
0.512000	2.000000	10.172558	-0.004413	0.000000	0.000000	26.958803	0.000000	0.000000	-1.465625	0.000000	0.000000
0.513000	2.000000	10.199187	-0.004413	0.000000	0.000000	26.941063	0.000000	0.000000	-5.226386	0.000000	0.000000
0.514000	2.000000	10.225727	-0.004413	0.000000	0.000000	26.950920	0.000000	0.000000	-4.066370	0.000000	0.000000
0.515000	2.000000	10.252236	-0.004413	0.000000	0.000000	26.956680	0.000000	0.000000	-0.616812	0.000000	0.000000
0.516000	2.000000	10.278865	-0.004413	0.000000	0.000000	26.956523	0.000000	0.000000	0.804292	0.000000	0.000000
0.517000	2.000000	10.305334	-0.004413	0.000000	0.000000	26.950914	0.000000	0.000000	0.496966	0.000000	0.000000
0.518000	2.000000	10.331413	-0.004413	0.000000	0.000000	26.941684	0.000000	0.000000	-0.393133	0.000000	0.000000
0.519000	2.000000	10.358169	-0.004413	0.000000	0.000000	26.958519	0.000000	0.000000	-1.757787	0.000000	0.000000
0.520000	2.000000	10.386720	-0.004413	0.000000	0.000000	27.004320	-2.115516E-17	0.000000	-2.744929	-1.007389E-15	0.000000
0.521000	2.000000	10.415591	-0.004413	0.000000	0.000000	27.014352	0.000000	0.000000	-3.061359	0.000000	0.000000
0.522000	2.000000	10.442784	-0.004413	0.000000	0.000000	26.972226	0.000000	0.000000	-2.451528	0.000000	0.000000
0.523000	2.000000	10.468890	-0.004413	0.000000	0.000000	26.943500	0.000000	0.000000	-0.726701	0.000000	0.000000
0.524000	2.000000	10.495235	-0.004413	0.000000	0.000000	26.948445	0.000000	0.000000	0.378863	0.000000	0.000000
0.525000	2.000000	10.521870	-0.004413	0.000000	0.000000	26.953410	0.000000	0.000000	-0.026511	0.000000	0.000000
0.526000	2.000000	10.548439	-0.004413	0.000000	0.000000	26.952997	0.000000	0.000000	-0.250414	0.000000	0.000000
0.527000	2.000000	10.574932	-0.004413	0.000000	0.000000	26.961657	0.000000	0.000000	0.822882	0.000000	0.000000
0.528000	2.000000	10.601444	-0.004413	0.000000	0.000000	26.958195	0.000000	0.000000	0.614634	0.000000	0.000000
0.529000	2.000000	10.627973	-0.004413	0.000000	0.000000	26.911307	0.000000	0.000000	-4.012113	1.007389E-15	0.000000
0.530000	2.000000	10.654491	-0.004413	0.000000	0.000000	26.852619	0.000000	0.000000	-10.076344	0.000000	0.000000
0.531000	2.000000	10.681016	-0.004413	0.000000	0.000000	26.833631	0.000000	0.000000	-11.650432	0.000000	0.000000
0.532000	2.000000	10.707570	-0.004413	0.000000	0.000000	26.844210	0.000000	0.000000	-8.466672	0.000000	0.000000
0.533000	2.000000	10.734074	-0.004413	0.000000	0.000000	26.849515	0.000000	0.000000	-5.204190	0.000000	0.000000
0.534000	2.000000	10.760477	-0.004413	0.000000	0.000000	26.843669	0.000000	0.000000	-4.637805	0.000000	0.000000
0.535000	2.000000	10.787073	-0.004413	0.000000	0.000000	26.841245	0.000000	0.000000	-5.222604	0.000000	0.000000
0.536000	2.000000	10.814044	-0.004413	0.000000	0.000000	26.854047	0.000000	0.000000	-4.887251	0.000000	0.000000
0.537000	2.000000	10.840286	-0.004413	0.000000	0.000000	26.858373	0.000000	0.000000	-4.673801	0.000000	0.000000
0.538000	2.000000	10.864736	-0.004413	0.000000	0.000000	26.803154	0.000000	0.000000	-7.036178	0.000000	0.000000
0.539000	2.000000	10.888938	-0.004413	0.000000	0.000000	26.698415	0.000000	0.000000	-11.584243	0.000000	0.000000
0.540000	2.000000	10.914845	-0.004413	0.000000	0.000000	26.625386	0.000000	0.000000	-15.863458	0.000000	0.000000
0.541000	2.000000	10.941792	-0.004413	0.000000	0.000000	26.617571	0.000000	0.000000	-18.416618	1.007389E-15	0.000000
0.542000	2.000000	10.968478	-0.004413	0.000000	0.000000	26.631475	0.000000	0.000000	-18.232241	0.000000	0.000000
0.543000	2.000000	10.994887	-0.004413	0.000000	0.000000	26.634229	0.000000	0.000000	-16.095093	0.000000	0.000000
0.544000	2.000000	11.021366	-0.004413	0.000000	0.000000	26.630185	0.000000	0.000000	-14.919750	0.000000	0.000000
0.545000	2.000000	11.047919	-0.004413	0.000000	0.000000	26.626760	0.000000	0.000000	-15.318336	0.000000	0.000000
0.546000	2.000000	11.074453	-0.004413	0.000000	0.000000	26.629071	0.000000	0.000000	-15.444719	0.000000	0.000000
0.547000	2.000000	11.100968	-0.004413	0.000000	0.000000	26.640065	0.000000	0.000000	-14.901486	0.000000	0.000000
0.548000	2.000000	11.127487	-0.004413	0.000000	0.000000	26.634756	0.000000	0.000000	-15.566710	0.000000	0.000000
0.549000	2.000000	11.154012	-0.004413	0.000000	0.000000	26.585959	0.000000	0.000000	-17.725530	0.000000	0.000000
0.550000	2.000000	11.180535	-0.004413	0.000000	0.000000	26.528342	0.000000	0.000000	-18.236426	0.000000	0.000000
0.551000	2.000000	11.207057	-0.004413	0.000000	0.000000	26.511163	0.000000	0.000000	-16.259820	0.000000	0.000000
0.552000	2.000000	11.233580	-0.004413	0.000000	0.000000	26.521107	0.000000	0.000000	-14.882095	0.000000	0.000000
0.553000	2.000000	11.260103	-0.004413	0.000000	0.000000	26.525464	0.000000	0.000000	-15.178372	0.000000	0.000000
0.554000	2.000000	11.286625	-0.004413	0.000000	0.000000	26.522888	0.000000	0.000000	-15.553625	0.000000	0.000000
0.555000	2.000000	11.313148	-0.004413	0.000000	0.000000	26.522457	0.000000	0.000000	-15.295833	0.000000	0.000000
0.556000	2.000000	11.339670	-0.004413	0.000000	0.000000	26.522781	0.000000	0.000000	-15.164944	0.000000	0.000000
0.557000	2.000000	11.366193	-0.004413	0.000000	0.000000	26.520185	0.000000	0.000000	-15.898194	0.000000	0.000000
0.558000	2.000000	11.392715	-0.004413	0.000000	0.000000	26.521499	0.000000	0.000000	-16.041582	0.000000	0.000000
0.559000	2.000000	11.419238	-0.004413	0.000000	0.000000	26.532310	0.000000	0.000000	-12.897333	0.000000	0.000000
0.560000	2.000000	11.445761	-0.004413	0.000000	0.000000	26.526618	0.000000	0.000000	-8.180814	0.000000	0.000000
0.561000	2.000000	11.472283	-0.004413	0.000000	0.000000	26.477152	0.000000	0.000000	-7.058774	0.000000	0.000000
0.562000	2.000000	11.498806	-0.004413	0.000000	0.000000	26.419868	0.000000	0.000000	-9.414432	0.000000	0.000000
0.563000	2.000000	11.525328	-0.004413	0.000000	0.000000	26.403515	0.000000	0.000000	-10.855214	0.000000	0.000000
0.564000	2.000000	11.551851	-0.004413	0.000000	0.000000	26.413671	0.000000	0.000000	-10.502784	0.000000	0.000000
0.565000	2.000000	11.578373	-0.004413	0.000000	0.000000	26.418001	0.000000	0.000000	-10.103992	0.000000	0.000000
0.566000	2.000000	11.604896	-0.004413	0.000000	0.000000	26.415271	0.000000	0.000000	-10.070890	0.000000	0.000000
0.567000	2.000000	11.631419	-0.004413	0.000000	0.000000	26.414139	0.000000	0.000000	-10.234889	0.000000	0.000000
0.568000	2.000000	11.657942	-0.004413	0.000000	0.000000	26.414878	0.000000	0.000000	-10.723216	0.000000	0.000000
0.569000	2.000000	11.684464	-0.004413	0.000000	0.000000	26.415115	0.000000	0.000000	-10.459082	0.000000	0.000000
0.570000	2.000000	11.710984	-0.004413	0.000000	0.000000	26.414894	0.000000	0.000000	-8.145942	0.000000	0.000000
0.571000	2.000000	11.737509	-0.004413	0.000000	0.000000	26.415070	0.000000	0.000000	-5.393911	0.000000	0.000000
0.572000	2.000000	11.764040	-0.004413	0.000000	0.000000	26.415208	0.000000	0.000000	-4.569273	0.000000	0.000000
0.573000	2.000000	11.790555	-0.004413	0.000000	0.000000	26.414270	0.000000	0.000000	-5.087437	0.000000	0.000000
0.574000	2.000000	11.817046	-0.004413	0.000000	0.000000	26.413945	0.000000	0.000000	-5.310441	0.000000	0.000000
0.575000	2.000000	11.843595	-0.004413	0.000000	0.000000	26.417530	0.000000	0.000000	-5.017069	0.000000	0.000000
0.576000	2.000000	11.870238	-0.004413	0.000000	0.000000	26.418663	0.000000	0.000000	-4.942551	0.000000	0.000000
0.577000	2.000000	11.896658	-0.004413	0.000000	0.000000	26.405225	0.000000	0.000000	-5.597923	0.000000	0.000000
0.578000	2.000000	11.922733	-0.004413	0.000000	0.000000	26.401136	0.000000	0.000000	-5.669043	0.000000	0.000000
0.579000	2.000000	11.949644	-0.004413	0.000000	0.000000	26.461182	0.000000	0.000000	-2.872261	0.000000	0.000000
0.580000	2.000000	11.978337	-0.004413	0.000000	0.000000	26.570689	0.000000	0.000000	1.827587	0.000000	0.000000
0.581000	2.000000	12.007105	-0.004413	0.000000	0.000000	26.640485	0.000000	0.000000	5.422245	0.000000	0.000000
0.582000	2.000000	12.034119	-0.004413	0.000000	0.000000	26.642099	0.000000	0.000000	7.854592	0.000000	0.000000
0.583000	2.000000	12.060203	-0.004413	0.000000	0.000000	26.627432	0.000000	0.000000	9.883970	0.000000	0.000000
0.584000	2.000000	12.086604	-0.004413	0.000000	0.000000	26.627237	0.000000	0.000000	10.653399	0.000000	0.000000
0.585000	2.000000	12.113236	-0.004413	0.000000	0.000000	26.630983	0.000000	0.000000	10.348213	0.000000	0.000000
0.586000	2.000000	12.139762	-0.004413	0.000000	0.000000	26.630299	0.000000	0.000000	10.109426	0.000000	0.000000
0.587000	2.000000	12.166282	-0.004413	0.000000	0.000000	26.629964	0.000000	0.000000	10.223467	0.000000	0.000000
0.588000	2.000000	12.192915	-0.004413	0.000000	0.000000	26.632855	0.000000	0.000000	10.415089	0.000000	0.000000
0.589000	2.000000	12.219335	-0.004413	0.000000	0.000000	26.630421	0.000000	0.000000	10.263984	0.000000	0.000000
0.590000	2.000000	12.245414	-0.004413	0.000000	0.000000	26.619558	0.000000	0.000000	9.735401	0.000000	0.000000
0.591000	2.000000	12.272355	-0.004413	0.000000	0.000000	26.629751	0.000000	0.000000	10.231249	0.000000	0.000000
0.592000	2.000000	12.301071	-0.004413	0.000000	0.000000	26.683270	0.000000	0.000000	12.771430	0.000000	0.000000
0.593000	2.000000	12.329818	-0.004413	0.000000	0.000000	26.737511	0.000000	0.000000	15.347732	0.000000	0.000000
0.594000	2.000000	12.356801	-0.004413	0.000000	0.000000	26.748738	0.000000	0.000000	15.927001	0.000000	0.000000
0.595000	2.000000	12.382880	-0.004413	0.000000	0.000000	26.737912	0.000000	0.000000	15.427031	0.000000	0.000000
0.596000	2.000000	12.409278	-0.004413	0.000000	0.000000	26.734889	0.000000	0.000000	15.112314	0.000000	0.000000
0.597000	2.000000	12.435922	-0.004413	0.000000	0.000000	26.737843	0.000000	0.000000	15.199042	0.000000	0.000000
0.598000	2.000000	12.462485	-0.004413	0.000000	0.000000	26.738837	0.000000	0.000000	15.886301	0.000000	0.000000
0.599000	2.000000	12.488967	-0.004413	0.000000	0.000000	26.737852	0.000000	0.000000	16.034099	0.000000	0.000000
