LabVIEW Measurement	
Writer_Version	2
Reader_Version	2
Separator	Tab
Decimal_Separator	.
Multi_Headings	No
X_Columns	One
Time_Pref	Relative
Operator	MSE_SETUP10
Date	2025/02/17
Time	12:21:20.1482253074645996094
***End_of_Header***	
	
Channels	11											
Samples	600	600	600	600	600	600	600	600	600	600	600	
Date	1903/12/31	1903/12/31	1903/12/31	1903/12/31	1903/12/31	1903/12/31	1903/12/31	1903/12/31	1903/12/31	1903/12/31	1903/12/31	
Time	18:00:00	18:00:00	18:00:00	18:00:00	18:00:00	18:00:00	18:00:00	18:00:00	18:00:00	18:00:00	18:00:00	
X_Dimension	Time	Time	Time	Time	Time	Time	Time	Time	Time	Time	Time	
X0	0.0000000000000000E+0	0.0000000000000000E+0	0.0000000000000000E+0	0.0000000000000000E+0	0.0000000000000000E+0	0.0000000000000000E+0	0.0000000000000000E+0	0.0000000000000000E+0	0.0000000000000000E+0	0.0000000000000000E+0	0.0000000000000000E+0	
Delta_X	0.001000	0.001000	0.001000	0.001000	0.001000	0.001000	0.001000	0.001000	0.001000	0.001000	0.001000	
***End_of_Header***												
X_Value	Input Trajectory	Displacement 1	Displacement 2	Displacement 3	Control Effort	Velocity 1	Velocity 2	Velocity 3	Acceleration 1	Acceleration 2	Acceleration 3	Comment
0.000000	0.000000	0.000000	0.000000	0.000000	0.000000	-33.801357	-1.529877E-8	-1.696816E-12	-1504.876966	-5.068961	0.000745
0.001000	0.000000	1.645388E-34	-2.069654E-43	5.200806E-44	0.000000	-33.746687	2.754147E-7	7.889695E-12	-1501.137710	-5.649350	6.504316E-5
0.002000	0.000000	-1.467854E-36	1.846343E-45	-4.639651E-46	0.000000	-33.693376	5.439710E-8	4.308649E-13	-1499.131497	-5.139121	-0.000199
0.003000	0.000000	-4.947034E-34	6.222636E-43	-1.563678E-43	0.000000	-33.638937	-1.030331E-6	-2.111007E-12	-1499.107561	-4.985428	-1.680922E-5
0.004000	0.000000	1.030774E-35	-1.296561E-44	3.258111E-45	0.000000	-33.585436	-1.928991E-7	-1.091023E-13	-1498.694029	-5.122277	5.339062E-5
0.005000	0.000000	1.817492E-33	-2.286136E-42	5.744800E-43	0.000000	-33.534405	3.854479E-6	5.648174E-13	-1497.275500	-5.162808	4.338788E-6
0.006000	0.000000	-5.759480E-35	7.244572E-44	-1.820479E-44	0.000000	-33.478243	6.819352E-7	2.754072E-14	-1496.371985	-5.126235	-1.428883E-5
0.007000	0.000000	-6.786911E-33	8.536928E-42	-2.145234E-42	0.000000	-33.413365	-1.441929E-5	-1.511176E-13	-1495.271881	-5.116169	-1.118476E-6
0.008000	0.000000	2.873051E-34	-3.613872E-43	9.081251E-44	0.000000	-33.368187	-2.402420E-6	-6.927909E-15	-1494.476383	-5.125448	3.823991E-6
0.009000	0.000000	2.537303E-32	-3.191551E-41	8.020007E-42	0.000000	-33.366744	5.393997E-5	4.043065E-14	-1496.628227	-5.125621	2.879255E-7
0.010000	0.000000	-1.344005E-33	1.690559E-42	-4.248183E-43	0.000000	-33.368004	8.430495E-6	1.735882E-15	-1498.882029	-5.125146	-1.023354E-6
0.011000	0.000000	-9.486321E-32	1.193239E-40	-2.998474E-41	0.000000	-33.326201	-0.000202	-1.081671E-14	-1497.033881	-5.134399	-7.400860E-8
0.012000	0.000000	6.035726E-33	-7.592048E-42	1.907796E-42	0.000000	-33.262275	-2.945240E-5	-4.330065E-16	-1494.198157	-5.126902	2.738567E-7
0.013000	0.000000	3.546620E-31	-4.461122E-40	1.121030E-40	0.000000	-33.207828	0.000755	2.893798E-15	-1494.013750	-5.089759	1.899242E-8
0.014000	0.000000	-2.635206E-32	3.314699E-41	-8.329463E-42	0.000000	-33.154388	0.000102	1.074578E-16	-1493.521712	-5.120635	-7.328406E-8
0.015000	0.000000	-1.325929E-30	1.667823E-39	-4.191050E-40	0.000000	-33.090672	-0.002823	-7.741588E-16	-1490.934722	-5.259895	-4.865360E-9
0.016000	0.000000	1.127029E-31	-1.417636E-40	3.562358E-41	0.000000	-33.045041	-0.000354	-2.650909E-17	-1491.157764	-5.142350	1.961030E-8
0.017000	0.000000	4.956955E-30	-6.235114E-39	1.566814E-39	0.000000	-33.042820	0.010560	2.071002E-16	-1496.080002	-4.622666	1.243997E-9
0.018000	0.000000	-4.744677E-31	5.968100E-40	-1.499716E-40	0.000000	-33.044744	0.001214	6.494054E-18	-1499.589865	-5.067720	-5.247444E-9
0.019000	0.000000	-1.853097E-29	2.330921E-38	-5.857342E-39	0.000000	-33.006076	-0.051586	-5.540130E-17	-1497.958276	-7.581989	-3.174071E-10
0.020000	0.000000	1.972757E-30	-2.481436E-39	6.235567E-40	0.000000	-32.938919	-0.106464	-1.577696E-18	-1493.884647	-10.195214	1.404106E-9
0.021000	0.000000	6.927398E-29	-8.713640E-38	2.189639E-38	0.000000	-32.871056	-0.118638	1.481999E-17	44.300062	-5.649427	8.080146E-11
0.022000	0.000000	-8.120188E-30	1.021399E-38	-2.566661E-39	0.000000	-32.829444	-0.107917	3.794516E-19	43.678247	-5.138936	-3.756997E-10
0.023000	0.000000	-2.589589E-28	3.257319E-37	-8.185275E-38	0.000000	-32.828572	-0.104693	-3.964284E-18	41.181135	-4.985365	-2.051757E-11
0.024000	0.000000	3.314707E-29	-4.169410E-38	1.047725E-38	0.000000	-32.829335	-0.107569	-9.013323E-20	38.552478	-5.122273	1.005242E-10
0.025000	0.000000	9.680110E-28	-1.217614E-36	3.059727E-37	0.000000	-32.790237	-0.108423	1.060401E-18	37.866602	-5.162987	5.195399E-12
0.026000	0.000000	-1.343656E-28	1.690121E-37	-4.247082E-38	0.000000	-32.722942	-0.107651	2.107484E-20	38.641074	-5.126437	-2.689606E-11
0.027000	0.000000	-3.618415E-27	4.551430E-36	-1.143723E-36	0.000000	-32.654224	-0.107425	-2.836380E-19	39.239001	-5.115514	-1.311476E-12
0.028000	0.000000	5.414329E-28	-6.810424E-37	1.711382E-37	0.000000	-32.613915	-0.107632	-4.827022E-21	38.069029	-5.124651	7.196075E-12
0.029000	0.000000	1.352525E-26	-1.701276E-35	4.275114E-36	0.000000	-32.617266	-0.107692	7.586607E-20	35.758146	-5.128076	3.299040E-13
0.030000	0.000000	-2.170553E-27	2.730234E-36	-6.860769E-37	0.000000	-32.614102	-0.107636	1.074857E-21	35.840104	-5.128115	-1.925269E-12
0.031000	0.000000	-5.055463E-26	6.359023E-35	-1.597950E-35	0.000000	-32.559828	-0.107621	-2.029187E-20	38.484531	-5.125192	-8.266201E-14
0.032000	0.000000	8.662682E-27	-1.089637E-35	2.738135E-36	0.000000	-32.506332	-0.107636	-2.297699E-22	39.041385	-5.115892	5.150813E-13
0.033000	0.000000	1.889580E-25	-2.376811E-34	5.972658E-35	0.000000	-32.505815	-0.107640	5.427776E-21	36.021924	-5.124298	2.061962E-14
0.034000	0.000000	-3.443701E-26	4.331666E-35	-1.088499E-35	0.000000	-32.506233	-0.107636	4.606097E-23	33.409279	-5.161451	-1.377999E-13
0.035000	0.000000	-7.062497E-25	8.883574E-34	-2.232342E-34	0.000000	-32.453698	-0.107635	-1.453524E-21	33.366220	-5.130332	-5.117108E-15
0.036000	0.000000	1.364219E-25	-1.715986E-34	4.312078E-35	0.000000	-32.398541	-0.107636	-8.243531E-24	32.958611	-4.991070	3.686470E-14
0.037000	0.000000	2.639611E-24	-3.320240E-33	8.343387E-34	0.000000	-32.394344	-0.107636	3.956350E-22	30.985546	-5.108680	1.262357E-15
0.038000	0.000000	-5.387551E-25	6.776740E-34	-1.702918E-34	0.000000	-32.398386	-0.107636	1.173904E-24	30.687318	-5.628365	-9.861917E-15
0.039000	0.000000	-9.865303E-24	1.240909E-32	-3.118264E-33	0.000000	-32.359386	-0.107636	-1.315885E-22	32.636132	-5.183293	-3.092469E-16
0.040000	0.000000	2.121705E-24	-2.668790E-33	6.706368E-34	0.000000	-32.290702	-0.107636	1.635699E-32	34.065391	-2.669023	2.638157E-15
0.041000	0.000000	3.686970E-23	-4.637661E-32	1.165392E-32	0.000000	8.992609E-22	-1.131137E-30	2.842419E-31	1568.519962	5.069709	7.512838E-17
0.042000	0.000000	-8.334557E-24	1.048364E-32	-2.634420E-33	0.000000	-2.032819E-22	2.556985E-31	-6.425413E-32	1565.288362	5.649428	-7.057139E-16
0.043000	0.000000	-1.377899E-22	1.733193E-31	-4.355317E-32	0.000000	-3.360729E-21	4.227299E-30	-1.062272E-30	1563.306861	5.138923	-1.806913E-17
0.044000	0.000000	3.266520E-23	-4.108798E-32	1.032495E-32	0.000000	7.967123E-22	-1.002146E-30	2.518279E-31	1563.265350	4.985362	1.887754E-16
0.045000	0.000000	5.149367E-22	-6.477141E-31	1.627632E-31	0.000000	1.255943E-20	-1.579790E-29	3.969835E-30	1563.301679	5.122322	4.292059E-18
0.046000	0.000000	-1.277560E-22	1.606981E-31	-4.038161E-32	0.000000	-3.115999E-21	3.919465E-30	-9.849173E-31	1561.439860	5.162996	-5.049530E-17
0.047000	0.000000	-1.924328E-21	2.420519E-30	-6.082491E-31	0.000000	-4.693482E-20	5.903705E-29	-1.483534E-29	1558.235340	5.126253	-1.003564E-18
0.048000	0.000000	4.987083E-22	-6.273011E-31	1.576337E-31	0.000000	1.216362E-20	-1.530003E-29	3.844724E-30	1554.963049	5.115481	1.350657E-17
0.049000	0.000000	7.191059E-21	-9.045286E-30	2.272978E-30	0.000000	1.753917E-19	-2.206167E-28	5.543849E-29	1553.043587	5.125338	2.298582E-19
0.050000	0.000000	-1.943339E-21	2.444433E-30	-6.142584E-31	0.000000	-4.739852E-20	5.962032E-29	-1.498191E-29	1553.203131	5.128190	-3.612670E-18
0.051000	0.000000	-2.687171E-20	3.380063E-29	-8.493716E-30	0.000000	-6.554076E-19	8.244056E-28	-2.071638E-28	1553.052477	5.125546	-5.118367E-20
0.052000	0.000000	7.560434E-21	-9.509906E-30	2.389732E-30	0.000000	1.844008E-19	-2.319489E-28	5.828614E-29	1550.468020	5.124791	9.662796E-19
0.053000	0.000000	1.004122E-19	-1.263037E-28	3.173868E-29	0.000000	2.449078E-18	-3.080577E-27	7.741141E-28	1547.920553	5.125500	1.094146E-20
0.054000	0.000000	-2.936928E-20	3.694220E-29	-9.283158E-30	0.000000	-7.163240E-19	9.010294E-28	-2.264185E-28	1547.895953	5.125700	-2.584656E-19
0.055000	0.000000	-3.752029E-19	4.719496E-28	-1.185956E-28	0.000000	-9.151290E-18	1.151097E-26	-2.892576E-27	1547.915846	5.125510	-2.193517E-21
0.056000	0.000000	1.139293E-19	-1.433061E-28	3.601121E-29	0.000000	2.778763E-18	-3.495271E-27	8.783222E-28	1545.414183	5.125457	6.921548E-20
0.057000	0.000000	1.401956E-18	-1.763453E-27	4.431359E-28	0.000000	3.419406E-17	-4.301106E-26	1.080819E-26	1542.787685	5.125508	3.930638E-22
0.058000	0.000000	-4.413819E-19	5.551930E-28	-1.395137E-28	0.000000	-1.076541E-17	1.354129E-26	-3.402774E-27	1542.587811	5.125522	-1.883992E-20
0.059000	0.000000	-5.238313E-18	6.589022E-27	-1.655747E-27	0.000000	-1.277637E-16	1.607078E-25	-4.038406E-26	1542.780285	5.125508	-5.782326E-23
0.060000	0.000000	1.707924E-18	-2.148316E-27	5.398475E-28	0.000000	4.165669E-17	-5.239795E-26	1.316701E-26	1540.923120	5.125504	6.266748E-21
0.061000	0.000000	1.957208E-17	-2.461878E-26	6.186420E-27	0.000000	4.773678E-16	-6.004580E-25	1.508883E-25	1537.652497	5.125508	7.185156E-24
0.062000	0.000000	-6.601333E-18	8.303498E-27	-2.086575E-27	0.000000	-1.610081E-16	2.025243E-25	-5.089208E-26	-7.667096E-15	9.644070E-24	-2.423446E-24
0.063000	0.000000	-7.312588E-17	9.198152E-26	-2.311392E-26	0.000000	-1.783558E-15	2.243452E-24	-5.637540E-25	-8.493133E-14	1.068310E-22	-2.684543E-23
0.064000	0.000000	2.548791E-17	-3.206001E-26	8.056318E-27	0.000000	6.216563E-16	-7.819515E-25	1.964956E-25	2.960284E-14	-3.723598E-23	9.356982E-24
0.065000	0.000000	2.732082E-16	-3.436554E-25	8.635673E-26	0.000000	6.663615E-15	-8.381840E-24	2.106262E-24	3.173150E-13	-3.991352E-22	1.002982E-22
0.066000	0.000000	-9.831147E-17	1.236613E-25	-3.107467E-26	0.000000	-2.397841E-15	3.016128E-24	-7.579189E-25	-1.141835E-13	1.436259E-22	-3.609156E-23
0.067000	0.000000	-1.020716E-15	1.283910E-24	-3.226319E-25	0.000000	-2.489551E-14	3.131487E-23	-7.869072E-24	-1.185501E-12	1.491184E-21	-3.747177E-22
0.068000	0.000000	3.788497E-16	-4.765368E-25	1.197483E-25	0.000000	9.240238E-15	-1.162285E-23	2.920691E-24	4.400136E-13	-5.534718E-22	1.390812E-22
0.069000	0.000000	3.813332E-15	-4.796607E-24	1.205333E-24	0.000000	9.300811E-14	-1.169904E-22	2.939837E-23	4.428957E-12	-5.570971E-21	1.399922E-21
0.070000	0.000000	-1.458632E-15	1.834743E-24	-4.610502E-25	0.000000	-3.557640E-14	4.474984E-23	-1.124513E-23	-1.694123E-12	2.130955E-21	-5.354849E-22
0.071000	0.000000	-1.424600E-14	1.791935E-23	-4.502931E-24	0.000000	-3.474634E-13	4.370574E-22	-1.098276E-22	-1.654587E-11	2.081226E-20	-5.229884E-21
0.072000	0.000000	5.611280E-15	-7.058158E-24	1.773635E-24	0.000000	1.368605E-13	-1.721502E-22	4.325940E-23	6.517197E-12	-8.197668E-21	2.059981E-21
0.073000	0.000000	5.321935E-14	-6.694206E-23	1.682178E-23	0.000000	1.298033E-12	-1.632733E-21	4.102874E-22	6.181109E-11	-7.774919E-20	1.953749E-20
0.074000	0.000000	-2.156924E-14	2.713090E-23	-6.817689E-24	0.000000	-5.260789E-13	6.617293E-22	-1.662851E-22	-2.505149E-11	3.151107E-20	-7.918374E-21
0.075000	0.000000	-1.988084E-13	2.500715E-22	-6.284015E-23	0.000000	-4.848986E-12	6.099305E-21	-1.532686E-21	-2.309041E-10	2.904431E-19	-7.298506E-20
0.076000	0.000000	8.284804E-14	-1.042106E-22	2.618693E-23	0.000000	2.020684E-12	-2.541721E-21	6.387057E-22	9.622348E-11	-1.210349E-19	3.041469E-20
0.077000	0.000000	7.426572E-13	-9.341527E-22	2.347420E-22	0.000000	1.811359E-11	-2.278421E-20	5.725415E-21	8.625518E-10	-1.084962E-18	2.726388E-19
0.078000	0.000000	-3.179955E-13	3.999911E-22	-1.005133E-22	0.000000	-7.755987E-12	9.755881E-21	-2.451543E-21	-3.693343E-10	4.645678E-19	-1.167406E-19
0.079000	0.000000	-2.774153E-12	3.489473E-21	-8.768652E-22	0.000000	-6.766227E-11	8.510911E-20	-2.138696E-20	-3.222012E-9	4.052814E-18	-1.018426E-18
0.080000	0.000000	1.219737E-12	-1.534248E-21	3.855391E-22	0.000000	2.974967E-11	-3.742068E-20	9.403394E-21	1.416657E-9	-1.781945E-18	4.477826E-19
0.081000	0.000000	1.036241E-11	-1.303438E-20	3.275392E-21	0.000000	2.527418E-10	-3.179117E-19	7.988761E-20	1.203532E-8	-1.513865E-17	3.804171E-18
0.082000	0.000000	-4.675541E-12	5.881137E-21	-1.477863E-21	0.000000	-1.140376E-10	1.434424E-19	-3.604545E-20	-5.430384E-9	6.830618E-18	-1.716457E-18
0.083000	0.000000	-3.870613E-11	4.868657E-20	-1.223438E-20	0.000000	-9.440518E-10	1.187477E-18	-2.983996E-19	-4.495484E-8	5.654653E-17	-1.420950E-17
0.084000	0.000000	1.791148E-11	-2.252998E-20	5.661530E-21	0.000000	4.368653E-10	-5.495118E-19	1.380861E-19	2.080319E-8	-2.616733E-17	6.575555E-18
0.085000	0.000000	1.445729E-10	-1.818513E-19	4.569717E-20	0.000000	3.526168E-9	-4.435397E-18	1.114565E-18	1.679127E-7	-2.112093E-16	5.307452E-17
0.086000	0.000000	-6.857675E-11	8.625939E-20	-2.167601E-20	0.000000	-1.672604E-9	2.103887E-18	-5.286831E-19	-7.964811E-8	1.001855E-16	-2.517549E-17
0.087000	0.000000	-5.399859E-10	6.792222E-19	-1.706809E-19	0.000000	-1.317039E-8	1.656639E-17	-4.162948E-18	-6.271612E-7	7.888758E-16	-1.982356E-16
0.088000	0.000000	2.624096E-10	-3.300724E-19	8.294346E-20	0.000000	6.400235E-9	-8.050546E-18	2.023011E-18	3.047743E-7	-3.833608E-16	9.633424E-17
0.089000	0.000000	2.016816E-9	-2.536855E-18	6.374830E-19	0.000000	4.919063E-8	-6.187452E-17	1.554837E-17	2.342410E-6	-2.946405E-15	7.403983E-16
0.090000	0.000000	-1.003577E-9	1.262351E-18	-3.172144E-19	0.000000	-2.447748E-8	3.078904E-17	-7.736938E-18	-1.165599E-6	1.466150E-15	-3.684270E-16
0.091000	0.000000	-7.532486E-9	9.474751E-18	-2.380898E-18	0.000000	-1.837192E-7	2.310915E-16	-5.807068E-17	-8.748530E-6	1.100435E-14	-2.765270E-15
0.092000	0.000000	3.836182E-9	-4.825348E-18	1.212555E-18	0.000000	9.356541E-8	-1.176914E-16	2.957452E-17	4.455512E-6	-5.604374E-15	1.408316E-15
0.093000	0.000000	2.813188E-8	-3.538573E-17	8.892034E-18	0.000000	6.861433E-7	-8.630666E-16	2.168789E-16	3.267348E-5	-4.109840E-14	1.032756E-14
0.094000	0.000000	-1.465666E-8	1.843590E-17	-4.632734E-18	0.000000	-3.574794E-7	4.496561E-16	-1.129935E-16	-1.702289E-5	2.141227E-14	-5.380663E-15
0.095000	0.000000	-1.050624E-7	1.321529E-16	-3.320853E-17	0.000000	-2.562497E-6	3.223242E-15	-8.099642E-16	-0.000122	1.534877E-13	-3.856972E-14
0.096000	0.000000	5.597144E-8	-7.040377E-17	1.769167E-17	0.000000	1.365157E-6	-1.717165E-15	4.315042E-16	6.500771E-5	-8.177006E-14	2.054789E-14
0.097000	0.000000	3.923594E-7	-4.935300E-16	1.240185E-16	0.000000	9.569741E-6	-1.203732E-14	3.024841E-15	0.000456	-5.732054E-13	1.440400E-13
0.098000	0.000000	-2.136495E-7	2.687395E-16	-6.753119E-17	0.000000	-5.210964E-6	6.554621E-15	-1.647102E-15	-0.000248	3.121259E-13	-7.843371E-14
0.099000	0.000000	-1.465241E-6	1.843056E-15	-4.631391E-16	0.000000	-3.573758E-5	4.495258E-14	-1.129608E-14	-0.001702	2.140599E-12	-5.379082E-13
0.100000	0.000000	8.151717E-7	-1.025365E-15	2.576627E-16	0.000000	1.988224E-5	-2.500891E-14	6.284455E-15	0.000947	-1.190904E-12	2.992608E-13
0.101000	0.320351	5.471698E-6	-6.882585E-15	1.729516E-15	0.000000	0.000133	-1.678679E-13	4.218331E-14	0.006355	-7.993709E-12	2.008729E-12
0.102000	0.639386	-3.108959E-6	3.910610E-15	-9.826920E-16	0.000000	-7.582827E-5	9.538072E-14	-2.396810E-14	-0.003611	4.541954E-12	-1.141342E-12
0.103000	0.955793	-2.043259E-5	2.570116E-14	-6.458412E-15	0.000000	-0.000498	6.268577E-13	-1.575222E-13	-0.023731	2.985036E-11	-7.501057E-12
0.104000	1.268273	1.185241E-5	-1.490857E-14	3.746355E-15	0.000000	0.000289	-3.636237E-13	9.137452E-14	0.013766	-1.731547E-11	4.351182E-12
0.105000	1.575541	7.629790E-5	-9.597145E-14	2.411654E-14	0.000000	0.001861	-2.340767E-12	5.882083E-13	0.088615	-1.114651E-10	2.800991E-11
0.106000	1.876335	-4.516792E-5	5.681455E-14	-1.427685E-14	0.000000	-0.001102	1.385721E-12	-3.482159E-13	-0.052460	6.598691E-11	-1.658176E-11
0.107000	2.169419	-0.000285	3.583599E-13	-9.005179E-14	0.000000	-0.006949	8.740485E-12	-2.196385E-12	-0.330892	4.162135E-10	-1.045897E-10
0.108000	2.453588	0.000175	-2.164318E-13	5.438687E-14	0.000000	0.004276	-5.278825E-12	1.326509E-12	0.203599	-2.513734E-10	6.316730E-11
0.109000	2.727675	0.001975	-1.338088E-12	3.362464E-13	0.000000	0.048163	-3.263630E-11	8.201133E-12	2.293479	-1.554109E-9	3.905300E-10
0.110000	2.990553	0.005071	8.241883E-13	-2.071092E-13	0.000000	0.123693	2.010215E-11	-5.051444E-12	5.890124	9.572484E-10	-2.405457E-10
0.111000	3.241142	0.009263	4.996180E-12	-1.255484E-12	0.000000	0.225924	1.218580E-10	-3.062155E-11	10.758306	5.802763E-9	-1.458169E-9
0.112000	3.478413	0.014203	-3.137480E-12	7.884133E-13	0.000000	0.346408	-7.652391E-11	1.922959E-11	16.495634	-3.644006E-9	9.156976E-10
0.113000	3.701390	0.020068	-1.865432E-11	4.687619E-12	0.000000	0.489473	-4.549833E-10	1.143322E-10	23.308245	-2.166587E-8	5.444387E-9
0.114000	3.909157	0.028294	1.193960E-11	-3.000286E-12	0.000000	0.690106	2.912098E-10	-7.317772E-11	32.862163	1.386717E-8	-3.484664E-9
0.115000	4.100861	0.039280	6.964798E-11	-1.750175E-11	0.000000	0.958040	1.698731E-9	-4.268719E-10	45.620974	8.089194E-8	-2.032723E-8
0.116000	4.275714	0.050645	-4.542111E-11	1.141381E-11	0.000000	1.235252	-1.107832E-9	2.783856E-10	58.821648	-5.275405E-8	1.325650E-8
0.117000	4.432997	0.061183	-2.600313E-10	6.534291E-11	0.000000	1.492279	-6.342226E-9	1.593730E-9	71.060824	-3.020107E-7	7.589187E-8
0.118000	4.572063	0.073226	1.727386E-10	-4.340726E-11	0.000000	1.786007	4.213137E-9	-1.058714E-9	85.047489	2.006261E-7	-5.041508E-8
0.119000	4.692342	0.088274	9.708015E-10	-2.439514E-10	0.000000	2.153017	2.367808E-8	-5.950035E-9	102.524863	1.127528E-6	-2.833349E-7
0.120000	4.793339	0.104851	-6.567335E-10	1.650297E-10	0.000000	2.557338	-1.601789E-8	4.025115E-9	121.779680	-7.627589E-7	1.916727E-7
0.121000	4.874640	0.122002	-3.624291E-9	9.107434E-10	0.000000	2.975661	-8.839735E-8	2.221325E-8	141.697183	-4.209396E-6	1.057774E-6
0.122000	4.935909	0.140837	2.496096E-9	-6.272407E-10	0.000000	3.435043	6.088039E-8	-1.529855E-8	163.567107	2.899074E-6	-7.285046E-7
0.123000	4.976896	0.162247	1.353018E-8	-3.399981E-9	0.000000	3.957245	3.300043E-7	-8.292636E-8	188.443858	1.571449E-5	-3.948873E-6
0.124000	4.997431	0.186023	-9.484395E-9	2.383321E-9	0.000000	4.537140	-2.313267E-7	5.812978E-8	216.078009	-1.101559E-5	2.768092E-6
0.125000	4.997431	0.210959	-5.050933E-8	1.269242E-8	0.000000	5.145344	-1.231935E-6	3.095713E-7	245.002618	-5.866355E-5	1.474149E-5
0.126000	4.976896	0.234022	3.602782E-8	-9.053383E-9	0.000000	5.707849	8.787272E-7	-2.208142E-7	271.713695	4.184427E-5	-1.051499E-5
0.127000	4.935909	0.256812	1.885504E-7	-4.738058E-8	0.000000	6.263696	4.598790E-6	-1.155624E-6	298.323720	0.000219	-5.502969E-5
0.128000	4.874640	0.291452	-1.368201E-7	3.438134E-8	0.000000	7.108583	-3.337075E-6	8.385693E-7	338.834865	-0.000159	3.993198E-5
0.129000	4.793339	0.339426	-7.038349E-7	1.768658E-7	0.000000	8.278695	-1.716671E-5	4.313799E-6	394.019964	-0.000817	0.000205
0.130000	4.692342	0.376460	5.194561E-7	-1.305334E-7	0.000000	9.181941	1.266966E-5	-3.183743E-6	434.941796	0.000603	-0.000152
0.131000	4.572063	0.391110	2.627253E-6	-6.601989E-7	0.000000	9.539273	6.407933E-5	-1.610241E-5	448.360976	0.003051	-0.000767
0.132000	4.432997	0.406336	-1.971688E-6	4.954628E-7	0.000000	9.910641	-4.808994E-5	1.208446E-5	461.176958	-0.002290	0.000575
0.133000	4.275714	0.437793	-9.806643E-6	2.464298E-6	0.000000	10.677868	-0.000239	6.010484E-5	491.974262	-0.011390	0.002862
0.134000	4.100861	0.476425	7.482053E-6	-1.880155E-6	0.000000	11.620120	0.000182	-4.585745E-5	530.030789	0.008690	-0.002184
0.135000	3.909157	0.514114	3.660382E-5	-9.198125E-6	0.000000	12.539362	0.000893	-0.000224	564.250291	0.042513	-0.010683
0.136000	3.701390	0.551249	-2.838572E-5	7.133010E-6	0.000000	13.445095	-0.000692	0.000174	594.621648	-0.032968	0.008285
0.137000	3.478413	0.588765	-0.000137	3.433150E-5	0.000000	14.360130	-0.003332	0.000837	624.994175	-0.158678	0.039874
0.138000	3.241142	0.626518	0.000108	-2.705523E-5	0.000000	15.280920	0.002626	-0.000660	656.601984	0.125048	-0.031423
0.139000	2.990553	0.664208	0.000510	-0.000128	0.000000	16.200207	0.012437	-0.003125	686.390487	0.592240	-0.148823
0.140000	2.727675	0.701502	-0.000415	0.000103	0.000000	17.109843	-0.010130	0.002502	712.229791	-0.482374	0.119160
0.141000	2.453588	0.738667	-0.002943	0.000478	0.000000	18.016258	-0.071786	0.011664	736.139052	-3.418359	0.555442
0.142000	2.169419	0.777195	-0.004576	-0.000396	0.000000	18.955842	-0.111618	-0.009666	760.960993	-5.315121	-0.460302
0.143000	1.876335	0.817321	-0.004298	-0.002833	0.000000	19.934733	-0.104824	-0.069106	785.699536	-4.991632	-3.290781
0.144000	1.575541	0.856466	-0.004741	-0.004675	0.000000	20.889922	-0.115645	-0.114033	806.317939	-5.506934	-5.430121
0.145000	1.268273	0.893676	-0.007150	-0.004738	0.000000	21.796687	-0.174379	-0.115561	821.883179	-8.303744	-5.502913
0.146000	0.955793	0.931896	-0.009118	-0.004369	0.000000	22.727315	-0.222400	-0.106552	837.236717	-10.590421	-5.073937
0.147000	0.639386	0.972188	-0.009209	-0.004445	0.000000	23.713015	-0.224622	-0.108407	857.388885	-10.696307	-5.162248
0.148000	0.320351	1.010983	-0.008747	-0.004324	0.000000	24.665067	-0.213341	-0.105470	876.255738	-10.159330	-5.022335
0.149000	6.123234E-16	1.046436	-0.008724	-0.003963	0.000000	25.518546	-0.212776	-0.096656	876.664883	-10.132031	-4.602719
0.150000	0.000000	1.081144	-0.008848	-0.004828	0.000000	26.321212	-0.215794	-0.117747	859.167495	-10.275077	-5.607222
0.151000	0.000000	1.116695	-0.008853	-0.007264	0.000000	27.112781	-0.215937	-0.177179	853.849537	-10.283331	-8.436939
0.152000	0.000000	1.151713	-0.008820	-0.009109	0.000000	27.864631	-0.215130	-0.222164	872.636071	-10.247335	-10.578472
0.153000	0.000000	1.185165	-0.008819	-0.009181	0.000000	28.560053	-0.215094	-0.223935	888.067266	-10.240264	-10.664128
0.154000	0.000000	1.217339	-0.008828	-0.008750	0.000000	29.201710	-0.215310	-0.213406	882.087738	-10.241449	-10.165065
0.155000	0.000000	1.248521	-0.008828	-0.008731	0.000000	29.761629	-0.215319	-0.212960	863.881375	-10.261965	-10.138747
0.156000	0.000000	1.278715	-0.008826	-0.008847	0.000000	30.230138	-0.215261	-0.215776	842.417888	-10.293037	-10.264361
0.157000	0.000000	1.307797	-0.008826	-0.008851	0.000000	30.662227	-0.215259	-0.215888	819.863455	-10.217446	-10.288677
0.158000	0.000000	1.335466	-0.008826	-0.008821	0.000000	31.080070	-0.215274	-0.215135	796.187634	-10.092472	-10.284391
0.159000	0.000000	1.361939	-0.008826	-0.008819	0.000000	31.432019	-0.215275	-0.215107	769.099946	-10.376225	-10.211756
0.160000	0.000000	1.388420	-0.008826	-0.008828	0.000000	31.710879	-0.215271	-0.215308	738.603414	-10.843221	-10.103950
0.161000	0.000000	1.415255	-0.008826	-0.008828	0.000000	31.961066	-0.215270	-0.215315	707.201139	-9.768600	-10.372264
0.162000	0.000000	1.441005	-0.008826	-0.008826	0.000000	32.170803	-0.215271	-0.215261	674.025979	-6.832663	-10.805988
0.163000	0.000000	1.465212	-0.008826	-0.008826	0.000000	32.301826	-0.215272	-0.215260	635.523061	-4.935905	-9.790171
0.164000	0.000000	1.489558	-0.008826	-0.008826	0.000000	32.373439	-0.215272	-0.215274	592.319312	-5.259401	-6.960345
0.165000	0.000000	1.514411	-0.008826	-0.008826	0.000000	32.399721	-0.215271	-0.215273	548.085670	-4.744084	-4.820989
0.166000	0.000000	1.537335	-0.008826	-0.008826	0.000000	32.350631	-0.215270	-0.215272	502.568784	-1.947203	-4.748139
0.167000	0.000000	1.557319	-0.008826	-0.008826	0.000000	32.275538	-0.215272	-0.215275	454.677275	0.339420	-5.177248
0.168000	0.000000	1.576459	-0.008826	-0.008826	0.000000	32.186518	-0.215276	-0.215266	403.500149	0.445029	-5.088512
0.169000	0.000000	1.596254	-0.008826	-0.008825	0.000000	31.824442	-0.215268	-0.215256	340.922629	-0.091748	-5.227917
0.170000	0.000000	1.616547	-0.008826	-0.008827	0.000000	31.149292	-0.215254	-0.215292	268.130748	-0.118009	-5.649298
0.171000	0.000000	1.636739	-0.008826	-0.008829	0.000000	30.738522	-0.215284	-0.215328	210.348087	0.024278	-4.646682
0.172000	0.000000	1.655758	-0.008826	-0.008824	0.000000	30.845070	-0.215336	-0.215195	177.728021	0.028656	-1.810296
0.173000	0.000000	1.673384	-0.008826	-0.008817	0.000000	30.903610	-0.215224	-0.215061	144.713301	-0.004457	0.338227
0.174000	0.000000	1.690965	-0.008826	-0.008835	0.000000	30.565187	-0.215032	-0.215559	95.482566	0.002942	0.398849
0.175000	0.000000	1.708934	-0.008826	-0.008860	0.000000	30.061200	-0.215453	-0.216054	40.928102	-0.006815	-0.126101
0.176000	0.000000	1.725866	-0.008826	-0.008791	0.000000	29.554933	-0.216165	-0.214188	-9.842630	-0.040310	-0.058484
0.177000	0.000000	1.741278	-0.008826	-0.008699	0.000000	29.025095	-0.214583	-0.212353	-57.383011	0.032276	0.162979
0.178000	0.000000	1.756620	-0.008826	-0.008959	0.000000	28.484249	-0.211935	-0.219356	-103.713241	0.158285	-0.165146
0.179000	0.000000	1.772380	-0.008825	-0.009299	0.000000	27.947863	-0.217882	-0.226145	-149.152731	-0.124171	-0.524277
0.180000	0.000000	1.787088	-0.008827	-0.008308	0.000000	27.387314	-0.227725	-0.199509	-192.605019	-0.592870	0.742753
0.181000	0.000000	1.800268	-0.008829	-0.005844	0.000000	26.799166	-0.205200	-0.145048	-233.891070	0.479563	3.345742
0.182000	0.000000	1.813447	-0.008824	-0.004090	0.000000	26.214142	-0.143423	-0.111423	-273.663058	3.421307	4.947249
0.183000	0.000000	1.827055	-0.008817	-0.004073	0.000000	25.606342	-0.103436	-0.089675	-312.593387	5.325481	5.980291
0.184000	0.000000	1.839369	-0.008836	-0.004509	0.000000	24.927996	-0.110684	-0.040877	-351.134754	4.980344	8.303965
0.185000	0.000000	1.850115	-0.008859	-0.004535	0.000000	24.235332	-0.100437	0.003431	-387.528905	5.468329	10.414498
0.186000	0.000000	1.861753	-0.008789	-0.004353	0.000000	23.611642	-0.039996	0.009393	-418.479967	8.346421	10.698391
0.187000	0.000000	1.875186	-0.008702	-0.004265	0.000000	23.007070	0.010152	0.002520	-444.931482	10.734392	10.371046
0.188000	0.000000	1.888328	-0.008965	-0.004558	0.000000	22.344858	0.005965	-0.002773	-472.889516	10.535116	10.119124
0.189000	0.000000	1.899703	-0.009288	-0.004882	0.000000	21.676100	-0.013206	-0.013614	-500.496105	9.622397	9.602478
0.190000	0.000000	1.909304	-0.008284	-0.003869	0.000000	21.045569	0.010717	0.002297	-513.279664	10.761186	10.359680
0.191000	0.000000	1.917902	-0.005837	-0.001419	0.000000	20.408715	0.073438	0.083142	-511.456010	13.747248	14.211129
0.192000	0.000000	1.927294	-0.004039	0.000370	0.000000	19.770709	0.117423	0.186204	-522.276805	15.843168	19.120541
0.193000	0.000000	1.938286	-0.003954	0.000447	0.000000	19.184713	0.118681	0.233064	-555.255050	15.905543	21.345653
0.194000	0.000000	1.949930	-0.004660	-0.000233	0.000000	18.652818	0.101439	0.218240	-583.371066	15.079188	20.633391
0.195000	0.000000	1.961230	-0.005003	-0.000548	0.000000	18.143687	0.093275	0.200040	-591.500005	14.681266	19.790408
0.196000	0.000000	1.971365	-0.003777	0.000587	0.000000	17.630334	0.123207	0.227272	-591.946006	16.126672	21.110766
0.197000	0.000000	1.980210	-0.001216	0.003040	0.000000	17.109623	0.185609	0.289919	-592.633848	19.132103	24.005062
0.198000	0.000000	1.988702	0.000186	0.004786	0.000000	16.607446	0.219784	0.332621	-591.316599	20.684130	25.951167
0.199000	0.000000	1.997487	-0.000148	0.004852	0.000000	16.146844	0.211654	0.333470	-587.495476	20.170898	26.325057
0.200000	0.000000	2.006601	0.000486	0.004171	0.000000	15.723463	0.227139	0.316850	-582.114248	21.191473	25.856913
0.201000	0.000000	2.015663	0.002950	0.003860	0.000000	15.298606	0.287224	0.309453	-575.652763	24.521395	24.236303
0.202000	0.000000	2.023733	0.004822	0.005031	0.000000	14.840946	0.332885	0.338030	-569.439046	25.623079	23.003690
0.203000	0.000000	2.030449	0.004877	0.007511	0.000000	14.376687	0.334217	0.398451	-563.688341	22.744738	24.279689
0.204000	0.000000	2.036408	0.004159	0.009166	0.000000	13.931627	0.316702	0.438811	-555.938795	20.006566	25.166037
0.205000	0.000000	2.042649	0.003854	0.009134	0.000000	13.490028	0.309274	0.438062	-544.665140	19.998027	22.806622
0.206000	0.000000	2.050719	0.005048	0.008735	0.000000	13.080686	0.338388	0.428312	-531.173618	20.896394	20.232434
0.207000	0.000000	2.060139	0.007529	0.008744	0.000000	12.751313	0.398906	0.428539	-517.158528	20.900112	19.959337
0.208000	0.000000	2.067351	0.009169	0.008851	0.000000	12.439815	0.438913	0.431148	-503.202637	20.417186	20.410869
0.209000	0.000000	2.071475	0.009131	0.008848	0.000000	12.073577	0.437972	0.431073	-489.108620	20.571738	20.659332
0.210000	0.000000	2.075980	0.008734	0.008819	0.000000	11.700644	0.428286	0.430365	-475.021711	21.023414	21.141848
0.211000	0.000000	2.082600	0.008745	0.008820	0.000000	11.367142	0.428562	0.430416	-460.877470	19.897396	20.386632
0.212000	0.000000	2.089970	0.008851	0.008828	0.000000	11.054421	0.431151	0.430646	-445.442612	17.033948	16.547799
0.213000	0.000000	2.096827	0.008848	0.008828	0.000000	10.757783	0.431071	0.430521	-429.186979	14.935626	11.634138
0.214000	0.000000	2.102440	0.008819	0.008826	0.000000	10.464778	0.430379	0.430309	-415.235030	14.842768	9.392624
0.215000	0.000000	2.106819	0.008820	0.008826	0.000000	10.142778	0.430402	0.430760	-405.239986	15.664871	10.119993
0.216000	0.000000	2.110981	0.008828	0.008826	0.000000	9.806014	0.430586	0.431375	-397.032028	16.062429	11.015958
0.217000	0.000000	2.115434	0.008828	0.008826	0.000000	9.501659	0.430581	0.429686	-387.079787	14.636852	9.638797
0.218000	0.000000	2.119847	0.008826	0.008826	0.000000	9.233397	0.430535	0.427449	-375.058352	11.663154	6.549088
0.219000	0.000000	2.124180	0.008826	0.008826	0.000000	8.964889	0.430529	0.433788	-363.931301	10.035481	4.817487
0.220000	0.000000	2.128891	0.008826	0.008826	0.000000	8.695367	0.430530	0.442078	-354.832268	10.422652	5.171804
0.221000	0.000000	2.133625	0.008826	0.008826	0.000000	8.452107	0.430561	0.417910	-346.255091	9.686741	4.812371
0.222000	0.000000	2.136859	0.008826	0.008826	0.000000	8.209532	0.430602	0.357810	-337.574941	6.827499	2.302714
0.223000	0.000000	2.138723	0.008826	0.008825	0.000000	7.933565	0.430484	0.315013	-328.922922	4.647563	-1.096034
0.224000	0.000000	2.141755	0.008826	0.008827	0.000000	7.675602	0.430319	0.314636	-319.099308	4.576325	-3.991149
0.225000	0.000000	2.146475	0.008825	0.008829	0.000000	7.490391	0.430763	0.325317	-306.725560	5.431515	-5.404485
0.226000	0.000000	2.150382	0.008827	0.008823	0.000000	7.323579	0.431377	0.325785	-293.640409	5.814415	-5.346530
0.227000	0.000000	2.152511	0.008829	0.008817	0.000000	7.091661	0.429709	0.321206	-285.191661	4.348644	-5.100296
0.228000	0.000000	2.154318	0.008822	0.008840	0.000000	6.808106	0.427431	0.319635	-283.009852	1.358307	-5.185897
0.229000	0.000000	2.156565	0.008817	0.008862	0.000000	6.542373	0.433694	0.327324	-280.830566	-0.248519	-4.944024
0.230000	0.000000	2.158829	0.008840	0.008775	0.000000	6.320151	0.442153	0.333107	-273.972667	0.199099	-4.665026
0.231000	0.000000	2.160979	0.008862	0.008693	0.000000	6.138407	0.418201	0.306381	-264.868422	-0.480234	-5.903968
0.232000	0.000000	2.163376	0.008774	0.009019	0.000000	5.987178	0.356367	0.254580	-256.188773	-3.437875	-8.373156
0.233000	0.000000	2.165790	0.008693	0.009323	0.000000	5.816963	0.310541	0.218356	-249.402732	-5.743319	-10.109051
0.234000	0.000000	2.167161	0.009021	0.008067	0.000000	5.582328	0.316469	0.185849	-246.450229	-5.457239	-11.651014
0.235000	0.000000	2.167167	0.009322	0.005487	0.000000	5.298465	0.341017	0.139527	-246.014910	-4.255330	-13.846768
0.236000	0.000000	2.166551	0.008059	0.004231	0.000000	5.007833	0.318595	0.116555	-244.521199	-5.324129	-14.962119
0.237000	0.000000	2.166293	0.005479	0.004619	0.000000	4.754347	0.225750	0.098352	-240.555586	-9.754106	-15.858214
0.238000	0.000000	2.167557	0.004231	0.003740	0.000000	4.569443	0.132842	0.017089	-234.867389	-14.178042	-19.647495
0.239000	0.000000	2.170052	0.004620	0.001136	0.000000	4.423173	0.108166	-0.089026	-229.058307	-15.350916	-24.594080
0.240000	0.000000	2.171604	0.003733	-0.000211	0.000000	4.246764	0.094667	-0.123482	-224.672606	-15.993434	-26.536678
0.241000	0.000000	2.171510	0.001127	0.000184	0.000000	4.022162	0.015619	-0.097246	-222.533568	-19.757644	-25.682065
0.242000	0.000000	2.171123	-0.000210	-0.000675	0.000000	3.791706	-0.077072	-0.110613	-221.923827	-24.172999	-25.167779
0.243000	0.000000	2.171145	0.000189	-0.003277	0.000000	3.595403	-0.113016	-0.202647	-219.720449	-25.886581	-26.688432
0.244000	0.000000	2.171265	-0.000687	-0.004643	0.000000	3.434535	-0.135708	-0.296440	-214.239538	-26.961501	-29.116812
0.245000	0.000000	2.171273	-0.003297	-0.004269	0.000000	3.289388	-0.181852	-0.327677	-208.867291	-29.150996	-30.586363
0.246000	0.000000	2.171178	-0.004625	-0.005038	0.000000	3.134852	-0.206812	-0.345673	-207.406589	-30.360724	-31.951932
0.247000	0.000000	2.171123	-0.004224	-0.007554	0.000000	2.936669	-0.226149	-0.397283	-208.900492	-31.310754	-34.431842
0.248000	0.000000	2.171385	-0.005114	-0.009298	0.000000	2.713311	-0.308369	-0.440037	-208.492854	-35.146595	-36.249642
0.249000	0.000000	2.171596	-0.007726	-0.009248	0.000000	2.542552	-0.412078	-0.441442	-203.121592	-39.976576	-36.241777
0.250000	0.000000	2.170600	-0.009039	-0.008519	0.000000	2.417668	-0.443176	-0.423580	-196.414495	-41.755705	-35.757333
0.251000	0.000000	2.168281	-0.008638	-0.008292	0.000000	2.251224	-0.423699	-0.417356	-193.758413	-41.231058	-35.736347
0.252000	0.000000	2.165856	-0.009538	-0.009629	0.000000	2.030629	-0.445926	-0.449992	-195.608467	-41.148905	-36.017789
0.253000	0.000000	2.163741	-0.012147	-0.012126	0.000000	1.799285	-0.512140	-0.511073	-199.423479	-41.357462	-36.459659
0.254000	0.000000	2.161286	-0.013467	-0.013626	0.000000	1.572162	-0.544258	-0.547648	-202.133394	-40.704728	-36.476362
0.255000	0.000000	2.158809	-0.013082	-0.013507	0.000000	1.374857	-0.534178	-0.544707	-200.355728	-40.506988	-34.788391
0.256000	0.000000	2.157841	-0.013912	-0.013135	0.000000	1.244425	-0.554456	-0.535630	-193.049529	-42.641553	-32.150323
0.257000	0.000000	2.158157	-0.016455	-0.013168	0.000000	1.150648	-0.616662	-0.536440	-183.675471	-44.536066	-31.095005
0.258000	0.000000	2.157383	-0.018081	-0.013267	0.000000	1.023148	-0.656316	-0.538864	-177.676136	-42.003109	-30.343651
0.259000	0.000000	2.154978	-0.017944	-0.013258	0.000000	0.856854	-0.652911	-0.538641	-176.789996	-37.416820	-26.463331
0.260000	0.000000	2.152712	-0.017537	-0.013232	0.000000	0.695906	-0.642989	-0.537993	-177.488918	-35.769269	-21.379362
0.261000	0.000000	2.150784	-0.017575	-0.013234	0.000000	0.533984	-0.643924	-0.538057	-176.799033	-35.170961	-19.741672
0.262000	0.000000	2.147415	-0.017683	-0.013241	0.000000	0.336365	-0.646573	-0.538232	-175.514113	-31.532975	-20.999355
0.263000	0.000000	2.142687	-0.017673	-0.013240	0.000000	0.142153	-0.646319	-0.538204	-173.788260	-27.107003	-20.361471
0.264000	0.000000	2.138952	-0.017644	-0.013239	0.000000	0.005576	-0.645614	-0.538150	-170.944134	-25.361766	-15.976349
0.265000	0.000000	2.136882	-0.017647	-0.013239	0.000000	-0.118845	-0.645673	-0.538197	-169.208574	-24.284039	-11.512238
0.266000	0.000000	2.135053	-0.017655	-0.013239	0.000000	-0.278580	-0.645854	-0.538238	-169.903266	-22.095366	-10.026697
0.267000	0.000000	2.132804	-0.017654	-0.013239	0.000000	-0.428717	-0.645878	-0.538078	-169.693764	-20.907893	-9.162129
0.268000	0.000000	2.130492	-0.017651	-0.013240	0.000000	-0.537051	-0.645854	-0.537969	-165.415256	-19.985969	-6.699327
0.269000	0.000000	2.128293	-0.017651	-0.013241	0.000000	-0.634776	-0.645700	-0.538564	-159.432679	-16.063343	-4.691766
0.270000	0.000000	2.126110	-0.017654	-0.013235	0.000000	-0.742812	-0.645613	-0.538953	-156.445909	-11.120736	-4.643388
0.271000	0.000000	2.123897	-0.017655	-0.013231	0.000000	-0.852015	-0.646211	-0.536726	-155.699180	-9.668356	-5.387886
0.272000	0.000000	2.121679	-0.017648	-0.013254	0.000000	-0.958531	-0.646576	-0.535294	-152.845492	-10.613175	-5.616123
0.273000	0.000000	2.119469	-0.017643	-0.013270	0.000000	-1.070892	-0.644329	-0.543643	-147.691510	-9.447776	-4.459543
0.274000	0.000000	2.117262	-0.017669	-0.013183	0.000000	-1.183619	-0.642974	-0.548913	-142.043035	-6.230206	-1.801881
0.275000	0.000000	2.115052	-0.017686	-0.013123	0.000000	-1.270974	-0.651396	-0.516822	-135.387433	-5.101824	1.467870
0.276000	0.000000	2.112839	-0.017590	-0.013451	0.000000	-1.325084	-0.656383	-0.461912	-128.568632	-5.819295	3.942616
0.277000	0.000000	2.110628	-0.017525	-0.013672	0.000000	-1.363978	-0.623998	-0.436645	-124.209635	-3.311568	4.713570
0.278000	0.000000	2.108424	-0.017887	-0.012386	0.000000	-1.411437	-0.569907	-0.414768	-122.004054	2.226460	5.793876
0.279000	0.000000	2.106218	-0.018126	-0.009892	0.000000	-1.496069	-0.545290	-0.332492	-119.962739	5.286924	9.827235
0.280000	0.000000	2.103984	-0.016713	-0.008347	0.000000	-1.611423	-0.520323	-0.231300	-117.536986	6.313707	14.635302
0.281000	0.000000	2.101758	-0.014139	-0.008447	0.000000	-1.703573	-0.435902	-0.200881	-114.260898	9.861282	16.052954
0.282000	0.000000	2.099638	-0.013055	-0.009177	0.000000	-1.752960	-0.345909	-0.228316	-108.902101	14.191180	14.749566
0.283000	0.000000	2.097486	-0.013449	-0.009365	0.000000	-1.796010	-0.322918	-0.211955	-101.541673	15.412158	15.536996
0.284000	0.000000	2.094936	-0.012416	-0.007839	0.000000	-1.858764	-0.307430	-0.111275	-95.281771	16.137565	20.329948
0.285000	0.000000	2.092512	-0.009817	-0.005278	0.000000	-1.920814	-0.222688	-0.015476	-91.732836	20.139309	24.889219
0.286000	0.000000	2.091637	-0.008537	-0.004242	0.000000	-1.942346	-0.127786	0.000650	-86.833375	24.661260	25.659400
0.287000	0.000000	2.091938	-0.008871	-0.004638	0.000000	-1.932677	-0.103569	0.009774	-78.766524	25.823114	26.095806
0.288000	0.000000	2.091156	-0.008284	-0.003556	0.000000	-1.950400	-0.099007	0.097505	-72.461082	26.041480	30.265858
0.289000	0.000000	2.088775	-0.005945	-0.000943	0.000000	-2.014867	-0.020256	0.203778	-70.372186	29.790391	35.321300
0.290000	0.000000	2.086180	-0.002977	0.000228	0.000000	-2.083323	0.115829	0.231129	-68.978448	36.263267	36.652062
0.291000	0.000000	2.084002	-0.000597	-0.000165	0.000000	-2.112155	0.205914	0.203762	-65.206817	40.548916	35.367386
0.292000	0.000000	2.081986	5.351190E-5	0.000785	0.000000	-2.104738	0.211990	0.221393	-59.653520	40.866719	36.100890
0.293000	0.000000	2.079821	-0.000294	0.003336	0.000000	-2.098413	0.225472	0.316220	-54.280081	41.526113	40.548317
0.294000	0.000000	2.077213	0.000916	0.004933	0.000000	-2.110434	0.318608	0.416072	-49.501976	45.854167	45.700708
0.295000	0.000000	2.074793	0.003522	0.004787	0.000000	-2.109581	0.414359	0.449107	-44.093437	50.349219	47.524722
0.296000	0.000000	2.074051	0.004611	0.004056	0.000000	-2.067277	0.431529	0.428385	-37.919185	51.567881	45.009887
0.297000	0.000000	2.074405	0.004203	0.003914	0.000000	-2.035024	0.441835	0.415834	-33.806669	52.296098	41.797411
0.298000	0.000000	2.073238	0.005302	0.005392	0.000000	-2.071195	0.530657	0.452682	-33.677016	54.983614	42.348905
0.299000	0.000000	2.070648	0.007921	0.007891	0.000000	-2.115490	0.634191	0.516046	-33.526300	57.337987	44.324482
0.300000	0.000000	2.069442	0.009050	0.009246	0.000000	-2.086241	0.658393	0.548886	-28.103431	57.318235	41.970411
0.301000	0.000000	2.069782	0.008652	0.009057	0.000000	-2.022682	0.638741	0.543615	-19.583741	55.193507	36.900684
0.302000	0.000000	2.069143	0.009664	0.008713	0.000000	-1.991230	0.664348	0.535302	-13.697942	52.392860	35.056333
0.303000	0.000000	2.066776	0.012234	0.008765	0.000000	-1.966805	0.729678	0.536732	-10.183103	51.218444	36.430876
0.304000	0.000000	2.063812	0.013704	0.008856	0.000000	-1.923780	0.765288	0.538950	-6.084311	51.819327	35.757384
0.305000	0.000000	2.061461	0.013489	0.008842	0.000000	-1.890021	0.759338	0.538565	-1.488384	50.798510	30.944744
0.306000	0.000000	2.060848	0.013114	0.008818	0.000000	-1.854484	0.750269	0.537975	3.158538	46.331280	26.354820
0.307000	0.000000	2.061184	0.013173	0.008822	0.000000	-1.801681	0.751886	0.538069	6.698367	41.889148	25.591373
0.308000	0.000000	2.059947	0.013273	0.008828	0.000000	-1.777013	0.754308	0.538219	7.412565	40.851284	25.164061
0.309000	0.000000	2.057357	0.013257	0.008827	0.000000	-1.783790	0.753858	0.538231	7.933797	40.612618	20.986969
0.310000	0.000000	2.056224	0.013230	0.008826	0.000000	-1.757782	0.753204	0.538218	12.242164	36.831442	15.925735
0.311000	0.000000	2.056581	0.013234	0.008826	0.000000	-1.695824	0.753368	0.538074	18.452311	30.358981	14.616422
0.312000	0.000000	2.055805	0.013242	0.008826	0.000000	-1.660777	0.753572	0.537977	21.494204	26.078923	15.915032
0.313000	0.000000	2.053369	0.013240	0.008826	0.000000	-1.666106	0.753372	0.538545	20.887278	25.780093	15.102476
0.314000	0.000000	2.050792	0.013239	0.008826	0.000000	-1.675059	0.753209	0.538941	20.159705	25.130303	10.605737
0.315000	0.000000	2.048643	0.013239	0.008826	0.000000	-1.673622	0.753845	0.536807	20.800573	20.725577	5.749262
0.316000	0.000000	2.046531	0.013239	0.008826	0.000000	-1.671236	0.754290	0.535336	20.873553	16.187191	4.106166
0.317000	0.000000	2.044304	0.013239	0.008826	0.000000	-1.671586	0.751934	0.543336	18.842426	15.257353	5.473870
0.318000	0.000000	2.042067	0.013239	0.008828	0.000000	-1.672209	0.750335	0.548762	17.276912	14.690487	6.329914
0.319000	0.000000	2.039861	0.013239	0.008828	0.000000	-1.672265	0.759160	0.517431	18.996647	10.881073	3.083317
0.320000	0.000000	2.037660	0.013241	0.008821	0.000000	-1.672150	0.765042	0.456404	21.111407	6.230989	-2.840098
0.321000	0.000000	2.035449	0.013241	0.008818	0.000000	-1.671566	0.730595	0.418655	19.746432	3.438231	-6.201488
0.322000	0.000000	2.033230	0.013234	0.008846	0.000000	-1.671413	0.667633	0.421781	16.727086	1.375842	-5.801606
0.323000	0.000000	2.031017	0.013231	0.008858	0.000000	-1.673699	0.641124	0.439867	15.120508	-1.105915	-4.544518
0.324000	0.000000	2.028835	0.013259	0.008752	0.000000	-1.674409	0.651428	0.441883	13.923632	-3.726221	-4.516611
0.325000	0.000000	2.026637	0.013271	0.008708	0.000000	-1.665820	0.626513	0.403585	12.283846	-6.608320	-6.445933
0.326000	0.000000	2.024320	0.013165	0.009105	0.000000	-1.663209	0.560538	0.350801	10.800570	-9.466663	-8.941127
0.327000	0.000000	2.022067	0.013121	0.009267	0.000000	-1.696840	0.528237	0.329504	7.506866	-10.572926	-9.927192
0.328000	0.000000	2.020255	0.013519	0.007688	0.000000	-1.748380	0.546119	0.300623	2.538141	-9.798409	-11.306985
0.329000	0.000000	2.018203	0.013678	0.005135	0.000000	-1.779351	0.535645	0.211986	-0.111308	-10.412542	-15.534936
0.330000	0.000000	2.014409	0.012094	0.004250	0.000000	-1.813808	0.439978	0.126642	-1.429460	-14.946674	-19.599483
0.331000	0.000000	2.009648	0.009544	0.004641	0.000000	-1.866631	0.305385	0.107631	-5.183294	-21.324719	-20.504142
0.332000	0.000000	2.006553	0.008657	0.003378	0.000000	-1.888989	0.225701	0.086409	-9.198318	-25.126961	-21.507865
0.333000	0.000000	2.004730	0.009044	0.000764	0.000000	-1.884290	0.219269	-0.000505	-10.643511	-25.443000	-25.642039
0.334000	0.000000	2.001276	0.007809	-0.000195	0.000000	-1.915738	0.197618	-0.086120	-11.887271	-26.464448	-29.745919
0.335000	0.000000	1.996462	0.005209	0.000211	0.000000	-1.969537	0.104691	-0.115170	-14.022775	-30.881793	-31.148125
0.336000	0.000000	1.993202	0.004123	-0.001037	0.000000	-1.990032	0.014654	-0.142069	-15.067151	-35.199602	-32.327426
0.337000	0.000000	1.991362	0.004480	-0.003652	0.000000	-2.016815	-0.003188	-0.188012	-16.456113	-36.070392	-34.445140
0.338000	0.000000	1.988265	0.003727	-0.004628	0.000000	-2.100958	-0.011597	-0.208353	-20.446291	-36.358581	-35.794714
0.339000	0.000000	1.983570	0.001289	-0.004232	0.000000	-2.187034	-0.097878	-0.234729	-24.515468	-40.391097	-37.309094
0.340000	0.000000	1.978904	-0.001667	-0.005394	0.000000	-2.237669	-0.233837	-0.324006	-26.923975	-47.285579	-40.068436
0.341000	0.000000	1.974590	-0.003939	-0.007973	0.000000	-2.313471	-0.316824	-0.419980	-30.539075	-51.517433	-41.732568
0.342000	0.000000	1.969879	-0.004467	-0.009312	0.000000	-2.436667	-0.319972	-0.448024	-36.433344	-50.026997	-41.270449
0.343000	0.000000	1.965313	-0.004166	-0.009041	0.000000	-2.532446	-0.337310	-0.433032	-41.001587	-47.854441	-40.705379
0.344000	0.000000	1.962408	-0.005434	-0.008696	0.000000	-2.545585	-0.430905	-0.425863	-41.518338	-51.049012	-41.225261
0.345000	0.000000	1.960504	-0.007980	-0.008769	0.000000	-2.519706	-0.528871	-0.429890	-40.252247	-56.204715	-41.513016
0.346000	0.000000	1.957262	-0.009376	-0.008861	0.000000	-2.541453	-0.557689	-0.431795	-41.696836	-56.390585	-39.780032
0.347000	0.000000	1.952563	-0.009138	-0.008841	0.000000	-2.641090	-0.542729	-0.430714	-46.565764	-52.536546	-37.214988
0.348000	0.000000	1.948056	-0.008421	-0.008817	0.000000	-2.759227	-0.526680	-0.430207	-50.589821	-50.234156	-36.176725
0.349000	0.000000	1.943775	-0.008380	-0.008822	0.000000	-2.833464	-0.528115	-0.430498	-51.670688	-51.153993	-34.815259
0.350000	0.000000	1.938570	-0.010011	-0.008829	0.000000	-2.897242	-0.567506	-0.430632	-53.232912	-52.530984	-30.600859
0.351000	0.000000	1.933879	-0.012496	-0.008827	0.000000	-2.984007	-0.627457	-0.430555	-55.723748	-50.830236	-26.533179
0.352000	0.000000	1.932915	-0.013686	-0.008825	0.000000	-3.016237	-0.656588	-0.430519	-54.743171	-45.808240	-25.626212
0.353000	0.000000	1.933614	-0.013426	-0.008826	0.000000	-2.980257	-0.650437	-0.430539	-51.965120	-41.720852	-24.616576
0.354000	0.000000	1.930068	-0.013119	-0.008826	0.000000	-3.007333	-0.642922	-0.430548	-53.478222	-41.056705	-20.478219
0.355000	0.000000	1.922611	-0.013190	-0.008826	0.000000	-3.126370	-0.644586	-0.430546	-57.649106	-40.104964	-16.401256
0.356000	0.000000	1.916335	-0.013271	-0.008826	0.000000	-3.227033	-0.646589	-0.430545	-59.880738	-35.775248	-15.017864
0.357000	0.000000	1.912321	-0.013252	-0.008826	0.000000	-3.273405	-0.646142	-0.430533	-61.113006	-31.466490	-13.736391
0.358000	0.000000	1.908489	-0.013231	-0.008826	0.000000	-3.312559	-0.645610	-0.430528	-61.702126	-30.591526	-11.548389
0.359000	0.000000	1.903984	-0.013236	-0.008826	0.000000	-3.367872	-0.645719	-0.430577	-60.329236	-30.196286	-10.582110
0.360000	0.000000	1.899020	-0.013241	-0.008826	0.000000	-3.435152	-0.645854	-0.430599	-59.434231	-26.094106	-9.327138
0.361000	0.000000	1.894530	-0.013240	-0.008826	0.000000	-3.490985	-0.645870	-0.430415	-59.681736	-19.620629	-5.067089
0.362000	0.000000	1.891825	-0.013239	-0.008826	0.000000	-3.503036	-0.645858	-0.430333	-56.645991	-15.668260	-0.492978
0.363000	0.000000	1.889920	-0.013239	-0.008826	0.000000	-3.495365	-0.645683	-0.431024	-50.414209	-15.510055	0.809552
0.364000	0.000000	1.886281	-0.013239	-0.008826	0.000000	-3.530131	-0.645599	-0.431324	-47.508779	-14.680454	0.081352
0.365000	0.000000	1.881499	-0.013239	-0.008826	0.000000	-3.593576	-0.646286	-0.428735	-49.904344	-10.256243	-0.136776
0.366000	0.000000	1.878338	-0.013241	-0.008826	0.000000	-3.617035	-0.646626	-0.427639	-52.253778	-5.607387	0.107178
0.367000	0.000000	1.876485	-0.013241	-0.008826	0.000000	-3.605743	-0.644045	-0.437331	-50.680478	-4.112185	-0.263627
0.368000	0.000000	1.873418	-0.013233	-0.008828	0.000000	-3.625575	-0.642789	-0.441339	-46.880275	-4.764738	-0.505976
0.369000	0.000000	1.868716	-0.013231	-0.008828	0.000000	-3.696076	-0.652460	-0.402834	-44.611898	-5.989531	1.303520
0.370000	0.000000	1.863555	-0.013262	-0.008820	0.000000	-3.771910	-0.657069	-0.340369	-44.687925	-6.140691	4.291850
0.371000	0.000000	1.859136	-0.013268	-0.008818	0.000000	-3.787138	-0.618595	-0.318736	-42.376025	-2.432790	5.328421
0.372000	0.000000	1.856498	-0.013154	-0.008849	0.000000	-3.735365	-0.553596	-0.329019	-35.778949	3.517152	4.835010
0.373000	0.000000	1.854566	-0.013133	-0.008854	0.000000	-3.706997	-0.531449	-0.298359	-32.893328	5.959017	6.293316
0.374000	0.000000	1.850944	-0.013561	-0.008741	0.000000	-3.750893	-0.551318	-0.231825	-36.696977	4.719914	9.462553
0.375000	0.000000	1.846183	-0.013635	-0.008721	0.000000	-3.782765	-0.523009	-0.207941	-36.925326	5.710161	10.600349
0.376000	0.000000	1.842809	-0.011897	-0.009147	0.000000	-3.747640	-0.417211	-0.228245	-29.584301	10.827357	9.633395
0.377000	0.000000	1.840912	-0.009385	-0.009217	0.000000	-3.714383	-0.329458	-0.199502	-23.207172	15.101495	11.002063
0.378000	0.000000	1.838905	-0.008686	-0.007483	0.000000	-3.718458	-0.321130	-0.093443	-21.192978	15.476778	16.051944
0.379000	0.000000	1.836595	-0.009048	-0.004975	0.000000	-3.699281	-0.311608	-0.008450	-18.415342	15.904867	20.098948
0.380000	0.000000	1.834702	-0.007591	-0.004245	0.000000	-3.630920	-0.216590	-0.000325	-12.526076	20.434706	20.488199
0.381000	0.000000	1.832572	-0.005004	-0.004600	0.000000	-3.569055	-0.081390	0.019355	-6.376322	26.879242	21.426371
0.382000	0.000000	1.828743	-0.004242	-0.003280	0.000000	-3.557233	-0.007378	0.114470	-3.154627	30.404418	25.946888
0.383000	0.000000	1.824037	-0.004622	-0.000713	0.000000	-3.557120	-0.003781	0.209737	-2.575388	30.575065	30.479500
0.384000	0.000000	1.820711	-0.003171	0.000582	0.000000	-3.526873	0.024272	0.234716	-1.500395	31.902627	31.701911
0.385000	0.000000	1.818805	-0.000581	0.000272	0.000000	-3.502490	0.118365	0.218709	1.316231	36.379264	30.953946
0.386000	0.000000	1.816886	0.000173	-0.000444	0.000000	-3.502876	0.198857	0.203062	4.319036	40.244932	30.085574
0.387000	0.000000	1.814594	-0.000205	-0.000403	0.000000	-3.479701	0.223683	0.206296	6.539732	41.443317	30.187386
0.388000	0.000000	1.812304	0.001251	0.001347	0.000000	-3.420959	0.253382	0.248485	8.799244	42.734633	32.657928
0.389000	0.000000	1.810116	0.003838	0.003810	0.000000	-3.364389	0.298992	0.307975	12.437456	44.846690	35.681626
0.390000	0.000000	1.807934	0.004612	0.004849	0.000000	-3.313187	0.316880	0.333441	18.232818	46.159055	35.060692
0.391000	0.000000	1.805719	0.004240	0.004543	0.000000	-3.240277	0.347589	0.326143	25.315882	47.840836	31.738669
0.392000	0.000000	1.803474	0.005577	0.004374	0.000000	-3.180623	0.440783	0.321978	28.881708	50.446531	30.510165
0.393000	0.000000	1.801263	0.008148	0.004465	0.000000	-3.211036	0.532525	0.324162	24.968028	51.720059	31.103878
0.394000	0.000000	1.799163	0.009415	0.004132	0.000000	-3.279297	0.557114	0.316042	20.366699	51.836333	29.257221
0.395000	0.000000	1.796961	0.009086	0.004078	0.000000	-3.246514	0.541595	0.314738	24.018077	52.043490	26.026839
0.396000	0.000000	1.794342	0.008375	0.005742	0.000000	-3.128512	0.525962	0.355318	31.154906	49.951005	26.821829
0.397000	0.000000	1.792104	0.008438	0.008229	0.000000	-3.030027	0.529497	0.415982	34.172057	45.081341	30.677480
0.398000	0.000000	1.791583	0.010208	0.009298	0.000000	-2.944829	0.572212	0.442057	36.645456	42.936666	30.550416
0.399000	0.000000	1.791853	0.012664	0.008979	0.000000	-2.844780	0.631571	0.434264	41.603679	45.366700	25.128904
0.400000	0.000000	1.790700	0.013700	0.008700	0.000000	-2.763032	0.656958	0.427455	44.583319	46.122194	20.757364
0.401000	0.000000	1.788170	0.013386	0.008786	0.000000	-2.703661	0.649455	0.429557	44.155166	41.240249	20.470541
0.402000	0.000000	1.785683	0.013116	0.008860	0.000000	-2.654785	0.642824	0.431371	43.536674	34.486394	19.619835
0.403000	0.000000	1.783560	0.013200	0.008837	0.000000	-2.640621	0.644852	0.430803	43.648189	31.058535	15.063496
0.404000	0.000000	1.781423	0.013272	0.008817	0.000000	-2.646263	0.646620	0.430319	43.374107	30.971475	10.503911
0.405000	0.000000	1.779190	0.013250	0.008823	0.000000	-2.611994	0.646059	0.430475	43.565668	29.608904	9.321864
0.406000	0.000000	1.776959	0.013230	0.008829	0.000000	-2.549746	0.645585	0.430609	45.368748	25.105688	10.090448
0.407000	0.000000	1.774755	0.013236	0.008827	0.000000	-2.526421	0.645785	0.430553	46.497848	21.282275	10.832945
0.408000	0.000000	1.772552	0.013242	0.008825	0.000000	-2.534936	0.645926	0.430502	44.988816	20.106778	10.676500
0.409000	0.000000	1.770340	0.013240	0.008825	0.000000	-2.514086	0.645687	0.430566	43.184411	18.681163	8.670543
0.410000	0.000000	1.768121	0.013238	0.008828	0.000000	-2.453532	0.645598	0.430637	43.374119	16.505064	5.841078
0.411000	0.000000	1.765911	0.013239	0.008828	0.000000	-2.381553	0.646354	0.430436	44.363524	15.689238	4.618819
0.412000	0.000000	1.763731	0.013241	0.008820	0.000000	-2.326949	0.646562	0.430204	43.491796	14.236850	4.955292
0.413000	0.000000	1.761521	0.013241	0.008820	0.000000	-2.316515	0.643770	0.430949	41.147987	9.666082	5.189087
0.414000	0.000000	1.759198	0.013232	0.008849	0.000000	-2.326048	0.643049	0.431801	42.142320	5.263044	5.125658
0.415000	0.000000	1.756990	0.013233	0.008849	0.000000	-2.291563	0.653489	0.429011	47.034913	4.589271	5.379444
0.416000	0.000000	1.755199	0.013265	0.008739	0.000000	-2.219099	0.656081	0.425852	48.924517	5.451719	5.291151
0.417000	0.000000	1.752978	0.013264	0.008742	0.000000	-2.190986	0.613680	0.436318	44.644109	4.177025	3.857169
0.418000	0.000000	1.749010	0.013144	0.009152	0.000000	-2.241502	0.549483	0.448030	37.548777	0.951730	1.526095
0.419000	0.000000	1.744335	0.013148	0.009138	0.000000	-2.306578	0.532542	0.405392	30.392869	-1.889035	-1.745946
0.420000	0.000000	1.741165	0.013597	0.007413	0.000000	-2.327560	0.552326	0.302143	24.629539	-3.773568	-6.291512
0.421000	0.000000	1.739293	0.013577	0.004948	0.000000	-2.327047	0.516300	0.224218	20.761190	-6.698034	-9.677944
0.422000	0.000000	1.737223	0.011705	0.003849	0.000000	-2.325599	0.407539	0.206071	18.002945	-11.519821	-10.642185
0.423000	0.000000	1.734927	0.009249	0.004197	0.000000	-2.288188	0.329052	0.182363	17.456987	-14.941555	-11.857516
0.424000	0.000000	1.733099	0.008683	0.004879	0.000000	-2.218009	0.324518	0.136396	20.124357	-15.253962	-14.019417
0.425000	0.000000	1.730884	0.009001	0.004760	0.000000	-2.190900	0.296867	0.101892	21.683951	-16.654862	-15.639364
0.426000	0.000000	1.726809	0.007515	0.002910	0.000000	-2.243811	0.197447	0.064357	17.532518	-21.362493	-17.434227
0.427000	0.000000	1.722142	0.004961	0.000477	0.000000	-2.310840	0.116777	0.022448	11.376496	-25.181336	-19.436215
0.428000	0.000000	1.719374	0.003815	-0.000441	0.000000	-2.322429	0.098059	-0.000923	9.713918	-26.082183	-20.546482
0.429000	0.000000	1.717479	0.004197	-0.000102	0.000000	-2.312799	0.071853	-0.035339	10.577941	-27.336811	-22.182942
0.430000	0.000000	1.713772	0.004884	3.318067E-5	0.000000	-2.349854	0.025534	-0.092124	7.820603	-29.531072	-24.890005
0.431000	0.000000	1.709009	0.004746	-4.825341E-5	0.000000	-2.412798	0.003261	-0.119445	1.939711	-30.587482	-26.194393
0.432000	0.000000	1.705658	0.002914	0.000310	0.000000	-2.440499	-0.032356	-0.103256	-2.806922	-32.319541	-25.413935
0.433000	0.000000	1.703837	0.000484	0.000291	0.000000	-2.430167	-0.124204	-0.099573	-4.915131	-36.703165	-25.227504
0.434000	0.000000	1.702342	-0.000557	-0.001487	0.000000	-2.412694	-0.212327	-0.145175	-4.579977	-40.766523	-27.434449
0.435000	0.000000	1.699981	-0.000199	-0.003945	0.000000	-2.419077	-0.234495	-0.197003	-4.429977	-41.787804	-29.943055
0.436000	0.000000	1.695816	0.000471	-0.004891	0.000000	-2.466945	-0.210129	-0.218745	-8.351500	-41.124650	-30.845485
0.437000	0.000000	1.691193	0.000326	-0.004534	0.000000	-2.515820	-0.196309	-0.250623	-14.129566	-40.589996	-32.213120
0.438000	0.000000	1.688371	-0.001546	-0.004285	0.000000	-2.530058	-0.243517	-0.305226	-16.146290	-40.818899	-35.311651
0.439000	0.000000	1.686471	-0.003969	-0.004381	0.000000	-2.563710	-0.345788	-0.333644	-15.343201	-42.631964	-37.222596
0.440000	0.000000	1.683149	-0.004879	-0.004447	0.000000	-2.651327	-0.427885	-0.327465	-16.416603	-45.734644	-34.897961
0.441000	0.000000	1.678334	-0.004528	-0.004421	0.000000	-2.740634	-0.444566	-0.320024	-19.670186	-47.471045	-29.626999
0.442000	0.000000	1.673196	-0.004288	-0.004404	0.000000	-2.804242	-0.431080	-0.321697	-22.723602	-45.113298	-25.995926
0.443000	0.000000	1.668946	-0.004383	-0.004411	0.000000	-2.847261	-0.426793	-0.323681	-24.841011	-39.730105	-25.226283
0.444000	0.000000	1.666542	-0.004447	-0.004416	0.000000	-2.854083	-0.430410	-0.323229	-26.947370	-36.164821	-24.075812
0.445000	0.000000	1.664517	-0.004421	-0.004414	0.000000	-2.851370	-0.431545	-0.322699	-30.160042	-36.003045	-21.861628
0.446000	0.000000	1.660524	-0.004404	-0.004412	0.000000	-2.894280	-0.430576	-0.322821	-33.494261	-34.640145	-20.224435
0.447000	0.000000	1.655825	-0.004411	-0.004413	0.000000	-2.954491	-0.430274	-0.322966	-33.841897	-29.891473	-18.443924
0.448000	0.000000	1.653130	-0.004415	-0.004413	0.000000	-2.966458	-0.430534	-0.322933	-31.219945	-26.062398	-16.446707
0.449000	0.000000	1.651222	-0.004414	-0.004413	0.000000	-2.959276	-0.430618	-0.322881	-30.326071	-25.175078	-15.331364
0.450000	0.000000	1.647296	-0.004412	-0.004413	0.000000	-3.001096	-0.430548	-0.322890	-32.776049	-23.923829	-13.692895
0.451000	0.000000	1.642569	-0.004413	-0.004413	0.000000	-3.062239	-0.430512	-0.322951	-33.923085	-21.716480	-10.991792
0.452000	0.000000	1.639868	-0.004413	-0.004413	0.000000	-3.074226	-0.430530	-0.322949	-31.496531	-20.656742	-9.690677
0.453000	0.000000	1.637963	-0.004413	-0.004413	0.000000	-3.067524	-0.430592	-0.322755	-29.858368	-18.963607	-10.452312
0.454000	0.000000	1.634027	-0.004413	-0.004413	0.000000	-3.109592	-0.430587	-0.322757	-32.353580	-14.589640	-10.627787
0.455000	0.000000	1.629304	-0.004413	-0.004413	0.000000	-3.168146	-0.430376	-0.323473	-35.973910	-10.383291	-8.490411
0.456000	0.000000	1.626614	-0.004413	-0.004413	0.000000	-3.179887	-0.430381	-0.323462	-36.229048	-9.327885	-6.021830
0.457000	0.000000	1.624705	-0.004413	-0.004413	0.000000	-3.182801	-0.431164	-0.320785	-34.088363	-10.525492	-4.859066
0.458000	0.000000	1.620762	-0.004413	-0.004413	0.000000	-3.224781	-0.431142	-0.320853	-33.760078	-11.182551	-3.344273
0.459000	0.000000	1.616043	-0.004413	-0.004413	0.000000	-3.243107	-0.428215	-0.330863	-33.954714	-8.795136	-1.220779
0.460000	0.000000	1.613339	-0.004413	-0.004413	0.000000	-3.195023	-0.428322	-0.330514	-30.062546	-3.930183	0.149031
0.461000	0.000000	1.611430	-0.004413	-0.004413	0.000000	-3.164251	-0.439269	-0.288443	-24.424957	-0.542104	1.858211
0.462000	0.000000	1.607582	-0.004413	-0.004413	0.000000	-3.212474	-0.438766	-0.228304	-22.468593	0.276198	4.367635
0.463000	0.000000	1.602842	-0.004413	-0.004413	0.000000	-3.277593	-0.393123	-0.201503	-22.540502	1.807454	5.723525
0.464000	0.000000	1.599747	-0.004415	-0.004415	0.000000	-3.297089	-0.333272	-0.210050	-21.420395	4.453392	5.410989
0.465000	0.000000	1.597936	-0.004414	-0.004414	0.000000	-3.296643	-0.319446	-0.226667	-21.074299	5.283977	4.598165
0.466000	0.000000	1.595849	-0.004406	-0.004406	0.000000	-3.293547	-0.326995	-0.223559	-21.056045	4.978588	4.720949
0.467000	0.000000	1.593561	-0.004408	-0.004408	0.000000	-3.249965	-0.290805	-0.178497	-16.937393	6.655762	6.872579
0.468000	0.000000	1.591731	-0.004439	-0.004440	0.000000	-3.180752	-0.229273	-0.119912	-10.774302	9.571473	9.669228
0.469000	0.000000	1.589428	-0.004431	-0.004431	0.000000	-3.169418	-0.201117	-0.097318	-9.664720	10.924607	10.743533
0.470000	0.000000	1.585306	-0.004316	-0.004314	0.000000	-3.223739	-0.207629	-0.102724	-12.593467	10.618505	10.483704
0.471000	0.000000	1.580682	-0.004348	-0.004347	0.000000	-3.246083	-0.225190	-0.106839	-11.666026	9.778925	10.288158
0.472000	0.000000	1.577759	-0.004778	-0.004784	0.000000	-3.201219	-0.232281	-0.115511	-6.618111	9.439537	9.878109
0.473000	0.000000	1.575901	-0.004652	-0.004656	0.000000	-3.164802	-0.184516	-0.121109	-4.313156	11.714976	9.611437
0.474000	0.000000	1.573472	-0.002774	-0.002750	0.000000	-3.179627	-0.079464	-0.074168	-5.338245	16.720374	11.837452
0.475000	0.000000	1.571291	-0.000355	-0.000339	0.000000	-3.196366	0.004943	0.027995	-4.132113	20.739524	16.702486
0.476000	0.000000	1.570937	0.000573	0.000482	0.000000	-3.147408	0.018838	0.107989	0.987528	21.391136	20.545800
0.477000	0.000000	1.571162	0.000150	9.220139E-5	0.000000	-3.040346	-0.007826	0.121531	6.644808	20.121637	21.190125
0.478000	0.000000	1.569772	-0.000496	-0.000154	0.000000	-2.961502	-0.020050	0.106817	10.538008	19.576856	20.361984
0.479000	0.000000	1.567166	-0.000252	-3.983748E-5	0.000000	-2.956232	0.031559	0.103543	12.788035	22.033411	20.209302
0.480000	0.000000	1.564747	0.001698	0.000135	0.000000	-2.968889	0.138222	0.110154	13.057974	26.973203	21.000784
0.481000	0.000000	1.562640	0.004083	6.783220E-5	0.000000	-2.939230	0.218598	0.110127	12.180606	30.805731	20.982913
0.482000	0.000000	1.560456	0.004980	-0.000388	0.000000	-2.875075	0.231892	0.098389	13.770316	31.960046	18.420548
0.483000	0.000000	1.558228	0.004555	-0.000229	0.000000	-2.804094	0.215691	0.101828	19.446691	31.164643	15.720569
0.484000	0.000000	1.556121	0.003909	0.001711	0.000000	-2.751818	0.202230	0.149305	25.036896	28.350159	16.705142
0.485000	0.000000	1.553877	0.004168	0.004106	0.000000	-2.747935	0.210101	0.207846	26.150181	25.874887	19.899819
0.486000	0.000000	1.551227	0.006163	0.004887	0.000000	-2.763162	0.258154	0.226836	25.403882	27.504775	21.595396
0.487000	0.000000	1.549176	0.008530	0.004493	0.000000	-2.715808	0.315477	0.217198	27.511397	30.593904	20.988405
0.488000	0.000000	1.548919	0.009291	0.004286	0.000000	-2.607453	0.334199	0.212174	30.595830	29.762064	18.603369
0.489000	0.000000	1.549099	0.008903	0.004392	0.000000	-2.537350	0.324837	0.214765	30.638162	26.386181	15.937010
0.490000	0.000000	1.547626	0.008702	0.004447	0.000000	-2.526726	0.319883	0.216101	30.604367	24.809513	14.924729
0.491000	0.000000	1.545031	0.008806	0.004419	0.000000	-2.494258	0.322400	0.215404	34.737203	25.239467	15.148939
0.492000	0.000000	1.542736	0.008859	0.004404	0.000000	-2.434945	0.323717	0.215049	38.625590	26.138449	15.327999
0.493000	0.000000	1.540586	0.008831	0.004412	0.000000	-2.421507	0.323040	0.215236	37.129162	26.443892	15.749881
0.494000	0.000000	1.537985	0.008817	0.004415	0.000000	-2.438486	0.322690	0.215331	34.586468	24.152668	16.020938
0.495000	0.000000	1.535925	0.008825	0.004413	0.000000	-2.392732	0.322872	0.215280	37.471224	19.158862	13.783283
0.496000	0.000000	1.535677	0.008829	0.004412	0.000000	-2.283593	0.322965	0.215255	43.465391	15.143886	8.917145
0.497000	0.000000	1.535853	0.008826	0.004413	0.000000	-2.213698	0.322916	0.215269	44.462393	14.479920	5.108604
0.498000	0.000000	1.534359	0.008825	0.004413	0.000000	-2.203562	0.322892	0.215276	39.846855	15.748474	4.464042
0.499000	0.000000	1.531757	0.008826	0.004413	0.000000	-2.170852	0.322904	0.215271	37.650002	16.331127	5.164494
0.500000	0.000000	1.529468	0.008826	0.004413	0.000000	-2.111580	0.322911	0.215270	40.221551	13.873885	5.320336
0.501000	0.000000	1.527315	0.008826	0.004413	0.000000	-2.098148	0.322911	0.215274	41.463871	8.794697	5.005752
0.502000	0.000000	1.524713	0.008826	0.004413	0.000000	-2.115058	0.322907	0.215274	39.246312	4.967085	5.007013
0.503000	0.000000	1.522671	0.008826	0.004413	0.000000	-2.070997	0.322894	0.215259	38.289420	4.333462	5.565249
0.504000	0.000000	1.522435	0.008826	0.004413	0.000000	-1.961134	0.322902	0.215263	40.140969	5.105284	5.401650
0.505000	0.000000	1.522604	0.008826	0.004413	0.000000	-1.881537	0.322954	0.215317	41.441949	5.748747	3.143428
0.506000	0.000000	1.521117	0.008826	0.004413	0.000000	-1.873648	0.322925	0.215303	41.632713	5.372582	0.355118
0.507000	0.000000	1.518497	0.008826	0.004413	0.000000	-1.886632	0.322731	0.215099	41.739509	3.075115	-0.558909
0.508000	0.000000	1.516095	0.008828	0.004413	0.000000	-1.889397	0.322841	0.215153	39.352891	0.350668	-0.097357
0.509000	0.000000	1.513995	0.008827	0.004413	0.000000	-1.895994	0.323564	0.215917	33.878974	-0.506412	0.178219
0.510000	0.000000	1.511836	0.008818	0.004413	0.000000	-1.892495	0.323148	0.215706	30.707366	-0.080419	0.044798
0.511000	0.000000	1.509596	0.008823	0.004413	0.000000	-1.846587	0.320448	0.212854	32.387576	0.026910	-0.154598
0.512000	0.000000	1.507372	0.008855	0.004413	0.000000	-1.788055	0.322029	0.213669	33.628722	-0.017664	-0.082639
0.513000	0.000000	1.505170	0.008839	0.004413	0.000000	-1.770473	0.332112	0.224325	31.641540	0.399743	0.441714
0.514000	0.000000	1.502964	0.008719	0.004413	0.000000	-1.778971	0.326102	0.221177	30.596946	0.145820	0.282900
0.515000	0.000000	1.500751	0.008780	0.004413	0.000000	-1.773685	0.281790	0.174691	31.657192	-1.947639	-1.935221
0.516000	0.000000	1.498539	0.009228	0.004415	0.000000	-1.774434	0.233735	0.115958	29.442759	-4.244631	-4.729636
0.517000	0.000000	1.496330	0.008996	0.004414	0.000000	-1.819686	0.205439	0.095894	22.090839	-5.596499	-5.683881
0.518000	0.000000	1.494122	0.006964	0.004405	0.000000	-1.879015	0.166195	0.105199	15.937289	-7.462944	-5.241459
0.519000	0.000000	1.491911	0.004617	0.004410	0.000000	-1.899047	0.124710	0.111320	14.500730	-9.437218	-4.950289
0.520000	0.000000	1.489692	0.003973	0.004442	0.000000	-1.889609	0.103057	0.109312	13.392538	-10.468915	-5.045661
0.521000	0.000000	1.487486	0.004371	0.004425	0.000000	-1.884400	0.065191	0.104624	10.818110	-12.272373	-5.268839
0.522000	0.000000	1.485308	0.004430	0.004305	0.000000	-1.886143	0.008471	0.103343	10.095475	-14.973312	-5.330085
0.523000	0.000000	1.483080	0.004385	0.004371	0.000000	-1.887210	-0.014521	0.116052	10.849890	-16.067992	-4.724855
0.524000	0.000000	1.480750	0.004784	0.004818	0.000000	-1.889716	0.005588	0.123095	8.632416	-15.109833	-4.388750
0.525000	0.000000	1.478607	0.004564	0.004568	0.000000	-1.890593	0.015990	0.069688	3.359086	-14.614879	-6.932143
0.526000	0.000000	1.476847	0.002533	0.002524	0.000000	-1.878785	-0.039870	-0.038591	0.131058	-17.277313	-12.090871
0.527000	0.000000	1.474380	0.000186	0.000185	0.000000	-1.874322	-0.145789	-0.114675	-0.032089	-22.319735	-15.713266
0.528000	0.000000	1.470112	-0.000470	-0.000467	0.000000	-1.928383	-0.219512	-0.120971	-1.988126	-25.821118	-16.003361
0.529000	0.000000	1.465571	-4.807424E-5	-4.782770E-5	0.000000	-2.032885	-0.227787	-0.105709	-6.832749	-26.220380	-15.279146
0.530000	0.000000	1.462747	0.000126	0.000125	0.000000	-2.106141	-0.214077	-0.104076	-10.006982	-25.601963	-15.237726
0.531000	0.000000	1.460938	1.248629E-5	1.242226E-5	0.000000	-2.114342	-0.211929	-0.108161	-10.564132	-25.479855	-15.422253
0.532000	0.000000	1.458779	-3.364120E-5	-3.346868E-5	0.000000	-2.103716	-0.215600	-0.108586	-12.244251	-25.526107	-15.306681
0.533000	0.000000	1.456528	-3.240192E-6	-3.223575E-6	0.000000	-2.102637	-0.216164	-0.107492	-14.980112	-25.628236	-15.293390
0.534000	0.000000	1.454723	9.004515E-6	8.958337E-6	0.000000	-2.094220	-0.215181	-0.107382	-15.416546	-26.061541	-15.795581
0.535000	0.000000	1.452267	8.400415E-7	8.357335E-7	0.000000	-2.090681	-0.215033	-0.107675	-14.843355	-25.768353	-15.659625
0.536000	0.000000	1.447992	-2.410115E-6	-2.397755E-6	0.000000	-2.144724	-0.215296	-0.107703	-17.668530	-23.670760	-13.447362
0.537000	0.000000	1.443455	-2.175696E-7	-2.164538E-7	0.000000	-2.249300	-0.215335	-0.107625	-22.612676	-21.384274	-10.646815
0.538000	0.000000	1.440652	6.450652E-7	6.417570E-7	0.000000	-2.321963	-0.215265	-0.107618	-23.917984	-20.033482	-9.691023
0.539000	0.000000	1.438848	5.629052E-8	5.600184E-8	0.000000	-2.329530	-0.215254	-0.107639	-21.453080	-18.164234	-10.135101
0.540000	0.000000	1.436683	-1.726466E-7	-1.717612E-7	0.000000	-2.318880	-0.215273	-0.107640	-19.992032	-16.189676	-10.426677
0.541000	0.000000	1.434436	-1.454726E-8	-1.447265E-8	0.000000	-2.317851	-0.215276	-0.107635	-20.392487	-15.158697	-10.330815
0.542000	0.000000	1.432630	4.620637E-8	4.596933E-8	0.000000	-2.309391	-0.215271	-0.107634	-20.237667	-13.355331	-10.107540
0.543000	0.000000	1.430156	3.754953E-9	3.735674E-9	0.000000	-2.306268	-0.215269	-0.107636	-20.005977	-10.654316	-10.046598
0.544000	0.000000	1.425872	-1.236639E-8	-1.230268E-8	0.000000	-2.360943	-0.215271	-0.107636	-22.558720	-9.559545	-10.651812
0.545000	0.000000	1.421342	-9.680478E-10	-9.630015E-10	0.000000	-2.465683	-0.215275	-0.107636	-27.427001	-10.517289	-10.987191
0.546000	0.000000	1.418522	3.310529E-9	3.292457E-9	0.000000	-2.538580	-0.215273	-0.107636	-30.856554	-11.012521	-8.443962
0.547000	0.000000	1.416748	2.494765E-10	2.479022E-10	0.000000	-2.545589	-0.215258	-0.107636	-31.752562	-8.351824	-3.287841
0.548000	0.000000	1.414729	-8.897659E-10	-8.811076E-10	0.000000	-2.530931	-0.215265	-0.107636	-31.267111	-3.308365	0.335218
0.549000	0.000000	1.412381	-6.511619E-11	-6.372096E-11	0.000000	-2.529617	-0.215321	-0.107636	-28.630212	0.199557	0.635026
0.550000	0.000000	1.410008	2.524081E-10	2.357906E-10	0.000000	-2.536264	-0.215295	-0.107636	-23.970466	0.594882	-0.091769
0.551000	0.000000	1.407914	2.027010E-11	1.635235E-11	0.000000	-2.534690	-0.215084	-0.107635	-20.407106	-0.047962	-0.169479
0.552000	0.000000	1.406163	-1.210514E-10	-6.309758E-11	0.000000	-2.522750	-0.215186	-0.107635	-19.447984	-0.155120	0.025047
0.553000	0.000000	1.403624	-1.796232E-11	-4.189043E-12	0.000000	-2.530436	-0.215971	-0.107639	-20.319986	-0.017659	0.045082
0.554000	0.000000	1.399300	2.325896E-10	1.688447E-11	0.000000	-2.582194	-0.215582	-0.107637	-22.836058	0.027703	-0.006898
0.555000	0.000000	1.394799	5.031423E-11	1.071073E-12	0.000000	-2.638164	-0.212651	-0.107622	-25.902060	0.120465	-0.011440
0.556000	0.000000	1.392021	-8.112583E-10	-4.518050E-12	0.000000	-2.651942	-0.214135	-0.107630	-26.726725	0.042780	0.002137
0.557000	0.000000	1.390242	-1.762041E-10	-2.732852E-13	0.000000	-2.641402	-0.225081	-0.107686	-23.651331	-0.465926	0.000829
0.558000	0.000000	1.388180	3.019398E-9	1.208936E-12	0.000000	-2.637809	-0.219426	-0.107657	-18.500448	-0.194789	-0.001521
0.559000	0.000000	1.385856	6.272494E-10	6.956945E-14	0.000000	-2.640652	-0.169850	-0.107447	-15.175629	2.162584	0.008107
0.560000	0.000000	1.383614	-1.129200E-8	-3.234775E-13	0.000000	-2.641380	-0.112619	-0.107558	-14.850010	4.887416	0.003843
0.561000	0.000000	1.381428	-2.230281E-9	-1.766546E-14	0.000000	-2.640571	-0.096904	-0.108341	-15.318628	5.636618	-0.033337
0.562000	0.000000	1.379196	4.224357E-8	8.655131E-14	0.000000	-2.641216	-0.106608	-0.107920	-15.398340	5.174687	-0.013561
0.563000	0.000000	1.377003	7.908862E-9	4.473195E-15	0.000000	-2.641598	-0.108059	-0.104997	-15.819399	5.105354	0.125584
0.564000	0.000000	1.374911	-1.580336E-7	-2.315751E-14	0.000000	-2.638289	-0.106945	-0.106600	-15.810518	5.158287	0.049339
0.565000	0.000000	1.372608	-2.795934E-8	-1.129169E-15	0.000000	-2.637604	-0.116693	-0.117512	-13.174334	4.694193	-0.470279
0.566000	0.000000	1.369948	5.911909E-7	6.195821E-15	0.000000	-2.650218	-0.111308	-0.111412	-8.787369	4.950811	-0.179805
0.567000	0.000000	1.368096	9.849922E-8	2.840443E-16	0.000000	-2.652462	-0.061776	-0.061559	-5.422914	7.309378	2.194118
0.568000	0.000000	1.368037	-2.211539E-6	-1.657657E-15	0.000000	-2.593744	-0.004588	-0.004511	-2.293116	10.031900	4.910699
0.569000	0.000000	1.368088	-3.456503E-7	-7.117115E-17	0.000000	-2.488393	0.011443	0.011393	2.025627	10.795640	5.668037
0.570000	0.000000	1.366374	8.272748E-6	4.434850E-16	0.000000	-2.419438	0.001374	0.001167	5.246627	10.318840	5.181069
0.571000	0.000000	1.363753	1.207549E-6	1.775327E-17	0.000000	-2.414488	-0.003036	-0.003050	5.798900	10.107553	4.980291
0.572000	0.000000	1.361521	-3.094522E-5	-1.186457E-16	0.000000	-2.424812	-0.001059	-0.000303	5.232279	10.191670	5.111035
0.573000	0.000000	1.359330	-4.197096E-6	-4.405771E-18	0.000000	-2.425578	0.000718	0.000816	4.627254	10.281168	5.164360
0.574000	0.000000	1.356718	0.000116	3.174051E-17	0.000000	-2.434406	0.002902	7.862379E-5	4.572866	10.422550	5.129423
0.575000	0.000000	1.354847	1.450153E-5	1.086873E-18	0.000000	-2.436009	0.000134	-0.000218	6.961218	10.272205	5.115180
0.576000	0.000000	1.354756	-0.000433	-8.491110E-18	0.000000	-2.378324	-0.010580	-2.038374E-5	12.373300	9.622404	5.123898
0.577000	0.000000	1.354835	-4.975656E-5	-2.662562E-19	0.000000	-2.272127	-0.001155	5.848182E-5	18.086427	10.141895	5.128016
0.578000	0.000000	1.353249	0.002115	2.271453E-18	0.000000	-2.200155	0.051591	5.279362E-6	21.011741	13.174868	5.128155
0.579000	0.000000	1.350496	0.004365	6.468553E-20	0.000000	-2.198941	0.106448	-1.565261E-5	20.898515	15.517798	5.125777
0.580000	0.000000	1.347713	0.004864	-6.076197E-19	0.000000	-2.222795	0.118637	-1.365899E-6	19.897912	13.737470	5.116476
0.581000	0.000000	1.346007	0.004425	-1.555752E-20	0.000000	-2.211615	0.107922	4.189298E-6	20.465009	10.501911	5.122003
0.582000	0.000000	1.345971	0.004292	1.625356E-19	0.000000	-2.157679	0.104693	3.529915E-7	22.994875	9.599865	5.159092
0.583000	0.000000	1.346003	0.004410	3.695462E-21	0.000000	-2.112861	0.107568	-1.121203E-6	25.159780	10.198826	5.138979
0.584000	0.000000	1.344400	0.004445	-4.347645E-20	0.000000	-2.091619	0.108423	-9.111399E-8	26.189465	10.308636	4.999859
0.585000	0.000000	1.341641	0.004414	-8.640686E-22	0.000000	-2.054431	0.107652	3.000654E-7	27.802763	10.218894	5.076194
0.586000	0.000000	1.338823	0.004404	1.162916E-20	0.000000	-2.012655	0.107425	2.348784E-8	29.759464	10.672291	5.595805
0.587000	0.000000	1.337171	0.004413	1.979079E-22	0.000000	-1.984183	0.107632	-8.030382E-8	31.715951	10.425724	5.305308
0.588000	0.000000	1.337308	0.004415	-3.110509E-21	0.000000	-1.937551	0.107692	-6.046395E-9	34.043337	8.069910	2.931386
0.589000	0.000000	1.337178	0.004413	-4.406913E-23	0.000000	-1.891481	0.107636	2.149043E-8	33.441108	5.344024	0.214808
0.590000	0.000000	1.334953	0.004412	8.319667E-22	0.000000	-1.888489	0.107621	1.554170E-9	28.566858	4.579866	-0.542529
0.591000	0.000000	1.332760	0.004413	9.420564E-24	0.000000	-1.884114	0.107635	-5.750990E-9	25.491617	5.060056	-0.055549
0.592000	0.000000	1.332738	0.004413	-2.225388E-22	0.000000	-1.833539	0.107640	-3.988378E-10	27.664222	5.270269	0.145223
0.593000	0.000000	1.332756	0.004413	-1.888500E-24	0.000000	-1.790433	0.107636	1.538965E-9	30.208556	5.175953	0.014428
0.594000	0.000000	1.330602	0.004413	5.959449E-23	0.000000	-1.781043	0.107635	1.021718E-10	30.692119	5.091259	-0.038872
0.595000	0.000000	1.328340	0.004413	3.379848E-25	0.000000	-1.730727	0.107636	-4.118164E-10	33.508482	4.987306	-0.003744
0.596000	0.000000	1.328168	0.004413	-1.622104E-23	0.000000	-1.625140	0.107636	-2.612373E-11	38.612819	5.119138	0.010405
0.597000	0.000000	1.328334	0.004413	-4.813008E-26	0.000000	-1.553357	0.107636	1.101963E-10	39.284148	5.629341	0.000971
0.598000	0.000000	1.326735	0.004413	5.395130E-24	0.000000	-1.548952	0.107636	6.665493E-12	34.436929	5.180494	-0.002785
0.599000	0.000000	1.323919	0.004413	0.000000	0.000000	-1.567342	0.107636	-2.948624E-11	30.133991	2.668767	-0.000251
