LabVIEW Measurement	
Writer_Version	2
Reader_Version	2
Separator	Tab
Decimal_Separator	.
Multi_Headings	No
X_Columns	One
Time_Pref	Relative
Operator	MSE_SETUP10
Date	2025/02/17
Time	12:21:20.1482253074645996094
***End_of_Header***	
	
Channels	11											
Samples	600	600	600	600	600	600	600	600	600	600	600	
Date	1903/12/31	1903/12/31	1903/12/31	1903/12/31	1903/12/31	1903/12/31	1903/12/31	1903/12/31	1903/12/31	1903/12/31	1903/12/31	
Time	18:00:00	18:00:00	18:00:00	18:00:00	18:00:00	18:00:00	18:00:00	18:00:00	18:00:00	18:00:00	18:00:00	
X_Dimension	Time	Time	Time	Time	Time	Time	Time	Time	Time	Time	Time	
X0	0.0000000000000000E+0	0.0000000000000000E+0	0.0000000000000000E+0	0.0000000000000000E+0	0.0000000000000000E+0	0.0000000000000000E+0	0.0000000000000000E+0	0.0000000000000000E+0	0.0000000000000000E+0	0.0000000000000000E+0	0.0000000000000000E+0	
Delta_X	0.001000	0.001000	0.001000	0.001000	0.001000	0.001000	0.001000	0.001000	0.001000	0.001000	0.001000	
***End_of_Header***												
X_Value	Input Trajectory	Displacement 1	Displacement 2	Displacement 3	Control Effort	Velocity 1	Velocity 2	Velocity 3	Acceleration 1	Acceleration 2	Acceleration 3	Comment
0.000000	0.000000	0.000000	0.000000	0.000000	0.000000	-57.910092	1.183992	6.332603E-12	-2731.862666	56.380592	-0.002782
0.001000	0.000000	-1.326542E-34	-3.765350E-41	1.409795E-36	0.000000	-57.858549	1.183992	-2.944474E-11	-2729.424065	56.380592	-0.000243
0.002000	0.000000	1.183411E-36	3.359077E-43	-1.257682E-38	0.000000	-57.802651	1.183992	-1.608010E-12	-2729.181194	56.380592	0.000745
0.003000	0.000000	3.988389E-34	1.132093E-40	-4.238701E-36	0.000000	-57.789137	1.183992	7.878387E-12	-2731.188921	56.380592	6.273287E-5
0.004000	0.000000	-8.310288E-36	-2.358851E-42	8.831842E-38	0.000000	-57.799777	1.183992	4.071754E-13	-2731.911782	56.380592	-0.000199
0.005000	0.000000	-1.465295E-33	-4.159198E-40	1.557257E-35	0.000000	-57.803359	1.183992	-2.107927E-12	-2732.067582	56.380592	-1.619258E-5
0.006000	0.000000	4.643397E-35	1.318015E-41	-4.934817E-37	0.000000	-57.800504	1.183992	-1.027834E-13	-2734.184911	56.380592	5.332663E-5
0.007000	0.000000	5.471731E-33	1.553135E-39	-5.815138E-35	0.000000	-57.799554	1.183992	5.639785E-13	-2736.354078	56.380592	4.174209E-6
0.008000	0.000000	-2.316306E-34	-6.574767E-41	2.461677E-36	0.000000	-57.800321	1.183992	2.585531E-14	-2737.046063	56.380592	-1.427133E-5
0.009000	0.000000	-2.045620E-32	-5.806433E-39	2.174003E-34	0.000000	-57.800572	1.183992	-1.508892E-13	-2739.405669	56.380592	-1.074553E-6
0.010000	0.000000	1.083561E-33	3.075657E-40	-1.151566E-35	0.000000	-57.800367	1.183992	-6.478399E-15	-2744.399231	56.380592	3.819208E-6
0.011000	0.000000	7.648044E-32	2.170875E-38	-8.128036E-34	0.000000	-57.800300	1.183992	4.036850E-14	-2747.803264	56.380592	2.762039E-7
0.012000	0.000000	-4.866112E-33	-1.381232E-39	5.171509E-35	0.000000	-57.800355	1.183992	1.616002E-15	-2747.371145	56.380592	-1.022047E-6
0.013000	0.000000	-2.859350E-31	-8.116181E-38	3.038803E-33	0.000000	-57.800374	1.183992	-1.079980E-14	-2746.541638	56.380592	-7.088066E-8
0.014000	0.000000	2.124551E-32	6.030477E-39	-2.257888E-34	0.000000	-57.800358	1.183992	-4.010380E-16	-2749.435270	56.380592	2.734998E-7
0.015000	0.000000	1.068988E-30	3.034293E-37	-1.136078E-32	0.000000	-57.800349	1.183992	2.889200E-15	-2754.828735	56.380592	1.815777E-8
0.016000	0.000000	-9.086314E-32	-2.579124E-38	9.656572E-34	0.000000	-57.800357	1.183992	9.893328E-17	-2758.053164	56.380592	-7.318665E-8
0.017000	0.000000	-3.996387E-30	-1.134363E-36	4.247200E-32	0.000000	-57.800373	1.183992	-7.729087E-16	-2758.068940	56.380592	-4.642660E-9
0.018000	0.000000	3.825245E-31	1.085785E-37	-4.065317E-33	0.000000	-57.800359	1.183992	-2.423614E-17	-2757.502651	56.380592	1.958373E-8
0.019000	0.000000	1.494001E-29	4.240678E-36	-1.587764E-31	0.000000	-57.800304	1.183992	2.067605E-16	-2757.368594	56.380592	1.184579E-9
0.020000	0.000000	-1.590472E-30	-4.514510E-37	1.690291E-32	0.000000	-57.800352	1.183992	5.888042E-18	-2757.072081	56.380592	-5.240196E-9
0.021000	0.000000	-5.584994E-29	-1.585285E-35	5.935509E-31	0.000000	-57.800558	1.183992	-5.530896E-17	5.215912	0.000000	-3.015552E-10
0.022000	0.000000	6.546643E-30	1.858246E-36	-6.957511E-32	0.000000	-57.800376	1.183992	-1.416133E-18	2.770150	0.000000	1.402131E-9
0.023000	0.000000	2.087774E-28	5.926086E-35	-2.218803E-30	0.000000	-57.799609	1.183992	1.479491E-17	0.144860	0.000000	7.657260E-11
0.024000	0.000000	-2.672377E-29	-7.585464E-36	2.840095E-31	0.000000	-57.800295	1.183992	3.363818E-19	-0.531313	0.000000	-3.751613E-10
0.025000	0.000000	-7.804280E-28	-2.215222E-34	8.294077E-30	0.000000	-57.803157	1.183992	-3.957471E-18	-0.160921	0.000000	-1.938949E-11
0.026000	0.000000	1.083280E-28	3.074860E-35	-1.151267E-30	0.000000	-57.800563	1.183992	-7.865239E-20	0.133178	0.000000	1.003775E-10
0.027000	0.000000	2.917232E-27	8.280480E-34	-3.100318E-29	0.000000	-57.789888	1.183992	1.058552E-18	0.505528	0.000000	4.894496E-12
0.028000	0.000000	-4.365131E-28	-1.239030E-34	4.639087E-30	0.000000	-57.799699	1.183992	1.801469E-20	-0.006877	0.000000	-2.685612E-11
0.029000	0.000000	-1.090430E-26	-3.095155E-33	1.158866E-28	0.000000	-57.852239	1.183992	-2.831360E-19	-2.472313	0.000000	-1.231219E-12
0.030000	0.000000	1.749939E-27	4.967152E-34	-1.859766E-29	0.000000	-57.907375	1.183992	-4.011421E-21	-5.085841	0.000000	7.185201E-12
0.031000	0.000000	4.075806E-26	1.156906E-32	-4.331604E-28	0.000000	-57.921768	1.183992	7.573028E-20	-5.781020	0.000000	3.084988E-13
0.032000	0.000000	-6.984012E-27	-1.982392E-33	7.422329E-29	0.000000	-57.908237	1.183992	8.575146E-22	-5.139879	0.000000	-1.922310E-12
0.033000	0.000000	-1.523414E-25	-4.324165E-32	1.619023E-27	0.000000	-57.894350	1.183992	-2.025670E-20	-4.475931	0.000000	-7.695346E-14
0.034000	0.000000	2.776375E-26	7.880660E-33	-2.950620E-28	0.000000	-57.907630	1.183992	-1.719091E-22	-5.107437	0.000000	5.142762E-13
0.035000	0.000000	5.693913E-25	1.616201E-31	-6.051264E-27	0.000000	-57.962005	1.183992	5.424479E-21	-7.697483	0.000000	1.909731E-14
0.036000	0.000000	-1.099858E-25	-3.121916E-32	1.168886E-27	0.000000	-58.015403	1.183992	3.079379E-23	-10.240638	0.000000	-1.375809E-13
0.037000	0.000000	-2.128103E-24	-6.040558E-31	2.261663E-26	0.000000	-58.026470	1.183992	-1.475978E-21	-10.767291	0.000000	-4.711179E-15
0.038000	0.000000	4.343541E-25	1.232902E-31	-4.616142E-27	0.000000	-58.015661	1.183992	-4.493660E-24	-10.251815	0.000000	3.680517E-14
0.039000	0.000000	7.953587E-24	2.257603E-30	-8.452754E-26	0.000000	-58.012023	1.183992	4.890334E-22	-10.079233	0.000000	1.154125E-15
0.040000	0.000000	-1.710557E-24	-4.855366E-31	1.817912E-26	0.000000	-58.015629	1.183992	4.433931E-25	-10.253579	0.000000	-9.845736E-15
0.041000	0.000000	-2.972502E-23	-8.437361E-30	3.159056E-25	0.000000	-7.250005E-22	-2.057893E-28	7.705016E-24	2752.397702	-56.380592	-2.803826E-16
0.042000	0.000000	6.719471E-24	1.907303E-30	-7.141186E-26	0.000000	1.638895E-22	4.651957E-29	-1.741753E-24	2752.407503	-56.380592	2.633760E-15
0.043000	0.000000	1.110887E-22	3.153221E-29	-1.180607E-24	0.000000	2.709481E-21	7.690784E-28	-2.879528E-23	2752.398867	-56.380592	6.743352E-17
0.044000	0.000000	-2.633528E-23	-7.475193E-30	2.798808E-25	0.000000	-6.423239E-22	-1.823218E-28	6.826362E-24	2752.362325	-56.380592	-7.045191E-16
0.045000	0.000000	-4.151514E-22	-1.178395E-28	4.412063E-24	0.000000	-1.012564E-20	-2.874135E-27	1.076113E-22	2752.394983	-56.380592	-1.601306E-17
0.046000	0.000000	1.029992E-22	2.923602E-29	-1.094634E-24	0.000000	2.512175E-21	7.130737E-28	-2.669840E-23	2752.531276	-56.380592	1.884497E-16
0.047000	0.000000	1.551428E-21	4.403684E-28	-1.648796E-23	0.000000	3.783971E-20	1.074069E-26	-4.021453E-22	2752.407748	-56.380592	3.726202E-18
0.048000	0.000000	-4.020677E-22	-1.141258E-28	4.273015E-24	0.000000	-9.806529E-21	-2.783555E-27	1.042199E-22	2751.899412	-56.380592	-5.040225E-17
0.049000	0.000000	-5.797563E-21	-1.645621E-27	6.161418E-23	0.000000	-1.414040E-19	-4.013711E-26	1.502785E-21	2752.366597	-56.380592	-7.862812E-19
0.050000	0.000000	1.566756E-21	4.447191E-28	-1.665085E-23	0.000000	3.821355E-20	1.084681E-26	-4.061184E-22	2754.868528	-56.380592	1.346333E-17
0.051000	0.000000	2.166446E-20	6.149395E-27	-2.302413E-22	0.000000	5.284015E-19	1.499852E-25	-5.615640E-21	2757.494047	-56.380592	-7.639141E-20
0.052000	0.000000	-6.095360E-21	-1.730150E-27	6.477905E-23	0.000000	-1.486673E-19	-4.219879E-26	1.579977E-21	2758.179429	-56.380592	-3.530967E-18
0.053000	0.000000	-8.095413E-20	-2.297860E-26	8.603482E-22	0.000000	-1.974491E-18	-5.604536E-25	2.098410E-20	2757.535098	-56.380592	9.584089E-19
0.054000	0.000000	2.367805E-20	6.720946E-27	-2.516409E-22	0.000000	5.775134E-19	1.639255E-25	-6.137582E-21	2756.873789	-56.380592	6.723389E-19
0.055000	0.000000	3.024954E-19	8.586244E-26	-3.214800E-21	0.000000	7.377936E-18	2.094206E-24	-7.840976E-20	2757.506187	-56.380592	-3.725612E-18
0.056000	0.000000	-9.185185E-20	-2.607188E-26	9.761647E-22	0.000000	-2.240289E-18	-6.358996E-25	2.380890E-20	2760.095486	-56.380592	8.754484E-19
0.057000	0.000000	-1.130283E-18	-3.208275E-25	1.201219E-20	0.000000	-2.756787E-17	-7.825061E-24	2.929803E-19	2762.638229	-56.380592	1.394998E-17
0.058000	0.000000	3.558501E-19	1.010070E-25	-3.781833E-21	0.000000	8.679271E-18	2.463586E-24	-9.223983E-20	2763.165231	-56.380592	-4.322088E-18
0.059000	0.000000	4.223223E-18	1.198750E-24	-4.488273E-20	0.000000	1.030054E-16	2.923780E-23	-1.094701E-18	2762.650517	-56.380592	-5.212839E-17
0.060000	0.000000	-1.376960E-18	-3.908461E-25	1.463378E-20	0.000000	-3.358438E-17	-9.532831E-24	3.569214E-19	2762.477282	-56.380592	1.697297E-17
0.061000	0.000000	-1.577937E-17	-4.478928E-24	1.676968E-19	0.000000	-3.848626E-16	-1.092421E-22	4.090166E-18	2762.648986	-56.380592	1.947698E-16
0.062000	0.000000	5.322115E-18	1.510667E-24	-5.656131E-20	0.000000	1.298077E-16	3.684553E-23	-1.379544E-18	6.181352E-15	1.754559E-21	-6.569294E-17
0.063000	0.000000	5.895541E-17	1.673432E-23	-6.265546E-19	0.000000	1.437937E-15	4.081542E-22	-1.528182E-17	6.847318E-14	1.943591E-20	-7.277056E-16
0.064000	0.000000	-2.054881E-17	-5.832722E-24	2.183846E-19	0.000000	-5.011906E-16	-1.422615E-22	5.326453E-18	-2.386635E-14	-6.774394E-21	2.536420E-16
0.065000	0.000000	-2.202654E-16	-6.252171E-23	2.340893E-18	0.000000	-5.372328E-15	-1.524920E-21	5.709495E-17	-2.558251E-13	-7.261522E-20	2.718807E-15
0.066000	0.000000	7.926049E-17	2.249786E-23	-8.423488E-19	0.000000	1.933183E-15	5.487283E-22	-2.054509E-17	9.205680E-14	2.613006E-20	-9.783429E-16
0.067000	0.000000	8.229198E-16	2.335834E-22	-8.745664E-18	0.000000	2.007122E-14	5.697157E-21	-2.133089E-16	9.557721E-13	2.712931E-19	-1.015756E-14
0.068000	0.000000	-3.054355E-16	-8.669700E-23	3.246047E-18	0.000000	-7.449648E-15	-2.114561E-21	7.917188E-17	-3.547469E-13	-1.006939E-19	3.770109E-15
0.069000	0.000000	-3.074378E-15	-8.726533E-22	3.267326E-17	0.000000	-7.498483E-14	-2.128423E-20	7.969088E-16	-3.570706E-12	-1.013535E-18	3.794803E-14
0.070000	0.000000	1.175976E-15	3.337974E-22	-1.249780E-17	0.000000	2.868234E-14	8.141399E-21	-3.048245E-16	1.365832E-12	3.876876E-19	-1.451552E-14
0.071000	0.000000	1.148538E-14	3.260093E-21	-1.220621E-16	0.000000	2.801313E-13	7.951446E-20	-2.977123E-15	1.333958E-11	3.786402E-18	-1.417678E-13
0.072000	0.000000	-4.523916E-15	-1.284100E-21	4.807837E-17	0.000000	-1.103394E-13	-3.131952E-20	1.172643E-15	-5.254283E-12	-1.491413E-18	5.584042E-14
0.073000	0.000000	-4.290641E-14	-1.217886E-20	4.559922E-16	0.000000	-1.046498E-12	-2.970454E-19	1.112176E-14	-4.983322E-11	-1.414502E-17	5.296076E-13
0.074000	0.000000	1.738951E-14	4.935962E-21	-1.848088E-16	0.000000	4.241344E-13	1.203893E-19	-4.507531E-15	2.019697E-11	5.732852E-18	-2.146453E-13
0.075000	0.000000	1.602830E-13	4.549586E-20	-1.703423E-15	0.000000	3.909340E-12	1.109655E-18	-4.154691E-14	1.861590E-10	5.284071E-17	-1.978424E-12
0.076000	0.000000	-6.679359E-14	-1.895917E-20	7.098557E-16	0.000000	-1.629112E-12	-4.624188E-19	1.731355E-14	-7.757712E-11	-2.202004E-17	8.244586E-13
0.077000	0.000000	-5.987437E-13	-1.699517E-19	6.363209E-15	0.000000	-1.460351E-11	-4.145163E-18	1.552002E-13	-6.954049E-10	-1.973887E-16	7.390486E-12
0.078000	0.000000	2.563737E-13	7.277094E-20	-2.724637E-15	0.000000	6.253017E-12	1.774901E-18	-6.645457E-14	2.977640E-10	8.451947E-17	-3.164517E-12
0.079000	0.000000	2.236573E-12	6.348447E-19	-2.376940E-14	0.000000	5.455055E-11	1.548402E-17	-5.797415E-13	2.597645E-9	7.373340E-16	-2.760673E-11
0.080000	0.000000	-9.833738E-13	-2.791278E-19	1.045090E-14	0.000000	-2.398473E-11	-6.807996E-18	2.549001E-13	-1.142135E-9	-3.241917E-16	1.213815E-11
0.081000	0.000000	-8.354365E-12	-2.371362E-18	8.878686E-14	0.000000	-2.037650E-10	-5.783811E-17	2.165533E-12	-9.703094E-9	-2.754195E-15	1.031206E-10
0.082000	0.000000	3.769506E-12	1.069963E-18	-4.006080E-14	0.000000	9.193917E-11	2.609667E-17	-9.770928E-13	4.378074E-9	1.242704E-15	-4.652842E-11
0.083000	0.000000	3.120558E-11	8.857614E-18	-3.316405E-13	0.000000	7.611117E-10	2.160394E-16	-8.088792E-12	3.624341E-8	1.028759E-14	-3.851805E-10
0.084000	0.000000	-1.444056E-11	-4.098911E-18	1.534685E-13	0.000000	-3.522087E-10	-9.997343E-17	3.743134E-12	-1.677191E-8	-4.760659E-15	1.782452E-10
0.085000	0.000000	-1.165573E-10	-3.308445E-17	1.238724E-12	0.000000	-2.842861E-9	-8.069379E-16	3.021279E-11	-1.353743E-7	-3.842561E-14	1.438704E-9
0.086000	0.000000	5.528782E-11	1.569329E-17	-5.875769E-13	0.000000	1.348483E-9	3.827631E-16	-1.433114E-11	6.421375E-8	1.822689E-14	-6.824381E-10
0.087000	0.000000	4.353464E-10	1.235718E-16	-4.626688E-12	0.000000	1.061821E-8	3.013947E-15	-1.128460E-10	5.056287E-7	1.435213E-13	-5.373620E-9
0.088000	0.000000	-2.115594E-10	-6.005053E-17	2.248369E-12	0.000000	-5.159985E-9	-1.464647E-15	5.483826E-11	-2.457145E-7	-6.974537E-14	2.611356E-9
0.089000	0.000000	-1.625993E-9	-4.615336E-16	1.728041E-11	0.000000	-3.965838E-8	-1.125692E-14	4.214734E-10	-1.888494E-6	-5.360435E-13	2.007016E-8
0.090000	0.000000	8.091017E-10	2.296612E-16	-8.598810E-12	0.000000	1.973419E-8	5.601492E-15	-2.097271E-10	9.397268E-7	2.667387E-13	-9.987041E-9
0.091000	0.000000	6.072827E-9	1.723754E-15	-6.453958E-11	0.000000	1.481177E-7	4.204279E-14	-1.574136E-9	7.053224E-6	2.002037E-12	-7.495885E-8
0.092000	0.000000	-3.092799E-9	-8.778822E-16	3.286904E-11	0.000000	-7.543413E-8	-2.141176E-14	8.016838E-10	-3.592115E-6	-1.019611E-12	3.817556E-8
0.093000	0.000000	-2.268043E-8	-6.437774E-15	2.410385E-10	0.000000	-5.531812E-7	-1.570189E-13	5.878989E-9	-2.634196E-5	-7.477088E-12	2.799518E-7
0.094000	0.000000	1.181646E-8	3.354069E-15	-1.255807E-10	0.000000	2.882064E-7	8.180656E-14	-3.062943E-9	1.372416E-5	3.895565E-12	-1.458549E-7
0.095000	0.000000	8.470321E-8	2.404276E-14	-9.001919E-10	0.000000	2.065932E-6	5.864088E-13	-2.195590E-8	9.837769E-5	2.792422E-11	-1.045519E-6
0.096000	0.000000	-4.512519E-8	-1.280866E-14	4.795725E-10	0.000000	-1.100614E-6	-3.124062E-13	1.169689E-8	-5.241040E-5	-1.487654E-11	5.569968E-7
0.097000	0.000000	-3.163273E-7	-8.978859E-14	3.361800E-9	0.000000	-7.715299E-6	-2.189966E-12	8.199512E-8	-0.000367	-1.042841E-10	3.904529E-6
0.098000	0.000000	1.722481E-7	4.889214E-14	-1.830585E-9	0.000000	4.201174E-6	1.192491E-12	-4.464840E-8	0.000200	5.678549E-11	-2.126122E-6
0.099000	0.000000	1.181304E-6	3.353097E-13	-1.255443E-8	0.000000	2.881229E-5	8.178285E-12	-3.062055E-7	0.001372	3.894421E-10	-1.458121E-5
0.100000	0.000000	-6.572062E-7	-1.865461E-13	6.984525E-9	0.000000	-1.602942E-5	-4.549905E-12	1.703543E-7	-0.000763	-2.166629E-10	8.112136E-6
0.101000	0.320351	-4.411382E-6	-1.252158E-12	4.688241E-8	0.000000	-0.000108	-3.054044E-11	1.143473E-6	-0.005124	-1.454306E-9	5.445110E-5
0.102000	0.639386	2.506499E-6	7.114626E-13	-2.663807E-8	0.000000	6.113413E-5	1.735275E-11	-6.497091E-7	0.002911	8.263240E-10	-3.093863E-5
0.103000	0.955793	1.647312E-5	4.675848E-12	-1.750698E-7	0.000000	0.000402	1.140451E-10	-4.269994E-6	0.019133	5.430717E-9	-0.000203
0.104000	1.268273	-9.555626E-6	-2.712337E-12	1.015534E-7	0.000000	-0.000233	-6.615456E-11	2.476912E-6	-0.011098	-3.150227E-9	0.000118
0.105000	1.575541	-6.151276E-5	-1.746022E-11	6.537330E-7	0.000000	-0.001500	-4.258590E-10	1.594471E-5	-0.071443	-2.027900E-8	0.000759
0.106000	1.876335	3.641520E-5	1.033635E-11	-3.870062E-7	0.000000	0.000888	2.521061E-10	-9.439175E-6	0.042294	1.200509E-8	-0.000449
0.107000	2.169419	0.000230	6.519691E-11	-2.441056E-6	0.000000	0.005602	1.590169E-9	-5.953795E-5	0.266771	7.572229E-8	-0.002835
0.108000	2.453588	-0.000139	-3.937574E-11	1.474278E-6	0.000000	-0.003383	-9.603839E-10	3.595801E-5	-0.161117	-4.573271E-8	0.001712
0.109000	2.727675	-0.000858	-2.434402E-10	9.114715E-6	0.000000	-0.020918	-5.937567E-9	0.000222	-0.996104	-2.827412E-7	0.010586
0.110000	2.990553	0.000542	1.499457E-10	-5.614160E-6	0.000000	0.013218	3.657213E-9	-0.000137	0.629418	1.741535E-7	-0.006521
0.111000	3.241142	0.006877	9.089619E-10	-3.403270E-5	0.000000	0.167728	2.216980E-8	-0.000830	7.987047	1.055705E-6	-0.039527
0.112000	3.478413	0.021005	-5.708061E-10	2.137171E-5	0.000000	0.512306	-1.392210E-8	0.000521	24.395509	-6.629591E-7	0.024822
0.113000	3.701390	0.042905	-3.393806E-9	0.000127	0.000000	1.046457	-8.277574E-8	0.003099	49.831311	-3.941701E-6	0.147582
0.114000	3.909157	0.065888	2.172188E-9	-8.132950E-5	0.000000	1.607029	5.298019E-8	-0.001984	76.525217	2.522874E-6	-0.094460
0.115000	4.100861	0.085657	1.267115E-8	-0.000474	0.000000	2.089205	3.090525E-7	-0.011571	99.485945	1.471678E-5	-0.551015
0.116000	4.275714	0.105564	-8.263525E-9	0.000313	0.000000	2.574720	-2.015494E-7	0.007644	122.605607	-9.597617E-6	0.364000
0.117000	4.432997	0.128773	-4.730784E-8	0.002713	0.000000	3.140809	-1.153850E-6	0.066180	149.562382	-5.494522E-5	3.151442
0.118000	4.572063	0.155602	3.142657E-8	0.004644	0.000000	3.795172	7.665017E-7	0.113258	180.722838	3.650019E-5	5.393235
0.119000	4.692342	0.185772	1.766192E-7	0.004790	0.000000	4.531024	4.307787E-6	0.116833	215.762849	0.000205	5.563456
0.120000	4.793339	0.218556	-1.194804E-7	0.004350	0.000000	5.330624	-2.914157E-6	0.106109	253.837856	-0.000139	5.052802
0.121000	4.874640	0.253362	-6.593723E-7	0.004312	0.000000	6.179557	-1.608225E-5	0.105180	294.265402	-0.000766	5.008585
0.122000	4.935909	0.290043	4.541182E-7	0.004430	0.000000	7.074229	1.107605E-5	0.108050	336.873154	0.000527	5.145192
0.123000	4.976896	0.328865	2.461564E-6	0.004440	0.000000	8.021091	6.003814E-5	0.108290	381.953816	0.002859	5.156703
0.124000	4.997431	0.370866	-1.725509E-6	0.004408	0.000000	9.045508	-4.208558E-5	0.107524	430.719352	-0.002004	5.120389
0.125000	4.997431	0.416525	-9.189232E-6	0.004406	0.000000	10.159135	-0.000224	0.107465	483.779430	-0.010673	5.117261
0.126000	4.976896	0.464862	6.554590E-6	0.004414	0.000000	11.338095	0.000160	0.107663	539.980738	0.007613	5.126058
0.127000	4.935909	0.515110	3.430323E-5	0.004414	0.000000	12.563654	0.000837	0.107666	598.226951	0.039841	5.127416
0.128000	4.874640	0.567377	-2.489187E-5	0.004413	0.000000	13.838460	-0.000607	0.107639	658.707497	-0.028910	5.128505
0.129000	4.793339	0.621903	-0.000128	0.004415	0.000000	15.168371	-0.003123	0.107683	722.464488	-0.148722	5.126063
0.130000	4.692342	0.678963	9.450536E-5	0.004411	0.000000	16.560061	0.002305	0.107594	789.570452	0.109763	5.112918
0.131000	4.572063	0.738355	0.000478	0.004404	0.000000	18.008665	0.011658	0.107415	856.926051	0.555145	5.121508
0.132000	4.432997	0.798870	-0.000365	0.004420	0.000000	19.484631	-0.008893	0.107803	919.852530	-0.423480	5.173021
0.133000	4.275714	0.860090	-0.002791	0.004447	0.000000	20.977794	-0.068069	0.108472	974.547043	-3.241396	5.140508
0.134000	4.100861	0.923542	-0.004661	0.004387	0.000000	22.525406	-0.113689	0.106997	1022.807081	-5.413782	4.947519
0.135000	3.909157	0.989739	-0.004745	0.004285	0.000000	24.139970	-0.115734	0.104511	1072.997195	-5.511146	5.071183
0.136000	3.701390	1.056562	-0.004370	0.004512	0.000000	25.769805	-0.106594	0.110059	1127.647618	-5.075901	5.791912
0.137000	3.478413	1.122717	-0.004443	0.004891	0.000000	27.383332	-0.108357	0.119298	1181.362471	-5.159833	5.316879
0.138000	3.241142	1.189297	-0.004331	0.004029	0.000000	29.007255	-0.105646	0.098280	1231.735527	-5.030717	1.528562
0.139000	2.990553	1.257337	-0.003964	0.001597	0.000000	30.666753	-0.096684	0.038944	1279.599106	-4.604039	-3.538784
0.140000	2.727675	1.327128	-0.004795	-0.000257	0.000000	32.368954	-0.116962	-0.006261	1325.615709	-5.569811	-5.861596
0.141000	2.453588	1.398134	-0.007219	-0.000328	0.000000	34.100841	-0.176082	-0.007995	1370.010361	-8.384725	-5.433486
0.142000	2.169419	1.468324	-0.009096	4.374556E-5	0.000000	35.812888	-0.221865	0.001066	1411.111002	-10.564214	-4.957840
0.143000	1.876335	1.536788	-0.009198	-3.088654E-5	0.000000	37.482576	-0.224333	-0.000753	1448.016554	-10.683061	-5.181088
0.144000	1.575541	1.605227	-0.008746	8.593931E-5	0.000000	39.151474	-0.213314	0.002100	1482.399162	-10.160683	-5.056655
0.145000	1.268273	1.674242	-0.008695	0.000450	0.000000	40.835399	-0.212079	0.010973	1513.804340	-10.096992	-4.597651
0.146000	0.955793	1.741621	-0.008874	-0.000402	0.000000	42.480070	-0.216450	-0.009817	1539.092154	-10.296493	-5.584854
0.147000	0.639386	1.806094	-0.008979	-0.002834	0.000000	44.050188	-0.219011	-0.069119	1557.718703	-10.436726	-8.418222
0.148000	0.320351	1.868907	-0.008712	-0.004690	0.000000	45.577493	-0.212492	-0.114331	1572.087544	-10.158528	-10.571311
0.149000	6.123234E-16	1.931022	-0.008343	-0.004771	0.000000	47.101483	-0.203496	-0.116405	1583.953475	-9.661364	-10.668785
0.150000	0.000000	1.992264	-0.009248	-0.004338	0.000000	48.612717	-0.225553	-0.106029	1592.587898	-10.591874	-10.176797
0.151000	0.000000	2.052322	-0.011687	-0.004318	0.000000	50.043404	-0.285042	-0.105168	1594.444908	-13.683188	-10.131502
0.152000	0.000000	2.110877	-0.013519	-0.004433	0.000000	51.317071	-0.329741	-0.107300	1586.114569	-16.257087	-10.224534
0.153000	0.000000	2.167153	-0.013590	-0.004439	0.000000	52.345078	-0.331454	-0.108779	1564.783198	-15.360049	-10.313443
0.154000	0.000000	2.219508	-0.013165	-0.004408	0.000000	53.087895	-0.321107	-0.110601	1529.052435	-12.049424	-10.432045
0.155000	0.000000	2.268048	-0.013154	-0.004406	0.000000	53.711215	-0.320833	-0.105486	1485.038504	-9.863998	-10.118246
0.156000	0.000000	2.316370	-0.013251	-0.004415	0.000000	54.407623	-0.323207	-0.096101	1441.316783	-9.879669	-9.552942
0.157000	0.000000	2.365780	-0.013230	-0.004415	0.000000	55.127242	-0.322687	-0.115324	1397.973194	-10.290167	-10.732513
0.158000	0.000000	2.412530	-0.013265	-0.004413	0.000000	55.701392	-0.323533	-0.173806	1348.479074	-10.246506	-13.957362
0.159000	0.000000	2.454795	-0.013360	-0.004413	0.000000	56.077889	-0.325851	-0.220882	1289.077801	-10.485935	-15.198189
0.160000	0.000000	2.495396	-0.013122	-0.004413	0.000000	56.332293	-0.320060	-0.224471	1222.168578	-10.636956	-12.543543
0.161000	0.000000	2.535785	-0.012766	-0.004413	0.000000	56.517795	-0.311357	-0.213747	1149.944824	-9.256902	-9.880303
0.162000	0.000000	2.573948	-0.013698	-0.004413	0.000000	56.599665	-0.334075	-0.212815	1071.372555	-7.523468	-9.753369
0.163000	0.000000	2.609257	-0.016147	-0.004413	0.000000	56.566191	-0.393851	-0.215685	988.252495	-8.189828	-10.321468
0.164000	0.000000	2.644312	-0.017950	-0.004413	0.000000	56.474328	-0.437860	-0.215926	904.369151	-10.167947	-10.246347
0.165000	0.000000	2.680152	-0.017997	-0.004413	0.000000	56.324065	-0.438909	-0.215160	817.742437	-10.742599	-10.345721
0.166000	0.000000	2.714354	-0.017572	-0.004413	0.000000	56.044626	-0.428357	-0.215101	724.248895	-10.298944	-10.765420
0.167000	0.000000	2.745596	-0.017560	-0.004413	0.000000	55.627653	-0.428459	-0.215299	626.075381	-10.095655	-9.784849
0.168000	0.000000	2.775205	-0.017674	-0.004413	0.000000	55.124285	-0.431910	-0.215302	527.337936	-10.138011	-6.961070
0.169000	0.000000	2.804142	-0.017677	-0.004413	0.000000	54.555252	-0.430534	-0.215275	427.512348	-10.382936	-4.806831
0.170000	0.000000	2.832203	-0.017646	-0.004413	0.000000	53.909750	-0.427276	-0.215319	324.203207	-10.656213	-4.710172
0.171000	0.000000	2.859065	-0.017646	-0.004413	0.000000	53.173236	-0.432688	-0.215230	217.167583	-9.863596	-5.200005
0.172000	0.000000	2.884415	-0.017654	-0.004413	0.000000	52.342922	-0.442239	-0.215050	109.500844	-7.485597	-5.232482
0.173000	0.000000	2.908594	-0.017654	-0.004413	0.000000	51.456677	-0.421692	-0.215438	6.647936	-4.378641	-5.149401
0.174000	0.000000	2.933075	-0.017652	-0.004413	0.000000	50.560615	-0.362463	-0.216109	-84.974457	-1.476611	-5.110946
0.175000	0.000000	2.957948	-0.017652	-0.004413	0.000000	49.619670	-0.316842	-0.214637	-165.153555	0.203114	-4.954100
0.176000	0.000000	2.980714	-0.017652	-0.004413	0.000000	48.560368	-0.314812	-0.212142	-245.278422	0.286759	-5.078875
0.177000	0.000000	3.000558	-0.017652	-0.004412	0.000000	47.414543	-0.323952	-0.217678	-333.003807	-0.035479	-5.789422
0.178000	0.000000	3.020009	-0.017652	-0.004414	0.000000	46.275419	-0.322185	-0.226951	-421.515381	0.023898	-5.315572
0.179000	0.000000	3.040205	-0.017652	-0.004416	0.000000	45.144105	-0.324896	-0.205976	-502.727986	-0.064875	-1.531882
0.180000	0.000000	3.059366	-0.017652	-0.004410	0.000000	43.951915	-0.333859	-0.146516	-577.427339	-0.381332	3.541255
0.181000	0.000000	3.076895	-0.017652	-0.004404	0.000000	42.677240	-0.313581	-0.101151	-650.240645	0.308524	5.872365
0.182000	0.000000	3.094679	-0.017652	-0.004423	0.000000	41.379155	-0.254461	-0.099882	-720.887638	2.709337	5.422174
0.183000	0.000000	3.112972	-0.017652	-0.004447	0.000000	40.113373	-0.208678	-0.109535	-785.061511	5.971267	4.918114
0.184000	0.000000	3.128917	-0.017652	-0.004376	0.000000	38.832411	-0.206209	-0.105974	-844.465702	8.935323	5.224352
0.185000	0.000000	3.141879	-0.017652	-0.004286	0.000000	37.479327	-0.217227	-0.106627	-904.523876	10.506325	5.204706
0.186000	0.000000	3.155396	-0.017652	-0.004554	0.000000	36.125710	-0.218465	-0.122044	-961.826430	10.497326	4.434090
0.187000	0.000000	3.171036	-0.017652	-0.004888	0.000000	34.863779	-0.214096	-0.109414	-1008.611761	10.202869	5.032717
0.188000	0.000000	3.186482	-0.017652	-0.003864	0.000000	33.668007	-0.211527	-0.025127	-1045.697436	10.330128	9.055806
0.189000	0.000000	3.200075	-0.017652	-0.001387	0.000000	32.467522	-0.218034	0.080569	-1078.893467	10.184535	14.089113
0.190000	0.000000	3.211840	-0.017653	0.000320	0.000000	31.239471	-0.227065	0.124172	-1110.275264	9.689006	16.164127
0.191000	0.000000	3.222621	-0.017655	0.000292	0.000000	30.008712	-0.205049	0.112924	-1138.144656	10.582227	15.630627
0.192000	0.000000	3.234297	-0.017649	-5.093103E-5	0.000000	28.828665	-0.145433	0.104063	-1159.265289	13.678825	15.204392
0.193000	0.000000	3.246343	-0.017643	3.718674E-5	0.000000	27.694306	-0.100581	0.109038	-1173.743616	16.269460	15.432744
0.194000	0.000000	3.254287	-0.017663	-0.000120	0.000000	26.515464	-0.099346	0.105333	-1187.676824	15.349841	15.274821
0.195000	0.000000	3.257852	-0.017686	-0.000439	0.000000	25.325450	-0.110260	0.096800	-1201.674519	12.009659	14.900418
0.196000	0.000000	3.263948	-0.017612	0.000556	0.000000	24.290236	-0.108739	0.121034	-1206.163550	9.909648	15.984358
0.197000	0.000000	3.275262	-0.017526	0.003011	0.000000	23.387622	-0.104261	0.181104	-1198.702183	10.026229	18.726019
0.198000	0.000000	3.286847	-0.017802	0.004794	0.000000	22.465049	-0.111517	0.224615	-1188.071124	10.115962	21.061568
0.199000	0.000000	3.295805	-0.018122	0.004860	0.000000	21.543294	-0.118475	0.226150	-1177.720269	9.700471	21.576255
0.200000	0.000000	3.303507	-0.017065	0.004169	0.000000	20.700281	-0.090373	0.209313	-1163.991608	11.167742	19.775661
0.201000	0.000000	3.311804	-0.014585	0.003858	0.000000	19.912380	-0.035677	0.201733	-1144.739749	14.199131	16.583261
0.202000	0.000000	3.322660	-0.012895	0.005032	0.000000	19.192057	-0.003162	0.230368	-1118.342030	14.781847	15.786636
0.203000	0.000000	3.334856	-0.012923	0.007511	0.000000	18.558733	0.018884	0.290837	-1086.686752	13.016414	18.605676
0.204000	0.000000	3.342355	-0.013332	0.009165	0.000000	17.880430	0.068672	0.331182	-1058.711591	13.207139	20.986542
0.205000	0.000000	3.343975	-0.013323	0.009134	0.000000	17.064955	0.112840	0.330421	-1036.545536	15.192819	20.780692
0.206000	0.000000	3.346496	-0.013214	0.008735	0.000000	16.252288	0.116654	0.320676	-1010.811371	15.899095	20.347747
0.207000	0.000000	3.353173	-0.013217	0.008744	0.000000	15.580943	0.106221	0.320904	-978.322238	15.461249	21.092745
0.208000	0.000000	3.360951	-0.013246	0.008851	0.000000	15.008678	0.105228	0.323509	-945.481016	15.205924	20.615345
0.209000	0.000000	3.367712	-0.013245	0.008848	0.000000	14.451388	0.108020	0.323441	-915.077116	15.216503	16.598474
0.210000	0.000000	3.373512	-0.013237	0.008819	0.000000	13.887067	0.108278	0.322745	-884.783548	15.538708	11.532159
0.211000	0.000000	3.378231	-0.013238	0.008820	0.000000	13.317747	0.107531	0.322765	-853.415427	15.933154	9.456796
0.212000	0.000000	3.381246	-0.013240	0.008828	0.000000	12.736128	0.107464	0.322951	-822.503998	14.881597	10.001283
0.213000	0.000000	3.383122	-0.013240	0.008828	0.000000	12.163587	0.107664	0.322945	-793.575139	12.052226	10.422953
0.214000	0.000000	3.386184	-0.013239	0.008826	0.000000	11.648552	0.107681	0.322894	-764.083546	9.917250	10.183644
0.215000	0.000000	3.390893	-0.013239	0.008826	0.000000	11.166299	0.107628	0.322898	-730.912621	9.855880	10.360222
0.216000	0.000000	3.394813	-0.013239	0.008826	0.000000	10.655250	0.107624	0.322915	-698.580927	10.375411	10.767363
0.217000	0.000000	3.396962	-0.013239	0.008826	0.000000	10.152402	0.107638	0.322906	-673.230188	10.303682	9.612913
0.218000	0.000000	3.398770	-0.013239	0.008826	0.000000	9.712472	0.107639	0.322890	-651.197618	10.090438	6.751700
0.219000	0.000000	3.401013	-0.013239	0.008826	0.000000	9.292787	0.107634	0.322922	-627.250561	10.435753	4.681307
0.220000	0.000000	3.403273	-0.013239	0.008826	0.000000	8.855314	0.107636	0.322969	-604.189520	10.767230	4.610397
0.221000	0.000000	3.405416	-0.013239	0.008826	0.000000	8.440263	0.107640	0.322848	-583.810382	9.429210	5.406422
0.222000	0.000000	3.407829	-0.013239	0.008826	0.000000	8.071566	0.107630	0.322678	-563.848293	6.824131	5.759268
0.223000	0.000000	3.410272	-0.013240	0.008825	0.000000	7.697397	0.107619	0.323131	-547.364743	5.275300	4.417263
0.224000	0.000000	3.411589	-0.013238	0.008827	0.000000	7.283327	0.107659	0.323763	-536.924073	4.227380	1.567870
0.225000	0.000000	3.411534	-0.013237	0.008829	0.000000	6.893092	0.107698	0.322061	-523.206550	1.858390	-0.434348
0.226000	0.000000	3.411220	-0.013243	0.008823	0.000000	6.569276	0.107547	0.319715	-499.794229	-0.252039	-0.509827
0.227000	0.000000	3.411236	-0.013249	0.008817	0.000000	6.240007	0.107404	0.326106	-476.775291	-0.440440	0.258579
0.228000	0.000000	3.411316	-0.013226	0.008840	0.000000	5.860478	0.107969	0.334817	-462.879267	0.083231	0.662537
0.229000	0.000000	3.411307	-0.013204	0.008862	0.000000	5.483532	0.108497	0.310399	-453.578382	0.155678	-0.624286
0.230000	0.000000	3.411302	-0.013290	0.008775	0.000000	5.151867	0.106380	0.247845	-442.834307	-0.078112	-3.599813
0.231000	0.000000	3.411319	-0.013372	0.008693	0.000000	4.865337	0.104425	0.204221	-429.606180	-0.183482	-5.643999
0.232000	0.000000	3.411261	-0.013048	0.009019	0.000000	4.600976	0.112368	0.212856	-415.084348	0.230307	-5.233764
0.233000	0.000000	3.411201	-0.012746	0.009322	0.000000	4.314731	0.119598	0.228618	-401.018905	0.577816	-4.492065
0.234000	0.000000	3.411440	-0.013994	0.008067	0.000000	4.026755	0.089007	0.195849	-387.468163	-0.888419	-6.052153
0.235000	0.000000	3.411662	-0.016566	0.005488	0.000000	3.838418	0.026747	0.136776	-371.911141	-3.854040	-8.862783
0.236000	0.000000	3.410724	-0.017852	0.004230	0.000000	3.728592	-0.004056	0.113862	-354.176540	-5.318292	-9.954098
0.237000	0.000000	3.408439	-0.017491	0.004616	0.000000	3.524169	0.002965	0.099028	-339.575294	-4.983720	-10.661286
0.238000	0.000000	3.405938	-0.018258	0.003745	0.000000	3.187199	-0.017844	0.017908	-331.676314	-5.975339	-14.523714
0.239000	0.000000	3.403763	-0.020762	0.001147	0.000000	2.851592	-0.072193	-0.088959	-326.708585	-8.563427	-19.611833
0.240000	0.000000	3.401570	-0.022529	-0.000228	0.000000	2.579620	-0.107475	-0.124078	-319.674642	-10.243265	-21.285718
0.241000	0.000000	3.399297	-0.022503	0.000143	0.000000	2.336331	-0.132637	-0.098194	-310.427758	-11.441587	-20.055356
0.242000	0.000000	3.397309	-0.021753	-0.000612	0.000000	2.085489	-0.174828	-0.109030	-302.608297	-13.450873	-20.565642
0.243000	0.000000	3.395312	-0.021491	-0.003124	0.000000	1.772018	-0.209661	-0.198926	-299.978467	-15.109064	-24.838265
0.244000	0.000000	3.392155	-0.022893	-0.004880	0.000000	1.397522	-0.243155	-0.302223	-299.994051	-16.703544	-29.778768
0.245000	0.000000	3.387653	-0.025465	-0.004840	0.000000	1.104834	-0.295917	-0.341590	-294.213978	-19.217918	-31.683475
0.246000	0.000000	3.382921	-0.026654	-0.004109	0.000000	0.949886	-0.325135	-0.323009	-283.009813	-20.611067	-30.717629
0.247000	0.000000	3.378518	-0.026265	-0.003874	0.000000	0.781019	-0.318319	-0.307531	-275.631267	-20.279353	-29.868839
0.248000	0.000000	3.374202	-0.027185	-0.005205	0.000000	0.512895	-0.340687	-0.340221	-272.719628	-21.337701	-31.729851
0.249000	0.000000	3.369793	-0.029787	-0.007706	0.000000	0.215653	-0.403450	-0.403824	-268.801205	-24.353286	-35.173393
0.250000	0.000000	3.365268	-0.031120	-0.009195	0.000000	-0.059619	-0.435965	-0.440086	-263.959568	-25.926794	-35.737348
0.251000	0.000000	3.360781	-0.030743	-0.009065	0.000000	-0.310506	-0.426961	-0.436205	-260.113012	-25.397180	-32.573791
0.252000	0.000000	3.356678	-0.031537	-0.008776	0.000000	-0.525680	-0.446338	-0.429166	-256.715094	-26.226847	-30.161254
0.253000	0.000000	3.352509	-0.034059	-0.008875	0.000000	-0.700924	-0.507777	-0.431785	-252.471409	-29.530705	-30.697173
0.254000	0.000000	3.346878	-0.035783	-0.008656	0.000000	-0.884006	-0.549832	-0.426434	-247.558910	-31.877614	-31.192921
0.255000	0.000000	3.339971	-0.035721	-0.008393	0.000000	-1.127156	-0.548330	-0.419969	-245.424365	-30.349372	-29.324676
0.256000	0.000000	3.333935	-0.034991	-0.009606	0.000000	-1.389213	-0.530524	-0.449560	-248.934774	-26.536713	-27.920754
0.257000	0.000000	3.329566	-0.034775	-0.012116	0.000000	-1.591387	-0.525252	-0.510777	-253.332344	-24.818837	-29.744716
0.258000	0.000000	3.325872	-0.036130	-0.013639	0.000000	-1.733913	-0.558319	-0.547944	-250.384865	-26.727845	-30.808150
0.259000	0.000000	3.321686	-0.038628	-0.013511	0.000000	-1.880094	-0.619239	-0.544809	-241.299650	-28.637847	-26.796021
0.260000	0.000000	3.315818	-0.040109	-0.013131	0.000000	-2.077929	-0.655364	-0.535549	-234.739078	-27.770039	-21.266219
0.261000	0.000000	3.308828	-0.039981	-0.013167	0.000000	-2.303553	-0.652238	-0.536413	-232.532023	-25.941088	-19.635001
0.262000	0.000000	3.303280	-0.039612	-0.013268	0.000000	-2.491124	-0.643249	-0.538892	-229.878794	-24.314854	-20.985609
0.263000	0.000000	3.299254	-0.039647	-0.013259	0.000000	-2.648170	-0.644098	-0.538646	-225.412311	-22.346179	-20.457903
0.264000	0.000000	3.293842	-0.039746	-0.013231	0.000000	-2.839761	-0.646489	-0.537965	-219.608510	-20.801332	-16.144695
0.265000	0.000000	3.286807	-0.039736	-0.013233	0.000000	-3.043448	-0.646293	-0.538062	-211.474799	-19.197008	-11.230393
0.266000	0.000000	3.281148	-0.039710	-0.013242	0.000000	-3.180132	-0.645690	-0.538318	-204.045988	-16.655870	-9.367984
0.267000	0.000000	3.277134	-0.039713	-0.013243	0.000000	-3.270375	-0.645605	-0.538179	-200.964840	-15.260513	-10.246177
0.268000	0.000000	3.271747	-0.039720	-0.013235	0.000000	-3.402170	-0.645632	-0.537834	-199.199506	-15.586307	-10.966824
0.269000	0.000000	3.264713	-0.039719	-0.013230	0.000000	-3.575670	-0.646175	-0.538296	-194.693555	-14.547058	-9.432122
0.270000	0.000000	3.259032	-0.039717	-0.013254	0.000000	-3.714022	-0.646667	-0.539416	-187.127398	-11.581756	-6.456765
0.271000	0.000000	3.254999	-0.039717	-0.013271	0.000000	-3.812257	-0.644565	-0.537696	-178.697038	-9.933325	-4.648109
0.272000	0.000000	3.249710	-0.039718	-0.013183	0.000000	-3.941699	-0.642589	-0.533565	-172.913964	-10.268010	-4.636204
0.273000	0.000000	3.242752	-0.039718	-0.013123	0.000000	-4.109985	-0.650489	-0.540039	-170.681234	-9.721460	-5.279667
0.274000	0.000000	3.236669	-0.039718	-0.013450	0.000000	-4.256877	-0.657844	-0.555416	-169.331118	-7.146027	-5.887180
0.275000	0.000000	3.232353	-0.039718	-0.013673	0.000000	-4.367993	-0.627406	-0.530240	-165.904137	-3.694022	-4.943140
0.276000	0.000000	3.228665	-0.039718	-0.012394	0.000000	-4.463334	-0.564668	-0.436133	-158.865602	-0.778034	-0.769747
0.277000	0.000000	3.224426	-0.039718	-0.009899	0.000000	-4.543863	-0.533298	-0.344609	-150.221461	-0.132060	4.997674
0.278000	0.000000	3.218582	-0.039718	-0.008350	0.000000	-4.630658	-0.542114	-0.316242	-144.727189	-0.802952	9.263568
0.279000	0.000000	3.211658	-0.039718	-0.008446	0.000000	-4.738539	-0.523410	-0.297338	-143.077422	1.662369	11.933618
0.280000	0.000000	3.205843	-0.039718	-0.009173	0.000000	-4.827316	-0.462323	-0.251704	-140.343936	7.472162	13.957352
0.281000	0.000000	3.201598	-0.039718	-0.009364	0.000000	-4.877362	-0.419237	-0.222839	-133.306332	11.244176	14.890953
0.282000	0.000000	3.197443	-0.039718	-0.007853	0.000000	-4.923262	-0.419861	-0.195034	-124.748068	11.065548	16.256147
0.283000	0.000000	3.192921	-0.039718	-0.005296	0.000000	-4.985071	-0.438160	-0.114232	-118.759386	9.766127	20.221888
0.284000	0.000000	3.188746	-0.039718	-0.004222	0.000000	-5.038204	-0.444539	-0.026772	-113.811152	9.502824	24.374984
0.285000	0.000000	3.184551	-0.039718	-0.004597	0.000000	-5.063498	-0.410359	0.006892	-105.892262	11.244284	25.945533
0.286000	0.000000	3.178819	-0.039718	-0.003641	0.000000	-5.093508	-0.347636	0.029250	-97.621887	14.221764	27.014827
0.287000	0.000000	3.171883	-0.039718	-0.001099	0.000000	-5.147258	-0.318626	0.073425	-93.672671	15.574480	29.130629
0.288000	0.000000	3.166033	-0.039718	0.000516	0.000000	-5.182566	-0.328105	0.107071	-91.056692	15.119087	30.726186
0.289000	0.000000	3.161788	-0.039718	0.000388	0.000000	-5.180822	-0.305674	0.136408	-84.697725	16.188450	32.106769
0.290000	0.000000	3.157734	-0.039718	-0.000366	0.000000	-5.172165	-0.242200	0.179023	-76.023603	19.236941	34.158043
0.291000	0.000000	3.153270	-0.039718	-0.000535	0.000000	-5.170686	-0.209703	0.211235	-69.364912	20.807820	35.745299
0.292000	0.000000	3.148728	-0.039718	0.001017	0.000000	-5.172020	-0.218897	0.245907	-64.750617	20.269909	37.314432
0.293000	0.000000	3.144307	-0.039718	0.003571	0.000000	-5.179786	-0.199515	0.301125	-58.956505	21.098801	39.747153
0.294000	0.000000	3.140005	-0.039718	0.004597	0.000000	-5.183015	-0.138025	0.328602	-51.096643	24.403050	41.363854
0.295000	0.000000	3.135634	-0.039718	0.004217	0.000000	-5.152280	-0.095972	0.313981	-42.638227	26.755794	41.399826
0.296000	0.000000	3.130858	-0.039718	0.005240	0.000000	-5.100316	-0.097488	0.332503	-34.872517	25.234214	41.082984
0.297000	0.000000	3.126242	-0.039718	0.007802	0.000000	-5.065692	-0.115292	0.424592	-28.683719	21.398853	40.986929
0.298000	0.000000	3.123200	-0.039718	0.009284	0.000000	-5.033340	-0.120561	0.521937	-23.308400	19.654102	41.264098
0.299000	0.000000	3.121292	-0.039718	0.009080	0.000000	-4.989751	-0.087494	0.554127	-17.099625	21.648547	41.446161
0.300000	0.000000	3.118254	-0.039718	0.008703	0.000000	-4.961759	-0.026575	0.541810	-10.629536	23.658787	39.959410
0.301000	0.000000	3.113640	-0.039718	0.008759	0.000000	-4.931176	0.009551	0.533905	-4.945714	22.470221	37.409995
0.302000	0.000000	3.108869	-0.039718	0.008859	0.000000	-4.877031	0.006422	0.537218	0.015747	20.269451	36.193185
0.303000	0.000000	3.104502	-0.039718	0.008844	0.000000	-4.848254	-0.002570	0.539325	3.571804	19.871015	34.969465
0.304000	0.000000	3.100173	-0.039718	0.008817	0.000000	-4.855640	-0.001710	0.538436	6.163373	20.783334	31.079423
0.305000	0.000000	3.095737	-0.039718	0.008821	0.000000	-4.831827	0.000691	0.537865	9.827505	21.201420	26.887461
0.306000	0.000000	3.091299	-0.039718	0.008829	0.000000	-4.768501	0.000455	0.538097	14.047488	19.562574	25.295475
0.307000	0.000000	3.086886	-0.039718	0.008827	0.000000	-4.738112	-0.000186	0.538286	16.923599	16.545218	24.239832
0.308000	0.000000	3.082446	-0.039718	0.008825	0.000000	-4.748482	-0.000121	0.538251	18.989335	15.166910	22.134559
0.309000	0.000000	3.078012	-0.039718	0.008826	0.000000	-4.725244	5.002372E-5	0.538060	21.777232	15.626413	20.523280
0.310000	0.000000	3.073686	-0.039718	0.008826	0.000000	-4.659216	3.228531E-5	0.537969	24.838415	14.557451	19.121962
0.311000	0.000000	3.069312	-0.039718	0.008826	0.000000	-4.627318	-1.345381E-5	0.538547	25.945129	11.532676	17.120193
0.312000	0.000000	3.064534	-0.039718	0.008826	0.000000	-4.645489	-8.598639E-6	0.538942	25.009346	9.985430	15.605090
0.313000	0.000000	3.059942	-0.039718	0.008826	0.000000	-4.628474	3.613656E-6	0.536811	25.883161	10.423850	13.852578
0.314000	0.000000	3.056942	-0.039718	0.008826	0.000000	-4.531933	2.299982E-6	0.535340	30.850122	9.500802	11.153069
0.315000	0.000000	3.055031	-0.039718	0.008826	0.000000	-4.430187	-9.538104E-7	0.543315	35.848938	6.572574	10.224435
0.316000	0.000000	3.051968	-0.039718	0.008826	0.000000	-4.399632	-6.527137E-7	0.548746	35.840353	4.570064	11.179310
0.317000	0.000000	3.047342	-0.039718	0.008826	0.000000	-4.422507	1.893611E-7	0.517540	32.276592	4.642280	8.811267
0.318000	0.000000	3.042485	-0.039718	0.008827	0.000000	-4.437575	3.256072E-7	0.456751	29.910317	5.490128	1.531391
0.319000	0.000000	3.038080	-0.039718	0.008828	0.000000	-4.402480	1.987938E-7	0.418972	30.040926	5.741032	-4.903079
0.320000	0.000000	3.034115	-0.039718	0.008821	0.000000	-4.330313	-6.571652E-7	0.421153	31.401776	4.166365	-6.332127
0.321000	0.000000	3.029838	-0.039718	0.008818	0.000000	-4.292797	-9.821290E-7	0.438810	31.855329	1.265431	-4.904771
0.322000	0.000000	3.023942	-0.039717	0.008844	0.000000	-4.333063	2.318089E-6	0.444103	28.481568	-0.454710	-4.276326
0.323000	0.000000	3.017016	-0.039717	0.008855	0.000000	-4.400664	3.717556E-6	0.407517	22.684129	-0.305627	-6.176209
0.324000	0.000000	3.011289	-0.039718	0.008759	0.000000	-4.430041	-8.667818E-6	0.342793	19.914925	0.121954	-9.358663
0.325000	0.000000	3.007092	-0.039718	0.008718	0.000000	-4.430580	-1.384130E-5	0.315610	20.240969	0.080775	-10.610777
0.326000	0.000000	3.003032	-0.039716	0.009080	0.000000	-4.427294	3.254844E-5	0.333585	19.263438	-0.031370	-9.727640
0.327000	0.000000	2.998562	-0.039715	0.009227	0.000000	-4.396523	5.147051E-5	0.313844	17.713258	-0.019234	-10.678714
0.328000	0.000000	2.993947	-0.039723	0.007783	0.000000	-4.339916	-0.000122	0.216634	18.961725	0.003034	-15.316791
0.329000	0.000000	2.989501	-0.039725	0.005284	0.000000	-4.305667	-0.000191	0.116302	21.086404	-0.003339	-20.092804
0.330000	0.000000	2.985501	-0.039699	0.003892	0.000000	-4.299670	0.000459	0.085472	20.265442	0.019484	-21.551824
0.331000	0.000000	2.981231	-0.039688	0.004087	0.000000	-4.304971	0.000711	0.108602	16.868781	0.032343	-20.446046
0.332000	0.000000	2.975221	-0.039788	0.004816	0.000000	-4.342655	-0.001725	0.130498	13.555373	-0.081481	-19.430902
0.333000	0.000000	2.968255	-0.039826	0.004903	0.000000	-4.401782	-0.002645	0.094763	11.605113	-0.125543	-21.151391
0.334000	0.000000	2.962930	-0.039452	0.003223	0.000000	-4.423808	0.006477	-0.008474	9.745955	0.308244	-25.965978
0.335000	0.000000	2.958886	-0.039314	0.000695	0.000000	-4.417542	0.009832	-0.095191	5.447212	0.468102	-30.025270
0.336000	0.000000	2.953323	-0.040812	-0.000173	0.000000	-4.446631	-0.026697	-0.107081	-0.783031	-1.271263	-30.971258
0.337000	0.000000	2.946339	-0.043321	0.000200	0.000000	-4.500473	-0.087883	-0.122909	-4.801957	-4.184889	-31.983589
0.338000	0.000000	2.940464	-0.044580	-0.000983	0.000000	-4.531178	-0.118602	-0.214269	-5.174794	-5.647716	-34.848011
0.339000	0.000000	2.936270	-0.044334	-0.003555	0.000000	-4.559258	-0.112585	-0.313148	-5.794407	-5.361203	-36.661878
0.340000	0.000000	2.932601	-0.044010	-0.004901	0.000000	-4.602227	-0.104691	-0.340983	-9.511774	-4.985311	-36.188344
0.341000	0.000000	2.928246	-0.044077	-0.004636	0.000000	-4.634346	-0.106321	-0.325347	-14.477770	-5.062859	-35.547596
0.342000	0.000000	2.922116	-0.044163	-0.004264	0.000000	-4.671315	-0.108426	-0.317627	-18.024632	-5.163105	-36.020783
0.343000	0.000000	2.915175	-0.044145	-0.004327	0.000000	-4.724254	-0.107985	-0.321623	-18.628145	-5.142255	-36.463133
0.344000	0.000000	2.909914	-0.044122	-0.004521	0.000000	-4.746046	-0.107423	-0.325982	-16.446719	-5.115579	-34.928542
0.345000	0.000000	2.905862	-0.044127	-0.004534	0.000000	-4.739293	-0.107543	-0.325642	-14.726268	-5.120676	-31.830214
0.346000	0.000000	2.900245	-0.044133	-0.004128	0.000000	-4.768102	-0.107693	-0.315844	-16.072503	-5.127562	-30.069218
0.347000	0.000000	2.893258	-0.044132	-0.004016	0.000000	-4.830270	-0.107660	-0.313278	-19.189311	-5.128232	-30.802957
0.348000	0.000000	2.887452	-0.044130	-0.005558	0.000000	-4.864250	-0.107620	-0.350863	-22.272733	-5.127231	-31.652699
0.349000	0.000000	2.883286	-0.044130	-0.008062	0.000000	-4.857563	-0.107629	-0.411882	-24.649841	-5.119375	-29.929319
0.350000	0.000000	2.879487	-0.044131	-0.009280	0.000000	-4.842071	-0.107640	-0.441612	-25.543030	-5.116591	-26.567321
0.351000	0.000000	2.875073	-0.044131	-0.009019	0.000000	-4.844199	-0.107637	-0.435239	-25.929949	-5.147457	-24.795753
0.352000	0.000000	2.869392	-0.044131	-0.008704	0.000000	-4.876106	-0.107635	-0.427572	-27.196893	-5.159336	-25.532085
0.353000	0.000000	2.862593	-0.044131	-0.008775	0.000000	-4.925385	-0.107635	-0.429295	-27.749037	-5.043364	-26.656817
0.354000	0.000000	2.855464	-0.044131	-0.008859	0.000000	-4.987280	-0.107636	-0.431339	-27.880857	-4.999569	-25.052469
0.355000	0.000000	2.848810	-0.044131	-0.008840	0.000000	-5.076409	-0.107636	-0.430876	-31.076208	-5.433931	-20.114374
0.356000	0.000000	2.843388	-0.044131	-0.008817	0.000000	-5.162029	-0.107636	-0.430333	-35.451761	-5.593717	-15.959127
0.357000	0.000000	2.839139	-0.044131	-0.008823	0.000000	-5.190944	-0.107636	-0.430447	-35.443499	-3.854197	-15.398371
0.358000	0.000000	2.835343	-0.044131	-0.008828	0.000000	-5.170716	-0.107636	-0.430586	-31.916296	-0.940586	-14.651260
0.359000	0.000000	2.830968	-0.044131	-0.008827	0.000000	-5.158958	-0.107636	-0.430596	-29.894300	0.522191	-10.301316
0.360000	0.000000	2.824885	-0.044131	-0.008826	0.000000	-5.199866	-0.107636	-0.430581	-30.505165	0.235667	-5.592040
0.361000	0.000000	2.817972	-0.044131	-0.008826	0.000000	-5.271769	-0.107635	-0.430423	-31.882949	-0.140178	-4.259063
0.362000	0.000000	2.812491	-0.044131	-0.008826	0.000000	-5.301141	-0.107635	-0.430347	-31.752126	-0.062570	-5.000007
0.363000	0.000000	2.808368	-0.044131	-0.008826	0.000000	-5.257907	-0.107638	-0.430970	-27.932969	0.037533	-5.397309
0.364000	0.000000	2.803858	-0.044131	-0.008828	0.000000	-5.198968	-0.107639	-0.431285	-22.605421	0.016459	-5.221975
0.365000	0.000000	2.799277	-0.044131	-0.008828	0.000000	-5.171023	-0.107627	-0.428942	-20.237019	-0.009693	-4.902868
0.366000	0.000000	2.796366	-0.044131	-0.008821	0.000000	-5.139659	-0.107622	-0.427779	-19.065077	-0.003760	-4.863661
0.367000	0.000000	2.794463	-0.044131	-0.008819	0.000000	-5.087045	-0.107668	-0.436554	-15.187741	0.001163	-5.748104
0.368000	0.000000	2.791233	-0.044131	-0.008847	0.000000	-5.056791	-0.107687	-0.440826	-10.786733	-0.001277	-6.073735
0.369000	0.000000	2.786525	-0.044131	-0.008852	0.000000	-5.059068	-0.107513	-0.405747	-9.277048	0.005093	-2.613518
0.370000	0.000000	2.781770	-0.044131	-0.008749	0.000000	-5.066610	-0.107444	-0.342261	-9.954636	0.008801	3.315281
0.371000	0.000000	2.777422	-0.044131	-0.008729	0.000000	-5.075108	-0.108095	-0.307818	-11.096977	-0.021670	6.371102
0.372000	0.000000	2.773188	-0.044131	-0.009117	0.000000	-5.074211	-0.108347	-0.322044	-10.952951	-0.033797	5.390225
0.373000	0.000000	2.768766	-0.044131	-0.009188	0.000000	-5.035499	-0.105911	-0.341557	-7.590147	0.082070	4.095953
0.374000	0.000000	2.763932	-0.044131	-0.007600	0.000000	-4.983504	-0.104991	-0.304933	-2.767579	0.125931	5.921988
0.375000	0.000000	2.759449	-0.044131	-0.005110	0.000000	-4.962959	-0.114112	-0.203257	1.158150	-0.308403	10.861070
0.376000	0.000000	2.756637	-0.044131	-0.003870	0.000000	-4.932906	-0.117468	-0.111337	6.833476	-0.468205	15.216163
0.377000	0.000000	2.754704	-0.044131	-0.004147	0.000000	-4.844343	-0.080938	-0.096913	15.127889	1.271305	15.877105
0.378000	0.000000	2.751488	-0.044131	-0.004833	0.000000	-4.752449	-0.019752	-0.122768	20.880743	4.184917	14.651377
0.379000	0.000000	2.746784	-0.044131	-0.004814	0.000000	-4.723893	0.010966	-0.093447	21.277292	5.647705	16.054241
0.380000	0.000000	2.741784	-0.044131	-0.003130	0.000000	-4.743567	0.004949	0.010381	19.780523	5.361196	20.998915
0.381000	0.000000	2.737402	-0.044131	-0.000664	0.000000	-4.760957	-0.002944	0.103326	20.900461	4.985314	25.424130
0.382000	0.000000	2.734276	-0.044131	0.000539	0.000000	-4.730973	-0.001315	0.126220	25.752227	5.062861	26.506800
0.383000	0.000000	2.732266	-0.044131	0.000259	0.000000	-4.630478	0.000791	0.110315	31.936359	5.163104	25.745797
0.384000	0.000000	2.730669	-0.044131	-0.000430	0.000000	-4.500152	0.000349	0.095049	36.083549	5.142254	25.048504
0.385000	0.000000	2.728451	-0.044131	-0.000402	0.000000	-4.425922	-0.000212	0.100476	36.811707	5.115579	25.321953
0.386000	0.000000	2.724524	-0.044131	0.001335	0.000000	-4.422871	-9.280700E-5	0.143154	35.626292	5.120676	27.242711
0.387000	0.000000	2.719841	-0.044131	0.003802	0.000000	-4.400094	5.697467E-5	0.193429	35.217365	5.127562	29.581324
0.388000	0.000000	2.716579	-0.044131	0.004849	0.000000	-4.309248	2.465262E-5	0.216227	37.037959	5.128232	31.084800
0.389000	0.000000	2.714674	-0.044131	0.004545	0.000000	-4.214077	-1.529478E-5	0.246414	40.129259	5.127231	32.725734
0.390000	0.000000	2.712637	-0.044131	0.004373	0.000000	-4.162175	-6.548057E-6	0.303294	42.709178	5.119375	33.763876
0.391000	0.000000	2.710335	-0.044131	0.004465	0.000000	-4.125674	4.105696E-6	0.335257	44.806506	5.116591	32.262792
0.392000	0.000000	2.708456	-0.044131	0.004133	0.000000	-4.063844	1.739115E-6	0.320780	48.155413	5.147457	29.933273
0.393000	0.000000	2.706303	-0.044131	0.004076	0.000000	-3.977770	-1.102079E-6	0.311710	52.211473	5.159336	30.178788
0.394000	0.000000	2.702436	-0.044131	0.005734	0.000000	-3.906290	-4.618602E-7	0.353868	53.771863	5.043364	33.115486
0.395000	0.000000	2.697737	-0.044131	0.008222	0.000000	-3.846999	2.958156E-7	0.416611	54.119253	4.999570	34.359262
0.396000	0.000000	2.694451	-0.044131	0.009298	0.000000	-3.764845	1.226473E-7	0.442378	57.053024	5.433931	30.744497
0.397000	0.000000	2.692558	-0.044131	0.008980	0.000000	-3.678777	-7.939857E-8	0.434092	59.720397	5.593716	25.972768
0.398000	0.000000	2.690629	-0.044131	0.008700	0.000000	-3.622203	-3.256613E-8	0.427370	58.197172	3.854199	24.965857
0.399000	0.000000	2.688333	-0.044131	0.008785	0.000000	-3.585617	2.131054E-8	0.429602	55.563419	0.940589	26.303341
0.400000	0.000000	2.686048	-0.044131	0.008860	0.000000	-3.534637	8.645201E-9	0.431393	56.631203	-0.522199	24.992346
0.401000	0.000000	2.683861	-0.044131	0.008837	0.000000	-3.439628	-5.720862E-9	0.430794	62.092336	-0.235679	20.019667
0.402000	0.000000	2.681670	-0.044131	0.008817	0.000000	-3.324433	-2.290054E-9	0.430318	68.405882	0.140207	15.571055
0.403000	0.000000	2.679454	-0.044131	0.008823	0.000000	-3.244814	1.540712E-9	0.430467	70.769478	0.062618	14.487984
0.404000	0.000000	2.677238	-0.044131	0.008829	0.000000	-3.198286	5.887019E-10	0.430592	68.199596	-0.037643	15.251282
0.405000	0.000000	2.675030	-0.044131	0.008827	0.000000	-3.142148	-4.334226E-10	0.430596	64.666885	-0.016636	15.978459
0.406000	0.000000	2.672821	-0.044131	0.008825	0.000000	-3.084291	-8.417149E-11	0.430572	63.887224	0.010106	15.718841
0.407000	0.000000	2.670611	-0.044131	0.008826	0.000000	-3.067209	1.902548E-10	0.430403	64.555314	0.004419	13.678500
0.408000	0.000000	2.668399	-0.044131	0.008826	0.000000	-3.074729	-2.480003E-10	0.430377	63.112617	-0.002713	11.283250
0.409000	0.000000	2.666189	-0.044131	0.008826	0.000000	-3.049856	-3.250637E-10	0.431051	59.971063	-0.001174	10.229732
0.410000	0.000000	2.663981	-0.044131	0.008826	0.000000	-2.988866	1.079517E-9	0.431171	58.343387	0.000728	8.797948
0.411000	0.000000	2.661771	-0.044131	0.008826	0.000000	-2.926793	1.102484E-9	0.428639	58.827747	0.000312	5.968807
0.412000	0.000000	2.659553	-0.044131	0.008828	0.000000	-2.874859	-4.087408E-9	0.428205	59.562604	-0.000196	4.426088
0.413000	0.000000	2.657343	-0.044131	0.008828	0.000000	-2.825498	-4.057095E-9	0.437683	58.968866	-8.300822E-5	5.566794
0.414000	0.000000	2.655162	-0.044131	0.008820	0.000000	-2.770808	1.533595E-8	0.439219	57.474387	5.321023E-5	6.071875
0.415000	0.000000	2.652952	-0.044131	0.008820	0.000000	-2.706827	1.502143E-8	0.400478	57.117301	2.270865E-5	2.219493
0.416000	0.000000	2.650629	-0.044131	0.008850	0.000000	-2.654146	-5.750170E-8	0.340496	56.802554	-1.682463E-5	-3.624520
0.417000	0.000000	2.648422	-0.044131	0.008849	0.000000	-2.639387	-5.563531E-8	0.310230	53.593269	-8.489648E-6	-6.292734
0.418000	0.000000	2.646632	-0.044131	0.008737	0.000000	-2.635911	2.155837E-7	0.314224	49.660323	1.404677E-5	-5.707971
0.419000	0.000000	2.644407	-0.044131	0.008740	0.000000	-2.611732	2.060387E-7	0.331066	48.117661	1.136214E-5	-4.585887
0.420000	0.000000	2.640434	-0.044131	0.009162	0.000000	-2.593907	-8.082290E-7	0.340886	47.224271	-3.950188E-5	-4.224591
0.421000	0.000000	2.635760	-0.044131	0.009143	0.000000	-2.585939	-7.629431E-7	0.299337	45.176116	-3.674230E-5	-6.288349
0.422000	0.000000	2.632594	-0.044131	0.007374	0.000000	-2.556289	3.029967E-6	0.196053	42.063769	0.000145	-11.178129
0.423000	0.000000	2.630724	-0.044131	0.004912	0.000000	-2.525650	2.824738E-6	0.106670	38.037303	0.000135	-15.411792
0.424000	0.000000	2.628662	-0.044131	0.003963	0.000000	-2.526933	-1.135864E-5	0.090355	34.184807	-0.000541	-16.195828
0.425000	0.000000	2.626367	-0.044131	0.004305	0.000000	-2.543952	-1.045697E-5	0.115508	31.158755	-0.000498	-15.003956
0.426000	0.000000	2.624501	-0.044129	0.004449	0.000000	-2.535378	4.257942E-5	0.118307	28.893794	0.002028	-14.870919
0.427000	0.000000	2.622285	-0.044129	0.004365	0.000000	-2.493642	3.870556E-5	0.073885	28.126124	0.001843	-16.985112
0.428000	0.000000	2.618347	-0.044137	0.004721	0.000000	-2.475464	-0.000160	0.022404	28.178348	-0.007600	-19.428514
0.429000	0.000000	2.613671	-0.044136	0.004711	0.000000	-2.509948	-0.000143	-0.003380	26.894371	-0.006821	-20.655139
0.430000	0.000000	2.610373	-0.044106	0.002936	0.000000	-2.543925	0.000598	-0.039232	24.091919	0.028489	-22.394423
0.431000	0.000000	2.608526	-0.044109	0.000475	0.000000	-2.539301	0.000530	-0.095075	21.407828	0.025241	-25.059349
0.432000	0.000000	2.607026	-0.044223	-0.000453	0.000000	-2.519719	-0.002242	-0.119948	19.384464	-0.106786	-26.123205
0.433000	0.000000	2.604675	-0.044211	-0.000102	0.000000	-2.531241	-0.001961	-0.103316	16.362745	-0.093386	-25.310514
0.434000	0.000000	2.600479	-0.043786	3.558067E-5	0.000000	-2.581093	0.008405	-0.098544	11.638340	0.400246	-25.534633
0.435000	0.000000	2.595856	-0.043833	-4.692083E-5	0.000000	-2.599505	0.007255	-0.140988	8.157242	0.345460	-27.628909
0.436000	0.000000	2.593182	-0.045635	0.000312	0.000000	-2.550122	-0.036691	-0.192937	7.462148	-1.747200	-28.257853
0.437000	0.000000	2.591264	-0.048085	0.000286	0.000000	-2.516743	-0.096442	-0.219797	6.542986	-4.592460	-26.680639
0.438000	0.000000	2.587366	-0.049019	-0.001504	0.000000	-2.565657	-0.119227	-0.255707	3.510941	-5.677462	-26.949377
0.439000	0.000000	2.582630	-0.048662	-0.003958	0.000000	-2.634107	-0.110524	-0.308732	0.085896	-5.263037	-29.664561
0.440000	0.000000	2.579888	-0.048416	-0.004891	0.000000	-2.644994	-0.104529	-0.333564	-1.583927	-4.977585	-31.649047
0.441000	0.000000	2.577997	-0.048512	-0.004530	0.000000	-2.635374	-0.106873	-0.326597	-1.974606	-5.089134	-31.784902
0.442000	0.000000	2.574106	-0.048578	-0.004285	0.000000	-2.676943	-0.108468	-0.320048	-4.333522	-5.165119	-29.494531
0.443000	0.000000	2.569367	-0.048552	-0.004382	0.000000	-2.739113	-0.107837	-0.321929	-8.705892	-5.135252	-24.665818
0.444000	0.000000	2.566634	-0.048535	-0.004447	0.000000	-2.751706	-0.107413	-0.323674	-10.764599	-5.115017	-20.492586
0.445000	0.000000	2.564740	-0.048542	-0.004421	0.000000	-2.743853	-0.107582	-0.323166	-10.329537	-5.122432	-19.691492
0.446000	0.000000	2.560835	-0.048546	-0.004404	0.000000	-2.785234	-0.107695	-0.322701	-11.489633	-5.127858	-20.867140
0.447000	0.000000	2.556101	-0.048544	-0.004411	0.000000	-2.846841	-0.107650	-0.322838	-14.831555	-5.128205	-21.006875
0.448000	0.000000	2.553383	-0.048543	-0.004416	0.000000	-2.859213	-0.107620	-0.322961	-17.408146	-5.126588	-18.897433
0.449000	0.000000	2.551484	-0.048544	-0.004414	0.000000	-2.851595	-0.107632	-0.322928	-17.911020	-5.117731	-16.444396
0.450000	0.000000	2.547564	-0.048544	-0.004412	0.000000	-2.893307	-0.107640	-0.322895	-18.255187	-5.118892	-15.214986
0.451000	0.000000	2.542835	-0.048544	-0.004413	0.000000	-2.954797	-0.107637	-0.322891	-19.565297	-5.154044	-13.507587
0.452000	0.000000	2.540132	-0.048544	-0.004413	0.000000	-2.966814	-0.107635	-0.322900	-20.357735	-5.150694	-10.848806
0.453000	0.000000	2.538227	-0.048544	-0.004413	0.000000	-2.959157	-0.107635	-0.322950	-20.925648	-5.018710	-9.666757
0.454000	0.000000	2.534293	-0.048544	-0.004413	0.000000	-3.001219	-0.107636	-0.322947	-22.379896	-5.032136	-10.458639
0.455000	0.000000	2.529569	-0.048544	-0.004413	0.000000	-3.063254	-0.107636	-0.322751	-22.960054	-5.525759	-10.676517
0.456000	0.000000	2.526878	-0.048544	-0.004413	0.000000	-3.074959	-0.107636	-0.322755	-22.640620	-5.470966	-8.655603
0.457000	0.000000	2.524969	-0.048544	-0.004413	0.000000	-3.064881	-0.107636	-0.323490	-24.512336	-3.378306	-6.216813
0.458000	0.000000	2.521030	-0.048544	-0.004413	0.000000	-3.107126	-0.107636	-0.323470	-28.113450	-0.533044	-4.936809
0.459000	0.000000	2.516309	-0.048544	-0.004413	0.000000	-3.178601	-0.107636	-0.320721	-29.187827	0.551946	-3.095930
0.460000	0.000000	2.513595	-0.048544	-0.004413	0.000000	-3.190539	-0.107636	-0.320822	-26.496781	0.137509	-0.575724
0.461000	0.000000	2.511689	-0.048544	-0.004413	0.000000	-3.140121	-0.107635	-0.331102	-23.577477	-0.147895	0.117244
0.462000	0.000000	2.507880	-0.048544	-0.004413	0.000000	-3.119031	-0.107635	-0.330628	-23.031289	-0.036299	-0.191959
0.463000	0.000000	2.503130	-0.048544	-0.004413	0.000000	-3.157654	-0.107639	-0.287481	-22.891021	0.039503	1.550792
0.464000	0.000000	2.499887	-0.048544	-0.004415	0.000000	-3.191153	-0.107638	-0.227496	-21.525745	0.009465	4.496811
0.465000	0.000000	2.498114	-0.048544	-0.004414	0.000000	-3.184098	-0.107624	-0.204336	-20.590106	-0.010085	5.682759
0.466000	0.000000	2.496582	-0.048544	-0.004406	0.000000	-3.165487	-0.107625	-0.212475	-20.077797	-0.002037	5.271032
0.467000	0.000000	2.494146	-0.048544	-0.004408	0.000000	-3.179371	-0.107678	-0.216028	-18.768401	0.000820	5.079707
0.468000	0.000000	2.489980	-0.048544	-0.004440	0.000000	-3.226958	-0.107674	-0.214733	-18.100807	-0.001174	5.147841
0.469000	0.000000	2.485382	-0.048544	-0.004431	0.000000	-3.243045	-0.107476	-0.223216	-18.277735	0.006837	4.749798
0.470000	0.000000	2.482357	-0.048544	-0.004314	0.000000	-3.202769	-0.107492	-0.220117	-16.722535	0.006644	4.895756
0.471000	0.000000	2.480522	-0.048544	-0.004347	0.000000	-3.167105	-0.108234	-0.177651	-13.038001	-0.028285	6.916372
0.472000	0.000000	2.478528	-0.048544	-0.004784	0.000000	-3.170686	-0.108166	-0.128281	-10.280436	-0.025194	9.267156
0.473000	0.000000	2.476216	-0.048544	-0.004656	0.000000	-3.190482	-0.105393	-0.102516	-10.650875	0.106731	10.494467
0.474000	0.000000	2.473947	-0.048544	-0.002750	0.000000	-3.188492	-0.105675	-0.064563	-10.920715	0.093374	12.304150
0.475000	0.000000	2.471764	-0.048544	-0.000339	0.000000	-3.139370	-0.116041	-0.009140	-6.578629	-0.400232	14.943194
0.476000	0.000000	2.469578	-0.048544	0.000482	0.000000	-3.079956	-0.114890	0.012908	-0.795344	-0.345457	15.983748
0.477000	0.000000	2.467358	-0.048544	9.220139E-5	0.000000	-3.068882	-0.070944	-0.005356	0.289376	1.747196	15.114250
0.478000	0.000000	2.465112	-0.048544	-0.000154	0.000000	-3.076878	-0.011194	-0.010740	-0.571289	4.592459	14.892847
0.479000	0.000000	2.462914	-0.048544	-3.983748E-5	0.000000	-3.035414	0.011591	0.035701	3.414841	5.677463	17.103370
0.480000	0.000000	2.460820	-0.048544	0.000135	0.000000	-2.970972	0.002888	0.099841	9.887101	5.263037	20.026789
0.481000	0.000000	2.458571	-0.048544	6.783220E-5	0.000000	-2.958947	-0.003107	0.120944	11.028184	4.977585	21.036478
0.482000	0.000000	2.455930	-0.048544	-0.000388	0.000000	-2.977263	-0.000763	0.101046	7.755132	5.089134	20.578461
0.483000	0.000000	2.453868	-0.048544	-0.000229	0.000000	-2.932646	0.000833	0.098929	8.875488	5.165119	20.455092
0.484000	0.000000	2.453559	-0.048544	0.001711	0.000000	-2.824583	0.000202	0.148603	15.860541	5.135252	20.765935
0.485000	0.000000	2.453758	-0.048544	0.004106	0.000000	-2.753069	-0.000223	0.208623	20.861152	5.115017	20.767555
0.486000	0.000000	2.452457	-0.048544	0.004887	0.000000	-2.738624	-5.324326E-5	0.227022	21.213053	5.122432	20.540842
0.487000	0.000000	2.449806	-0.048544	0.004493	0.000000	-2.708032	5.979849E-5	0.216990	21.783532	5.127858	20.450692
0.488000	0.000000	2.446913	-0.048544	0.004286	0.000000	-2.663111	1.406056E-5	0.212125	24.583818	5.128205	20.388221
0.489000	0.000000	2.444987	-0.048544	0.004392	0.000000	-2.643811	-1.602504E-5	0.214821	27.768885	5.126588	20.454952
0.490000	0.000000	2.444910	-0.048544	0.004447	0.000000	-2.599353	-3.712436E-6	0.216114	30.652009	5.117731	20.920451
0.491000	0.000000	2.445013	-0.048544	0.004419	0.000000	-2.501243	4.294325E-6	0.215389	33.405968	5.118892	20.738407
0.492000	0.000000	2.443074	-0.048544	0.004404	0.000000	-2.433186	9.800121E-7	0.215046	34.948516	5.154044	18.699866
0.493000	0.000000	2.440660	-0.048544	0.004412	0.000000	-2.426128	-1.150742E-6	0.215241	35.455113	5.150694	16.358161
0.494000	0.000000	2.440342	-0.048544	0.004415	0.000000	-2.387442	-2.586533E-7	0.215332	38.239995	5.018710	15.135612
0.495000	0.000000	2.440570	-0.048544	0.004413	0.000000	-2.285915	3.083528E-7	0.215279	42.979877	5.032136	13.325809
0.496000	0.000000	2.438685	-0.048544	0.004412	0.000000	-2.216676	6.825215E-8	0.215255	43.937846	5.525758	10.685479
0.497000	0.000000	2.436243	-0.048544	0.004413	0.000000	-2.210615	-8.262379E-8	0.215269	41.397196	5.470965	9.636284
0.498000	0.000000	2.435921	-0.048544	0.004413	0.000000	-2.171904	-1.800629E-8	0.215276	42.713222	3.378309	10.506280
0.499000	0.000000	2.436151	-0.048544	0.004413	0.000000	-2.070204	2.213857E-8	0.215271	47.936851	0.533047	10.762447
0.500000	0.000000	2.434258	-0.048544	0.004413	0.000000	-2.001258	4.749406E-9	0.215270	49.245541	-0.551956	8.550895
0.501000	0.000000	2.431820	-0.048544	0.004413	0.000000	-1.994506	-5.931730E-9	0.215274	46.498370	-0.137518	5.496813
0.502000	0.000000	2.431508	-0.048544	0.004413	0.000000	-1.955635	-1.252446E-9	0.215274	47.776798	0.147933	4.491897
0.503000	0.000000	2.431733	-0.048544	0.004413	0.000000	-1.857249	1.589280E-9	0.215259	53.334009	0.036336	5.438725
0.504000	0.000000	2.429837	-0.048544	0.004413	0.000000	-1.787643	3.302028E-10	0.215263	54.523927	-0.039647	5.539704
0.505000	0.000000	2.427401	-0.048544	0.004413	0.000000	-1.767939	-4.258013E-10	0.215317	50.316378	-0.009599	3.176852
0.506000	0.000000	2.427062	-0.048544	0.004413	0.000000	-1.732968	-8.703641E-11	0.215303	48.576225	0.010625	0.318124
0.507000	0.000000	2.427299	-0.048544	0.004413	0.000000	-1.689833	1.140776E-10	0.215099	49.942433	0.002535	-0.567735
0.508000	0.000000	2.425540	-0.048544	0.004413	0.000000	-1.673336	2.293592E-11	0.215153	49.271282	-0.002848	-0.087457
0.509000	0.000000	2.423040	-0.048544	0.004413	0.000000	-1.632681	-3.056210E-11	0.215916	49.068085	-0.000670	0.180543
0.510000	0.000000	2.422150	-0.048544	0.004413	0.000000	-1.542262	-6.042592E-12	0.215707	52.454720	0.000763	0.042198
0.511000	0.000000	2.422653	-0.048544	0.004413	0.000000	-1.456191	8.187556E-12	0.212855	54.436296	0.000177	-0.155187
0.512000	0.000000	2.423336	-0.048544	0.004413	0.000000	-1.394792	1.591376E-12	0.213664	52.688142	-0.000204	-0.082144
0.513000	0.000000	2.422979	-0.048544	0.004413	0.000000	-1.354849	-2.193367E-12	0.224323	51.349378	-4.666735E-5	0.441781
0.514000	0.000000	2.420783	-0.048544	0.004413	0.000000	-1.352045	-4.190415E-13	0.221194	51.146829	5.479720E-5	0.283521
0.515000	0.000000	2.418523	-0.048544	0.004413	0.000000	-1.351806	5.876058E-13	0.174699	49.316034	1.231685E-5	-1.934912
0.516000	0.000000	2.418329	-0.048544	0.004413	0.000000	-1.303291	1.101761E-13	0.115894	46.791596	-1.468346E-5	-4.732622
0.517000	0.000000	2.418485	-0.048544	0.004413	0.000000	-1.246154	-1.573944E-13	0.095867	46.215303	-3.250110E-6	-5.685156
0.518000	0.000000	2.416511	-0.048544	0.004415	0.000000	-1.240157	-2.894026E-14	0.105437	46.212258	3.934465E-6	-5.230103
0.519000	0.000000	2.414119	-0.048544	0.004414	0.000000	-1.243732	4.214109E-14	0.111418	44.198648	8.574444E-7	-4.945594
0.520000	0.000000	2.413877	-0.048544	0.004405	0.000000	-1.196027	7.615859E-15	0.108418	41.627466	-1.054217E-6	-5.088218
0.521000	0.000000	2.414062	-0.048544	0.004410	0.000000	-1.140437	-1.133917E-14	0.104264	40.991445	-2.261627E-7	-5.285985
0.522000	0.000000	2.412091	-0.048544	0.004442	0.000000	-1.133652	-2.030896E-15	0.106688	40.993069	2.824632E-7	-5.170774
0.523000	0.000000	2.409698	-0.048544	0.004424	0.000000	-1.127608	2.877102E-15	0.117366	39.429836	5.964041E-8	-4.662309
0.524000	0.000000	2.409464	-0.048544	0.004305	0.000000	-1.083020	5.077239E-16	0.110573	36.868080	-7.567999E-8	-4.985060
0.525000	0.000000	2.409644	-0.048544	0.004372	0.000000	-1.071093	-8.462066E-16	0.064900	34.121442	-1.572398E-8	-7.160123
0.526000	0.000000	2.407664	-0.048544	0.004819	0.000000	-1.124256	-3.384826E-16	0.017391	30.651555	2.027624E-8	-9.425081
0.527000	0.000000	2.405276	-0.048544	0.004564	0.000000	-1.150756	1.692413E-16	-0.007865	27.724385	4.144599E-9	-10.627089
0.528000	0.000000	2.405044	-0.048544	0.002515	0.000000	-1.091753	0.000000	-0.048230	28.480012	-5.432267E-9	-12.539502
0.529000	0.000000	2.405222	-0.048544	0.000179	0.000000	-1.016846	-1.692413E-16	-0.100167	31.261423	-1.092195E-9	-15.015248
0.530000	0.000000	2.403270	-0.048544	-0.000467	0.000000	-1.017487	0.000000	-0.118507	29.294949	1.455338E-9	-15.924921
0.531000	0.000000	2.400866	-0.048544	-4.636051E-5	0.000000	-1.074256	0.000000	-0.109595	22.285982	2.877425E-10	-15.490583
0.532000	0.000000	2.400495	-0.048544	0.000125	0.000000	-1.085792	0.000000	-0.104723	17.638066	-3.898836E-10	-15.122764
0.533000	0.000000	2.400757	-0.048544	1.203055E-5	0.000000	-1.032119	0.000000	-0.107120	17.270178	-7.577981E-11	-15.275456
0.534000	0.000000	2.399359	-0.048544	-3.343297E-5	0.000000	-1.007345	0.000000	-0.108416	16.547792	1.044461E-10	-15.844719
0.535000	0.000000	2.396615	-0.048544	-3.119000E-6	0.000000	-1.066520	0.000000	-0.107771	13.596407	1.995436E-11	-15.665029
0.536000	0.000000	2.393741	-0.048544	8.948542E-6	0.000000	-1.142184	-1.692413E-16	-0.107427	9.981958	-2.798929E-11	-13.434536
0.537000	0.000000	2.391954	-0.048544	8.078167E-7	0.000000	-1.139791	0.000000	-0.107600	7.785717	-5.246481E-12	-10.642588
0.538000	0.000000	2.391994	-0.048544	-2.395070E-6	0.000000	-1.079240	0.000000	-0.107692	7.948313	7.494973E-12	-9.693263
0.539000	0.000000	2.391989	-0.048544	-2.090017E-7	0.000000	-1.071503	0.000000	-0.107645	8.031139	1.378108E-12	-10.146779
0.540000	0.000000	2.389899	-0.048544	6.410216E-7	0.000000	-1.128101	0.000000	-0.107621	5.506249	-2.006718E-12	-10.430431
0.541000	0.000000	2.387585	-0.048544	5.401268E-8	0.000000	-1.138366	0.000000	-0.107633	2.745763	-3.626600E-13	-10.288174
0.542000	0.000000	2.387427	-0.048544	-1.715599E-7	0.000000	-1.082764	0.000000	-0.107640	2.746328	5.399604E-13	-10.090645
0.543000	0.000000	2.387557	-0.048544	-1.394172E-8	0.000000	-1.071972	0.000000	-0.107636	2.937119	9.670932E-14	-10.205931
0.544000	0.000000	2.385511	-0.048544	4.591424E-8	0.000000	-1.127372	0.000000	-0.107635	0.011261	-1.370049E-13	-10.714291
0.545000	0.000000	2.383166	-0.048544	3.593971E-9	0.000000	-1.138300	0.000000	-0.107636	-2.632387	-2.417733E-14	-10.390874
0.546000	0.000000	2.383004	-0.048544	-1.228762E-8	0.000000	-1.082856	0.000000	-0.107636	-0.560156	4.029555E-14	-8.215998
0.547000	0.000000	2.383137	-0.048544	-9.251836E-10	0.000000	-1.071348	0.000000	-0.107636	2.519446	1.611822E-14	-5.953636
0.548000	0.000000	2.381090	-0.048544	3.288338E-9	0.000000	-1.127045	0.000000	-0.107636	1.129108	-8.059110E-15	-4.750960
0.549000	0.000000	2.378746	-0.048544	2.378099E-10	0.000000	-1.141305	0.000000	-0.107636	-2.359625	0.000000	-2.828819
0.550000	0.000000	2.378566	-0.048544	-8.799825E-10	0.000000	-1.084736	0.000000	-0.107636	-3.232878	8.059110E-15	-0.355646
0.551000	0.000000	2.378711	-0.048544	-6.102781E-11	0.000000	-1.059473	0.000000	-0.107636	-1.999339	0.000000	0.517666
0.552000	0.000000	2.376764	-0.048544	2.354834E-10	0.000000	-1.119260	0.000000	-0.107636	-2.143020	0.000000	0.093293
0.553000	0.000000	2.374349	-0.048544	1.563372E-11	0.000000	-1.194796	1.692413E-16	-0.107635	-5.190703	8.059110E-15	-0.138644
0.554000	0.000000	2.373762	-0.048544	-6.301371E-11	0.000000	-1.200404	0.000000	-0.107635	-8.013605	0.000000	-0.024519
0.555000	0.000000	2.374203	-0.048544	-3.997298E-12	0.000000	-1.136084	0.000000	-0.107639	-6.130404	0.000000	0.036984
0.556000	0.000000	2.374247	-0.048544	1.686159E-11	0.000000	-1.079896	0.000000	-0.107637	-0.636928	0.000000	0.006378
0.557000	0.000000	2.374211	-0.048544	1.019914E-12	0.000000	-1.076059	0.000000	-0.107622	3.148844	8.059110E-15	-0.009312
0.558000	0.000000	2.374616	-0.048544	-4.511809E-12	0.000000	-1.069981	0.000000	-0.107630	3.324329	0.000000	-0.001424
0.559000	0.000000	2.374314	-0.048544	-2.596367E-13	0.000000	-1.029203	0.000000	-0.107686	2.382676	0.000000	0.000264
0.560000	0.000000	2.372201	-0.048544	1.207234E-12	0.000000	-1.022411	0.000000	-0.107657	2.337724	0.000000	-0.000547
0.561000	0.000000	2.369909	-0.048544	6.592841E-14	0.000000	-1.072399	0.000000	-0.107447	2.652491	0.000000	0.008280
0.562000	0.000000	2.369355	-0.048544	-3.230139E-13	0.000000	-1.090435	0.000000	-0.107560	2.282429	0.000000	0.003507
0.563000	0.000000	2.369791	-0.048544	-1.669419E-14	0.000000	-1.031721	0.000000	-0.108343	2.430618	0.000000	-0.033475
0.564000	0.000000	2.369938	-0.048544	8.642501E-14	0.000000	-0.969755	1.692413E-16	-0.107913	4.867499	8.059110E-15	-0.013187
0.565000	0.000000	2.369821	-0.048544	4.214118E-15	0.000000	-0.966904	0.000000	-0.104989	7.641333	0.000000	0.125964
0.566000	0.000000	2.369782	-0.048544	-2.312312E-14	0.000000	-0.972251	0.000000	-0.106624	7.907059	0.000000	0.048170
0.567000	0.000000	2.369813	-0.048544	-1.060068E-15	0.000000	-0.923182	0.000000	-0.117541	7.603522	0.000000	-0.471654
0.568000	0.000000	2.369823	-0.048544	6.186458E-15	0.000000	-0.864690	0.000000	-0.111321	9.840830	0.000000	-0.175476
0.569000	0.000000	2.369815	-0.048544	2.656144E-16	0.000000	-0.859243	0.000000	-0.061348	12.752474	0.000000	2.204173
0.570000	0.000000	2.369812	-0.048544	-1.655109E-15	0.000000	-0.863664	0.000000	-0.004375	13.221025	0.000000	4.917170
0.571000	0.000000	2.369815	-0.048544	-6.625610E-17	0.000000	-0.815975	0.000000	0.011382	12.798123	0.000000	5.667487
0.572000	0.000000	2.369815	-0.048544	4.427918E-16	0.000000	-0.757332	0.000000	0.001131	14.387672	0.000000	5.179366
0.573000	0.000000	2.369815	-0.048544	1.644256E-17	0.000000	-0.748306	0.000000	-0.003047	17.664454	0.000000	4.980442
0.574000	0.000000	2.369814	-0.048544	-1.184572E-16	0.000000	-0.754703	0.000000	-0.000293	20.956841	-8.059110E-15	5.111490
0.575000	0.000000	2.369815	-0.048544	-4.056265E-18	0.000000	-0.720601	0.000000	0.000815	22.847790	0.000000	5.164318
0.576000	0.000000	2.369815	-0.048544	3.168925E-17	0.000000	-0.653647	0.000000	7.607317E-5	22.973154	0.000000	5.129302
0.577000	0.000000	2.369815	-0.048544	9.936817E-19	0.000000	-0.583557	0.000000	-0.000218	23.635203	0.000000	5.115189
0.578000	0.000000	2.369812	-0.048544	-8.477178E-18	0.000000	-0.540036	0.000000	-1.970285E-5	25.524897	0.000000	5.123928
0.579000	0.000000	2.369814	-0.048544	-2.414097E-19	0.000000	-0.540976	0.000000	5.841634E-5	25.190703	0.000000	5.128018
0.580000	0.000000	2.369823	-0.048544	2.267667E-18	0.000000	-0.540644	0.000000	5.097603E-6	23.264735	0.000000	5.128154
0.581000	0.000000	2.369815	-0.048544	5.806144E-20	0.000000	-0.489846	0.000000	-1.563467E-5	25.360259	0.000000	5.125757
0.582000	0.000000	2.369784	-0.048544	-6.065912E-19	0.000000	-0.434170	0.000000	-1.317382E-6	30.391861	0.000000	5.116451
0.583000	0.000000	2.369812	-0.048544	-1.379165E-20	0.000000	-0.429630	0.000000	4.184387E-6	31.466903	0.000000	5.122084
0.584000	0.000000	2.369929	-0.048544	1.622563E-19	0.000000	-0.429940	0.000000	3.400421E-7	28.656244	0.000000	5.159191
0.585000	0.000000	2.369823	-0.048544	3.224748E-21	0.000000	-0.382621	0.000000	-1.119859E-6	27.958780	-8.059110E-15	5.138673
0.586000	0.000000	2.369385	-0.048544	-4.340061E-20	0.000000	-0.336118	0.000000	-8.765782E-8	30.037388	0.000000	4.999489
0.587000	0.000000	2.369788	-0.048544	-7.386023E-22	0.000000	-0.322353	0.000000	2.996979E-7	30.947536	0.000000	5.077344
0.588000	0.000000	2.371942	-0.048544	1.160858E-20	0.000000	-0.273053	0.000000	2.256545E-8	30.958528	0.000000	5.597177
0.589000	0.000000	2.374202	-0.048544	1.644682E-22	0.000000	-0.167983	0.000000	-8.020338E-8	33.176559	0.000000	5.300984
0.590000	0.000000	2.374792	-0.048544	-3.104942E-21	0.000000	-0.096431	0.000000	-5.800241E-9	36.324387	0.000000	2.921331
0.591000	0.000000	2.374238	-0.048544	-3.515802E-23	0.000000	-0.105561	0.000000	2.146299E-8	36.100127	0.000000	0.208335
0.592000	0.000000	2.373668	-0.048544	8.305262E-22	0.000000	-0.122999	0.000000	1.488483E-9	32.998864	0.000000	-0.541979
0.593000	0.000000	2.374213	-0.048544	7.047976E-24	0.000000	-0.062217	0.000000	-5.743497E-9	33.100695	0.000000	-0.053845
0.594000	0.000000	2.376442	-0.048544	-2.224097E-22	0.000000	0.051054	-1.692413E-16	-3.813103E-10	38.064774	-8.059110E-15	0.145072
0.595000	0.000000	2.378632	-0.048544	-1.261376E-24	0.000000	0.118760	0.000000	1.536920E-9	41.593452	0.000000	0.013973
0.596000	0.000000	2.379085	-0.048544	6.053773E-23	0.000000	0.119075	0.000000	9.749508E-11	39.984553	0.000000	-0.038830
0.597000	0.000000	2.378642	-0.048544	1.796239E-25	0.000000	0.107197	0.000000	-4.112583E-10	36.230673	0.000000	-0.003623
0.598000	0.000000	2.378493	-0.048544	-2.013490E-23	0.000000	0.104437	0.000000	-2.487596E-11	32.761593	0.000000	0.010393
0.599000	0.000000	2.378641	-0.048544	0.000000	0.000000	0.098162	0.000000	1.100441E-10	30.390374	0.000000	0.000938
